1 0.455703 0.564391 0.414243
2 0.0604127 0.0798192 0.594958
3 0.0624187 0.0272604 0.30037
4 0.00520075 0.0573541 0.421722
5 0.00529592 0.0239886 0.239503
6 0.000329456 0.0366669 0.330824
7 0.000333535 0.0154904 0.20121
8 1.66177e-05 0.0253926 0.27413
9 1.67758e-05 0.0105132 0.174676
10 6.91769e-07 0.018662 0.234844
11 7.01408e-07 0.00754403 0.154889
12 2.50176e-08 0.0143869 0.216269
13 2.5185e-08 0.00566826 0.139764
14 7.85791e-10 0.0114545 0.184344
15 7.89331e-10 0.00440848 0.12756
16 2.19396e-11 0.00935962 0.166839
17 2.19896e-11 0.00352699 0.117612
18 5.49827e-13 0.00780632 0.152546
19 5.5005e-13 0.00288213 0.109118
20 1.42569e-14 0.00661151 0.140479
21 1.26188e-14 0.00239837 0.101845
22 2.09721e-15 0.00567431 0.130229
23 3.87246e-15 0.00203297 0.0958234
24 2.8777e-15 0.00494338 0.121668
25 1.96732e-15 0.00173434 0.0901954
26 4.47031e-15 0.00434187 0.114078
27 3.06477e-15 0.00150995 0.0857908
28 3.08531e-15 0.00384745 0.107418
29 3.90576e-15 0.00131886 0.0813777
30 3.75255e-15 0.00342543 0.101313
31 2.80775e-15 0.00116114 0.0773545
32 4.63907e-15 0.00307843 0.0960867
33 4.94882e-15 0.00103587 0.0741592
34 3.5294e-15 0.00278102 0.0912692
35 3.52718e-15 0.000926336 0.0710971
36 4.22107e-15 0.00253635 0.0872605
37 4.55302e-15 0.000832055 0.0681521
38 5.14921e-15 0.00230715 0.0830887
39 4.63296e-15 0.000751489 0.0654814
40 3.47666e-15 0.00213173 0.0800277
41 4.15445e-15 0.000686878 0.0634527
42 4.55747e-15 0.00196223 0.0767503
43 5.75484e-15 0.000629595 0.0613139
44 4.70901e-15 0.00180275 0.073386
45 5.47673e-15 0.000576623 0.0592584
46 5.15199e-15 0.00168381 0.0810676
47 4.29656e-15 0.000530043 0.0573797
48 5.63216e-15 0.00156759 0.0685688
49 5.05707e-15 0.000487817 0.0553278
50 5.40956e-15 0.00145962 0.0660758
