-1 2 2.15076 1.99847 2
-0.999 2 2.14965 1.99852 2
-0.998 1.99999 2.14855 1.99857 1.99999
-0.997 1.99999 2.14744 1.99862 1.99999
-0.996 1.99998 2.14634 1.99866 1.99998
-0.995 1.99997 2.14523 1.9987 1.99997
-0.994 1.99995 2.14412 1.99874 1.99995
-0.993 1.99993 2.14302 1.99877 1.99993
-0.992 1.99991 2.14191 1.9988 1.99991
-0.991 1.99989 2.14081 1.99882 1.99989
-0.99 1.99986 2.1397 1.99885 1.99986
-0.989 1.99983 2.1386 1.99887 1.99983
-0.988 1.9998 2.13749 1.99888 1.9998
-0.987 1.99977 2.13639 1.99889 1.99977
-0.986 1.99973 2.13528 1.9989 1.99973
-0.985 1.99969 2.13418 1.99891 1.99969
-0.984 1.99965 2.13307 1.99891 1.99965
-0.983 1.9996 2.13196 1.99891 1.9996
-0.982 1.99955 2.13086 1.99891 1.99955
-0.981 1.9995 2.12975 1.9989 1.9995
-0.98 1.99945 2.12865 1.99889 1.99945
-0.979 1.99939 2.12754 1.99888 1.99939
-0.978 1.99933 2.12644 1.99886 1.99933
-0.977 1.99927 2.12533 1.99884 1.99927
-0.976 1.9992 2.12423 1.99881 1.9992
-0.975 1.99913 2.12312 1.99879 1.99913
-0.974 1.99906 2.12201 1.99876 1.99906
-0.973 1.99899 2.12091 1.99872 1.99899
-0.972 1.99891 2.1198 1.99869 1.99891
-0.971 1.99883 2.1187 1.99865 1.99883
-0.97 1.99875 2.11759 1.9986 1.99875
-0.969 1.99867 2.11649 1.99856 1.99867
-0.968 1.99858 2.11538 1.99851 1.99858
-0.967 1.99849 2.11428 1.99845 1.99849
-0.966 1.9984 2.11317 1.9984 1.9984
-0.965 1.9983 2.11207 1.99834 1.9983
-0.964 1.9982 2.11096 1.99827 1.9982
-0.963 1.9981 2.10985 1.99821 1.9981
-0.962 1.998 2.10875 1.99814 1.998
-0.961 1.99789 2.10764 1.99806 1.99789
-0.96 1.99778 2.10654 1.99799 1.99778
-0.959 1.99767 2.10543 1.99791 1.99767
-0.958 1.99756 2.10433 1.99783 1.99756
-0.957 1.99744 2.10322 1.99774 1.99744
-0.956 1.99732 2.10212 1.99765 1.99732
-0.955 1.99719 2.10101 1.99756 1.99719
-0.954 1.99707 2.09991 1.99746 1.99707
-0.953 1.99694 2.0988 1.99737 1.99694
-0.952 1.99681 2.09769 1.99726 1.99681
-0.951 1.99667 2.09659 1.99716 1.99667
-0.95 1.99654 2.09548 1.99705 1.99654
-0.949 1.9964 2.09438 1.99694 1.9964
-0.948 1.99625 2.09327 1.99682 1.99625
-0.947 1.99611 2.09217 1.99671 1.99611
-0.946 1.99596 2.09106 1.99659 1.99596
-0.945 1.99581 2.08996 1.99646 1.99581
-0.944 1.99566 2.08885 1.99633 1.99566
-0.943 1.9955 2.08775 1.9962 1.9955
-0.942 1.99534 2.08664 1.99607 1.99534
-0.941 1.99518 2.08553 1.99593 1.99518
-0.94 1.99502 2.08443 1.99579 1.99502
-0.939 1.99485 2.08332 1.99565 1.99485
-0.938 1.99468 2.08222 1.9955 1.99468
-0.937 1.99451 2.08111 1.99535 1.99451
-0.936 1.99433 2.08001 1.9952 1.99433
-0.935 1.99415 2.0789 1.99505 1.99415
-0.934 1.99397 2.0778 1.99489 1.99397
-0.933 1.99379 2.07669 1.99472 1.99379
-0.932 1.9936 2.07558 1.99456 1.9936
-0.931 1.99341 2.07448 1.99439 1.99341
-0.93 1.99322 2.07337 1.99422 1.99322
-0.929 1.99302 2.07227 1.99404 1.99302
-0.928 1.99283 2.07116 1.99387 1.99283
-0.927 1.99263 2.07006 1.99369 1.99263
-0.926 1.99242 2.06895 1.9935 1.99242
-0.925 1.99222 2.06785 1.99331 1.99222
-0.924 1.99201 2.06674 1.99312 1.99201
-0.923 1.9918 2.06564 1.99293 1.9918
-0.922 1.99158 2.06453 1.99273 1.99158
-0.921 1.99137 2.06342 1.99254 1.99137
-0.92 1.99115 2.06232 1.99233 1.99115
-0.919 1.99093 2.06121 1.99213 1.99093
-0.918 1.9907 2.06011 1.99192 1.9907
-0.917 1.99047 2.059 1.99171 1.99047
-0.916 1.99024 2.0579 1.99149 1.99024
-0.915 1.99001 2.05679 1.99127 1.99001
-0.914 1.98977 2.05569 1.99105 1.98977
-0.913 1.98953 2.05458 1.99083 1.98953
-0.912 1.98929 2.05348 1.9906 1.98929
-0.911 1.98905 2.05237 1.99037 1.98905
-0.91 1.9888 2.05126 1.99014 1.9888
-0.909 1.98855 2.05016 1.9899 1.98855
-0.908 1.9883 2.04905 1.98966 1.9883
-0.907 1.98805 2.04795 1.98942 1.98805
-0.906 1.98779 2.04684 1.98917 1.98779
-0.905 1.98753 2.04574 1.98892 1.98753
-0.904 1.98726 2.04463 1.98867 1.98726
-0.903 1.987 2.04353 1.98842 1.987
-0.902 1.98673 2.04242 1.98816 1.98673
-0.901 1.98646 2.04131 1.9879 1.98646
-0.9 1.98618 2.04021 1.98763 1.98618
-0.899 1.98591 2.0391 1.98737 1.98591
-0.898 1.98563 2.038 1.9871 1.98563
-0.897 1.98535 2.03689 1.98682 1.98535
-0.896 1.98506 2.03579 1.98655 1.98506
-0.895 1.98477 2.03468 1.98627 1.98477
-0.894 1.98448 2.03358 1.98599 1.98448
-0.893 1.98419 2.03247 1.9857 1.98419
-0.892 1.9839 2.03137 1.98541 1.9839
-0.891 1.9836 2.03026 1.98512 1.9836
-0.89 1.9833 2.02915 1.98483 1.9833
-0.889 1.98299 2.02805 1.98453 1.98299
-0.888 1.98269 2.02694 1.98423 1.98269
-0.887 1.98238 2.02584 1.98393 1.98238
-0.886 1.98206 2.02473 1.98362 1.98206
-0.885 1.98175 2.02363 1.98331 1.98175
-0.884 1.98143 2.02252 1.983 1.98143
-0.883 1.98111 2.02142 1.98268 1.98111
-0.882 1.98079 2.02031 1.98237 1.98079
-0.881 1.98046 2.01921 1.98205 1.98046
-0.88 1.98014 2.0181 1.98172 1.98014
-0.879 1.97981 2.01699 1.9814 1.97981
-0.878 1.97947 2.01589 1.98107 1.97947
-0.877 1.97914 2.01478 1.98073 1.97914
-0.876 1.9788 2.01368 1.9804 1.9788
-0.875 1.97846 2.01257 1.98006 1.97846
-0.874 1.97811 2.01147 1.97972 1.97811
-0.873 1.97776 2.01036 1.97937 1.97776
-0.872 1.97742 2.00926 1.97903 1.97742
-0.871 1.97706 2.00815 1.97867 1.97706
-0.87 1.97671 2.00705 1.97832 1.97671
-0.869 1.97635 2.00594 1.97797 1.97635
-0.868 1.97599 2.00483 1.97761 1.97599
-0.867 1.97563 2.00373 1.97724 1.97563
-0.866 1.97526 2.00262 1.97688 1.97526
-0.865 1.97489 2.00152 1.97651 1.97489
-0.864 1.97452 2.00041 1.97614 1.97452
-0.863 1.97415 1.99931 1.97577 1.97415
-0.862 1.97377 1.9982 1.97539 1.97377
-0.861 1.97339 1.9971 1.97501 1.97339
-0.86 1.97301 1.99599 1.97463 1.97301
-0.859 1.97263 1.99488 1.97424 1.97263
-0.858 1.97224 1.99378 1.97386 1.97224
-0.857 1.97185 1.99267 1.97347 1.97185
-0.856 1.97146 1.99157 1.97307 1.97146
-0.855 1.97106 1.99046 1.97268 1.97106
-0.854 1.97067 1.98936 1.97228 1.97067
-0.853 1.97027 1.98825 1.97187 1.97027
-0.852 1.96986 1.98715 1.97147 1.96986
-0.851 1.96946 1.98604 1.97106 1.96946
-0.85 1.96905 1.98494 1.97065 1.96905
-0.849 1.96864 1.98383 1.97024 1.96864
-0.848 1.96823 1.98272 1.96982 1.96823
-0.847 1.96781 1.98162 1.9694 1.96781
-0.846 1.96739 1.98051 1.96898 1.96739
-0.845 1.96697 1.97941 1.96855 1.96697
-0.844 1.96655 1.9783 1.96812 1.96655
-0.843 1.96612 1.9772 1.96769 1.96612
-0.842 1.96569 1.97609 1.96726 1.96569
-0.841 1.96526 1.97499 1.96682 1.96526
-0.84 1.96482 1.97388 1.96638 1.96482
-0.839 1.96439 1.97278 1.96594 1.96439
-0.838 1.96395 1.97167 1.9655 1.96395
-0.837 1.9635 1.97056 1.96505 1.9635
-0.836 1.96306 1.96946 1.9646 1.96306
-0.835 1.96261 1.96835 1.96415 1.96261
-0.834 1.96216 1.96725 1.96369 1.96216
-0.833 1.96171 1.96614 1.96323 1.96171
-0.832 1.96125 1.96504 1.96277 1.96125
-0.831 1.9608 1.96393 1.96231 1.9608
-0.83 1.96033 1.96283 1.96184 1.96033
-0.829 1.95987 1.96172 1.96137 1.95987
-0.828 1.95941 1.96061 1.9609 1.95941
-0.827 1.95894 1.95951 1.96042 1.95894
-0.826 1.95847 1.9584 1.95994 1.95847
-0.825 1.95799 1.9573 1.95946 1.95799
-0.824 1.95752 1.95619 1.95898 1.95752
-0.823 1.95704 1.95509 1.95849 1.95704
-0.822 1.95656 1.95398 1.958 1.95656
-0.821 1.95607 1.95288 1.95751 1.95607
-0.82 1.95558 1.95177 1.95702 1.95558
-0.819 1.9551 1.95067 1.95652 1.9551
-0.818 1.9546 1.94956 1.95602 1.9546
-0.817 1.95411 1.94845 1.95552 1.95411
-0.816 1.95361 1.94735 1.95501 1.95361
-0.815 1.95311 1.94624 1.9545 1.95311
-0.814 1.95261 1.94514 1.95399 1.95261
-0.813 1.95211 1.94403 1.95348 1.95211
-0.812 1.9516 1.94293 1.95296 1.9516
-0.811 1.95109 1.94182 1.95244 1.95109
-0.81 1.95058 1.94072 1.95192 1.95058
-0.809 1.95006 1.93961 1.9514 1.95006
-0.808 1.94954 1.93851 1.95087 1.94954
-0.807 1.94902 1.9374 1.95034 1.94902
-0.806 1.9485 1.93629 1.94981 1.9485
-0.805 1.94797 1.93519 1.94927 1.94797
-0.804 1.94745 1.93408 1.94873 1.94745
-0.803 1.94692 1.93298 1.94819 1.94692
-0.802 1.94638 1.93187 1.94765 1.94638
-0.801 1.94585 1.93077 1.94711 1.94585
-0.8 1.94531 1.92966 1.94656 1.94531
-0.799 1.94477 1.92856 1.94601 1.94477
-0.798 1.94423 1.92745 1.94545 1.94423
-0.797 1.94368 1.92635 1.9449 1.94368
-0.796 1.94313 1.92524 1.94434 1.94313
-0.795 1.94258 1.92413 1.94377 1.94258
-0.794 1.94203 1.92303 1.94321 1.94203
-0.793 1.94147 1.92192 1.94264 1.94147
-0.792 1.94091 1.92082 1.94207 1.94091
-0.791 1.94035 1.91971 1.9415 1.94035
-0.79 1.93979 1.91861 1.94093 1.93979
-0.789 1.93922 1.9175 1.94035 1.93922
-0.788 1.93865 1.9164 1.93977 1.93865
-0.787 1.93808 1.91529 1.93919 1.93808
-0.786 1.93751 1.91418 1.9386 1.93751
-0.785 1.93693 1.91308 1.93801 1.93693
-0.784 1.93636 1.91197 1.93742 1.93636
-0.783 1.93577 1.91087 1.93683 1.93577
-0.782 1.93519 1.90976 1.93623 1.93519
-0.781 1.9346 1.90866 1.93563 1.9346
-0.78 1.93402 1.90755 1.93503 1.93402
-0.779 1.93343 1.90645 1.93443 1.93343
-0.778 1.93283 1.90534 1.93382 1.93283
-0.777 1.93224 1.90424 1.93322 1.93224
-0.776 1.93164 1.90313 1.9326 1.93164
-0.775 1.93104 1.90202 1.93199 1.93104
-0.774 1.93043 1.90092 1.93137 1.93043
-0.773 1.92983 1.89981 1.93076 1.92983
-0.772 1.92922 1.89871 1.93013 1.92922
-0.771 1.92861 1.8976 1.92951 1.92861
-0.77 1.92799 1.8965 1.92888 1.92799
-0.769 1.92738 1.89539 1.92825 1.92738
-0.768 1.92676 1.89429 1.92762 1.92676
-0.767 1.92614 1.89318 1.92699 1.92614
-0.766 1.92551 1.89208 1.92635 1.92551
-0.765 1.92489 1.89097 1.92571 1.92489
-0.764 1.92426 1.88986 1.92507 1.92426
-0.763 1.92363 1.88876 1.92443 1.92363
-0.762 1.923 1.88765 1.92378 1.923
-0.761 1.92236 1.88655 1.92313 1.92236
-0.76 1.92172 1.88544 1.92248 1.92172
-0.759 1.92108 1.88434 1.92183 1.92108
-0.758 1.92044 1.88323 1.92117 1.92044
-0.757 1.91979 1.88213 1.92051 1.91979
-0.756 1.91915 1.88102 1.91985 1.91915
-0.755 1.91849 1.87992 1.91918 1.91849
-0.754 1.91784 1.87881 1.91852 1.91784
-0.753 1.91719 1.8777 1.91785 1.91719
-0.752 1.91653 1.8766 1.91718 1.91653
-0.751 1.91587 1.87549 1.9165 1.91587
-0.75 1.91521 1.87439 1.91583 1.91521
-0.749 1.91454 1.87328 1.91515 1.91454
-0.748 1.91387 1.87218 1.91447 1.91387
-0.747 1.9132 1.87107 1.91378 1.9132
-0.746 1.91253 1.86997 1.91309 1.91253
-0.745 1.91186 1.86886 1.91241 1.91186
-0.744 1.91118 1.86775 1.91171 1.91118
-0.743 1.9105 1.86665 1.91102 1.9105
-0.742 1.90982 1.86554 1.91032 1.90982
-0.741 1.90913 1.86444 1.90963 1.90913
-0.74 1.90845 1.86333 1.90893 1.90845
-0.739 1.90776 1.86223 1.90822 1.90776
-0.738 1.90707 1.86112 1.90752 1.90707
-0.737 1.90637 1.86002 1.90681 1.90637
-0.736 1.90568 1.85891 1.9061 1.90568
-0.735 1.90498 1.85781 1.90538 1.90498
-0.734 1.90428 1.8567 1.90467 1.90428
-0.733 1.90357 1.85559 1.90395 1.90357
-0.732 1.90287 1.85449 1.90323 1.90287
-0.731 1.90216 1.85338 1.90251 1.90216
-0.73 1.90145 1.85228 1.90178 1.90145
-0.729 1.90074 1.85117 1.90106 1.90074
-0.728 1.90002 1.85007 1.90033 1.90002
-0.727 1.8993 1.84896 1.89959 1.8993
-0.726 1.89858 1.84786 1.89886 1.89858
-0.725 1.89786 1.84675 1.89812 1.89786
-0.724 1.89714 1.84565 1.89738 1.89714
-0.723 1.89641 1.84454 1.89664 1.89641
-0.722 1.89568 1.84343 1.8959 1.89568
-0.721 1.89495 1.84233 1.89515 1.89495
-0.72 1.89421 1.84122 1.8944 1.89421
-0.719 1.89348 1.84012 1.89365 1.89348
-0.718 1.89274 1.83901 1.8929 1.89274
-0.717 1.892 1.83791 1.89214 1.892
-0.716 1.89126 1.8368 1.89138 1.89126
-0.715 1.89051 1.8357 1.89062 1.89051
-0.714 1.88976 1.83459 1.88986 1.88976
-0.713 1.88901 1.83348 1.8891 1.88901
-0.712 1.88826 1.83238 1.88833 1.88826
-0.711 1.8875 1.83127 1.88756 1.8875
-0.71 1.88675 1.83017 1.88679 1.88675
-0.709 1.88599 1.82906 1.88601 1.88599
-0.708 1.88522 1.82796 1.88524 1.88522
-0.707 1.88446 1.82685 1.88446 1.88446
-0.706 1.88369 1.82575 1.88368 1.88369
-0.705 1.88292 1.82464 1.88289 1.88292
-0.704 1.88215 1.82354 1.88211 1.88215
-0.703 1.88138 1.82243 1.88132 1.88138
-0.702 1.8806 1.82132 1.88053 1.8806
-0.701 1.87983 1.82022 1.87974 1.87983
-0.7 1.87905 1.81911 1.87894 1.87905
-0.699 1.87826 1.81801 1.87815 1.87826
-0.698 1.87748 1.8169 1.87735 1.87748
-0.697 1.87669 1.8158 1.87655 1.87669
-0.696 1.8759 1.81469 1.87574 1.8759
-0.695 1.87511 1.81359 1.87494 1.87511
-0.694 1.87432 1.81248 1.87413 1.87432
-0.693 1.87352 1.81138 1.87332 1.87352
-0.692 1.87272 1.81027 1.8725 1.87272
-0.691 1.87192 1.80916 1.87169 1.87192
-0.69 1.87112 1.80806 1.87087 1.87112
-0.689 1.87031 1.80695 1.87005 1.87031
-0.688 1.8695 1.80585 1.86923 1.8695
-0.687 1.86869 1.80474 1.86841 1.86869
-0.686 1.86788 1.80364 1.86758 1.86788
-0.685 1.86707 1.80253 1.86675 1.86707
-0.684 1.86625 1.80143 1.86592 1.86625
-0.683 1.86543 1.80032 1.86509 1.86543
-0.682 1.86461 1.79922 1.86425 1.86461
-0.681 1.86379 1.79811 1.86342 1.86379
-0.68 1.86296 1.797 1.86258 1.86296
-0.679 1.86214 1.7959 1.86174 1.86214
-0.678 1.86131 1.79479 1.86089 1.86131
-0.677 1.86047 1.79369 1.86005 1.86047
-0.676 1.85964 1.79258 1.8592 1.85964
-0.675 1.8588 1.79148 1.85835 1.8588
-0.674 1.85797 1.79037 1.8575 1.85797
-0.673 1.85713 1.78927 1.85664 1.85713
-0.672 1.85628 1.78816 1.85579 1.85628
-0.671 1.85544 1.78705 1.85493 1.85544
-0.67 1.85459 1.78595 1.85407 1.85459
-0.669 1.85374 1.78484 1.8532 1.85374
-0.668 1.85289 1.78374 1.85234 1.85289
-0.667 1.85203 1.78263 1.85147 1.85203
-0.666 1.85118 1.78153 1.8506 1.85118
-0.665 1.85032 1.78042 1.84973 1.85032
-0.664 1.84946 1.77932 1.84886 1.84946
-0.663 1.8486 1.77821 1.84798 1.8486
-0.662 1.84773 1.77711 1.8471 1.84773
-0.661 1.84687 1.776 1.84622 1.84687
-0.66 1.846 1.77489 1.84534 1.846
-0.659 1.84513 1.77379 1.84446 1.84513
-0.658 1.84425 1.77268 1.84357 1.84425
-0.657 1.84338 1.77158 1.84268 1.84338
-0.656 1.8425 1.77047 1.84179 1.8425
-0.655 1.84162 1.76937 1.8409 1.84162
-0.654 1.84074 1.76826 1.84001 1.84074
-0.653 1.83985 1.76716 1.83911 1.83985
-0.652 1.83897 1.76605 1.83821 1.83897
-0.651 1.83808 1.76495 1.83731 1.83808
-0.65 1.83719 1.76384 1.83641 1.83719
-0.649 1.8363 1.76273 1.8355 1.8363
-0.648 1.8354 1.76163 1.83459 1.8354
-0.647 1.83451 1.76052 1.83369 1.83451
-0.646 1.83361 1.75942 1.83277 1.83361
-0.645 1.83271 1.75831 1.83186 1.83271
-0.644 1.8318 1.75721 1.83095 1.8318
-0.643 1.8309 1.7561 1.83003 1.8309
-0.642 1.82999 1.755 1.82911 1.82999
-0.641 1.82908 1.75389 1.82819 1.82908
-0.64 1.82817 1.75278 1.82727 1.82817
-0.639 1.82726 1.75168 1.82634 1.82726
-0.638 1.82634 1.75057 1.82541 1.82634
-0.637 1.82542 1.74947 1.82448 1.82542
-0.636 1.8245 1.74836 1.82355 1.8245
-0.635 1.82358 1.74726 1.82262 1.82358
-0.634 1.82266 1.74615 1.82168 1.82266
-0.633 1.82173 1.74505 1.82075 1.82173
-0.632 1.8208 1.74394 1.81981 1.8208
-0.631 1.81987 1.74284 1.81887 1.81987
-0.63 1.81894 1.74173 1.81792 1.81894
-0.629 1.81801 1.74062 1.81698 1.81801
-0.628 1.81707 1.73952 1.81603 1.81707
-0.627 1.81613 1.73841 1.81508 1.81613
-0.626 1.81519 1.73731 1.81413 1.81519
-0.625 1.81425 1.7362 1.81318 1.81425
-0.624 1.81331 1.7351 1.81222 1.81331
-0.623 1.81236 1.73399 1.81126 1.81236
-0.622 1.81141 1.73289 1.81031 1.81141
-0.621 1.81046 1.73178 1.80935 1.81046
-0.62 1.80951 1.73068 1.80838 1.80951
-0.619 1.80856 1.72957 1.80742 1.80856
-0.618 1.8076 1.72846 1.80645 1.8076
-0.617 1.80664 1.72736 1.80548 1.80664
-0.616 1.80568 1.72625 1.80451 1.80568
-0.615 1.80472 1.72515 1.80354 1.80472
-0.614 1.80376 1.72404 1.80256 1.80376
-0.613 1.80279 1.72294 1.80159 1.80279
-0.612 1.80182 1.72183 1.80061 1.80182
-0.611 1.80085 1.72073 1.79963 1.80085
-0.61 1.79988 1.71962 1.79865 1.79988
-0.609 1.7989 1.71852 1.79766 1.7989
-0.608 1.79793 1.71741 1.79668 1.79793
-0.607 1.79695 1.7163 1.79569 1.79695
-0.606 1.79597 1.7152 1.7947 1.79597
-0.605 1.79499 1.71409 1.79371 1.79499
-0.604 1.79401 1.71299 1.79272 1.79401
-0.603 1.79302 1.71188 1.79172 1.79302
-0.602 1.79203 1.71078 1.79072 1.79203
-0.601 1.79104 1.70967 1.78973 1.79104
-0.6 1.79005 1.70857 1.78872 1.79005
-0.599 1.78906 1.70746 1.78772 1.78906
-0.598 1.78806 1.70635 1.78672 1.78806
-0.597 1.78706 1.70525 1.78571 1.78706
-0.596 1.78606 1.70414 1.7847 1.78606
-0.595 1.78506 1.70304 1.78369 1.78506
-0.594 1.78406 1.70193 1.78268 1.78406
-0.593 1.78305 1.70083 1.78167 1.78305
-0.592 1.78205 1.69972 1.78065 1.78205
-0.591 1.78104 1.69862 1.77964 1.78104
-0.59 1.78003 1.69751 1.77862 1.78003
-0.589 1.77902 1.69641 1.7776 1.77902
-0.588 1.778 1.6953 1.77657 1.778
-0.587 1.77698 1.69419 1.77555 1.77698
-0.586 1.77597 1.69309 1.77452 1.77597
-0.585 1.77495 1.69198 1.77349 1.77495
-0.584 1.77392 1.69088 1.77246 1.77392
-0.583 1.7729 1.68977 1.77143 1.7729
-0.582 1.77187 1.68867 1.7704 1.77187
-0.581 1.77085 1.68756 1.76936 1.77085
-0.58 1.76982 1.68646 1.76833 1.76982
-0.579 1.76879 1.68535 1.76729 1.76879
-0.578 1.76775 1.68425 1.76625 1.76775
-0.577 1.76672 1.68314 1.76521 1.76672
-0.576 1.76568 1.68203 1.76416 1.76568
-0.575 1.76464 1.68093 1.76312 1.76464
-0.574 1.7636 1.67982 1.76207 1.7636
-0.573 1.76256 1.67872 1.76102 1.76256
-0.572 1.76151 1.67761 1.75997 1.76151
-0.571 1.76047 1.67651 1.75891 1.76047
-0.57 1.75942 1.6754 1.75786 1.75942
-0.569 1.75837 1.6743 1.7568 1.75837
-0.568 1.75732 1.67319 1.75575 1.75732
-0.567 1.75627 1.67208 1.75469 1.75627
-0.566 1.75521 1.67098 1.75362 1.75521
-0.565 1.75415 1.66987 1.75256 1.75415
-0.564 1.75309 1.66877 1.7515 1.75309
-0.563 1.75203 1.66766 1.75043 1.75203
-0.562 1.75097 1.66656 1.74936 1.75097
-0.561 1.74991 1.66545 1.74829 1.74991
-0.56 1.74884 1.66435 1.74722 1.74884
-0.559 1.74777 1.66324 1.74615 1.74777
-0.558 1.74671 1.66214 1.74507 1.74671
-0.557 1.74563 1.66103 1.744 1.74563
-0.556 1.74456 1.65992 1.74292 1.74456
-0.555 1.74349 1.65882 1.74184 1.74349
-0.554 1.74241 1.65771 1.74076 1.74241
-0.553 1.74133 1.65661 1.73967 1.74133
-0.552 1.74025 1.6555 1.73859 1.74025
-0.551 1.73917 1.6544 1.7375 1.73917
-0.55 1.73809 1.65329 1.73641 1.73809
-0.549 1.737 1.65219 1.73532 1.737
-0.548 1.73591 1.65108 1.73423 1.73591
-0.547 1.73483 1.64998 1.73314 1.73483
-0.546 1.73374 1.64887 1.73204 1.73374
-0.545 1.73264 1.64776 1.73095 1.73264
-0.544 1.73155 1.64666 1.72985 1.73155
-0.543 1.73045 1.64555 1.72875 1.73045
-0.542 1.72936 1.64445 1.72765 1.72936
-0.541 1.72826 1.64334 1.72654 1.72826
-0.54 1.72716 1.64224 1.72544 1.72716
-0.539 1.72606 1.64113 1.72433 1.72606
-0.538 1.72495 1.64003 1.72323 1.72495
-0.537 1.72385 1.63892 1.72212 1.72385
-0.536 1.72274 1.63782 1.72101 1.72274
-0.535 1.72163 1.63671 1.71989 1.72163
-0.534 1.72052 1.6356 1.71878 1.72052
-0.533 1.71941 1.6345 1.71766 1.71941
-0.532 1.71829 1.63339 1.71655 1.71829
-0.531 1.71718 1.63229 1.71543 1.71718
-0.53 1.71606 1.63118 1.71431 1.71606
-0.529 1.71494 1.63008 1.71319 1.71494
-0.528 1.71382 1.62897 1.71206 1.71382
-0.527 1.7127 1.62787 1.71094 1.7127
-0.526 1.71157 1.62676 1.70981 1.71157
-0.525 1.71045 1.62565 1.70868 1.71045
-0.524 1.70932 1.62455 1.70755 1.70932
-0.523 1.70819 1.62344 1.70642 1.70819
-0.522 1.70706 1.62234 1.70529 1.70706
-0.521 1.70593 1.62123 1.70415 1.70593
-0.52 1.7048 1.62013 1.70302 1.7048
-0.519 1.70366 1.61902 1.70188 1.70366
-0.518 1.70253 1.61792 1.70074 1.70253
-0.517 1.70139 1.61681 1.6996 1.70139
-0.516 1.70025 1.61571 1.69846 1.70025
-0.515 1.6991 1.6146 1.69732 1.6991
-0.514 1.69796 1.61349 1.69617 1.69796
-0.513 1.69682 1.61239 1.69503 1.69682
-0.512 1.69567 1.61128 1.69388 1.69567
-0.511 1.69452 1.61018 1.69273 1.69452
-0.51 1.69337 1.60907 1.69158 1.69337
-0.509 1.69222 1.60797 1.69043 1.69222
-0.508 1.69107 1.60686 1.68927 1.69107
-0.507 1.68992 1.60576 1.68812 1.68992
-0.506 1.68876 1.60465 1.68696 1.68876
-0.505 1.6876 1.60355 1.6858 1.6876
-0.504 1.68644 1.60244 1.68464 1.68644
-0.503 1.68528 1.60133 1.68348 1.68528
-0.502 1.68412 1.60023 1.68232 1.68412
-0.501 1.68296 1.59912 1.68115 1.68296
-0.5 1.68179 1.59802 1.67999 1.68179
-0.499 1.68063 1.59691 1.67882 1.68063
-0.498 1.67946 1.59581 1.67765 1.67946
-0.497 1.67829 1.5947 1.67648 1.67829
-0.496 1.67712 1.5936 1.67531 1.67712
-0.495 1.67595 1.59249 1.67414 1.67595
-0.494 1.67477 1.59139 1.67297 1.67477
-0.493 1.6736 1.59028 1.67179 1.6736
-0.492 1.67242 1.58917 1.67061 1.67242
-0.491 1.67124 1.58807 1.66944 1.67124
-0.49 1.67006 1.58696 1.66826 1.67006
-0.489 1.66888 1.58586 1.66708 1.66888
-0.488 1.6677 1.58475 1.66589 1.6677
-0.487 1.66651 1.58365 1.66471 1.66651
-0.486 1.66533 1.58254 1.66352 1.66533
-0.485 1.66414 1.58144 1.66234 1.66414
-0.484 1.66295 1.58033 1.66115 1.66295
-0.483 1.66176 1.57922 1.65996 1.66176
-0.482 1.66057 1.57812 1.65877 1.66057
-0.481 1.65937 1.57701 1.65758 1.65937
-0.48 1.65818 1.57591 1.65638 1.65818
-0.479 1.65698 1.5748 1.65519 1.65698
-0.478 1.65579 1.5737 1.65399 1.65579
-0.477 1.65459 1.57259 1.6528 1.65459
-0.476 1.65339 1.57149 1.6516 1.65339
-0.475 1.65218 1.57038 1.6504 1.65218
-0.474 1.65098 1.56928 1.6492 1.65098
-0.473 1.64978 1.56817 1.64799 1.64978
-0.472 1.64857 1.56706 1.64679 1.64857
-0.471 1.64736 1.56596 1.64558 1.64736
-0.47 1.64615 1.56485 1.64438 1.64615
-0.469 1.64494 1.56375 1.64317 1.64494
-0.468 1.64373 1.56264 1.64196 1.64373
-0.467 1.64252 1.56154 1.64075 1.64252
-0.466 1.64131 1.56043 1.63954 1.64131
-0.465 1.64009 1.55933 1.63832 1.64009
-0.464 1.63887 1.55822 1.63711 1.63887
-0.463 1.63765 1.55712 1.63589 1.63765
-0.462 1.63643 1.55601 1.63468 1.63643
-0.461 1.63521 1.5549 1.63346 1.63521
-0.46 1.63399 1.5538 1.63224 1.63399
-0.459 1.63277 1.55269 1.63102 1.63277
-0.458 1.63154 1.55159 1.6298 1.63154
-0.457 1.63032 1.55048 1.62857 1.63032
-0.456 1.62909 1.54938 1.62735 1.62909
-0.455 1.62786 1.54827 1.62612 1.62786
-0.454 1.62663 1.54717 1.6249 1.62663
-0.453 1.6254 1.54606 1.62367 1.6254
-0.452 1.62416 1.54495 1.62244 1.62416
-0.451 1.62293 1.54385 1.62121 1.62293
-0.45 1.62169 1.54274 1.61997 1.62169
-0.449 1.62046 1.54164 1.61874 1.62046
-0.448 1.61922 1.54053 1.61751 1.61922
-0.447 1.61798 1.53943 1.61627 1.61798
-0.446 1.61674 1.53832 1.61503 1.61674
-0.445 1.61549 1.53722 1.6138 1.61549
-0.444 1.61425 1.53611 1.61256 1.61425
-0.443 1.61301 1.53501 1.61132 1.61301
-0.442 1.61176 1.5339 1.61007 1.61176
-0.441 1.61051 1.53279 1.60883 1.61051
-0.44 1.60926 1.53169 1.60759 1.60926
-0.439 1.60801 1.53058 1.60634 1.60801
-0.438 1.60676 1.52948 1.60509 1.60676
-0.437 1.60551 1.52837 1.60385 1.60551
-0.436 1.60426 1.52727 1.6026 1.60426
-0.435 1.603 1.52616 1.60135 1.603
-0.434 1.60174 1.52506 1.6001 1.60174
-0.433 1.60049 1.52395 1.59884 1.60049
-0.432 1.59923 1.52285 1.59759 1.59923
-0.431 1.59797 1.52174 1.59634 1.59797
-0.43 1.59671 1.52063 1.59508 1.59671
-0.429 1.59545 1.51953 1.59382 1.59545
-0.428 1.59418 1.51842 1.59256 1.59418
-0.427 1.59292 1.51732 1.59131 1.59292
-0.426 1.59165 1.51621 1.59005 1.59165
-0.425 1.59038 1.51511 1.58878 1.59038
-0.424 1.58912 1.514 1.58752 1.58912
-0.423 1.58785 1.5129 1.58626 1.58785
-0.422 1.58658 1.51179 1.58499 1.58658
-0.421 1.5853 1.51069 1.58373 1.5853
-0.42 1.58403 1.50958 1.58246 1.58403
-0.419 1.58276 1.50847 1.58119 1.58276
-0.418 1.58148 1.50737 1.57992 1.58148
-0.417 1.5802 1.50626 1.57865 1.5802
-0.416 1.57893 1.50516 1.57738 1.57893
-0.415 1.57765 1.50405 1.57611 1.57765
-0.414 1.57637 1.50295 1.57483 1.57637
-0.413 1.57509 1.50184 1.57356 1.57509
-0.412 1.5738 1.50074 1.57228 1.5738
-0.411 1.57252 1.49963 1.57101 1.57252
-0.41 1.57124 1.49852 1.56973 1.57124
-0.409 1.56995 1.49742 1.56845 1.56995
-0.408 1.56866 1.49631 1.56717 1.56866
-0.407 1.56738 1.49521 1.56589 1.56738
-0.406 1.56609 1.4941 1.56461 1.56609
-0.405 1.5648 1.493 1.56332 1.5648
-0.404 1.56351 1.49189 1.56204 1.56351
-0.403 1.56221 1.49079 1.56075 1.56221
-0.402 1.56092 1.48968 1.55947 1.56092
-0.401 1.55962 1.48858 1.55818 1.55962
-0.4 1.55833 1.48747 1.55689 1.55833
-0.399 1.55703 1.48636 1.5556 1.55703
-0.398 1.55573 1.48526 1.55431 1.55573
-0.397 1.55444 1.48415 1.55302 1.55444
-0.396 1.55314 1.48305 1.55173 1.55314
-0.395 1.55183 1.48194 1.55043 1.55183
-0.394 1.55053 1.48084 1.54914 1.55053
-0.393 1.54923 1.47973 1.54784 1.54923
-0.392 1.54793 1.47863 1.54655 1.54793
-0.391 1.54662 1.47752 1.54525 1.54662
-0.39 1.54531 1.47642 1.54395 1.54531
-0.389 1.54401 1.47531 1.54265 1.54401
-0.388 1.5427 1.4742 1.54135 1.5427
-0.387 1.54139 1.4731 1.54005 1.54139
-0.386 1.54008 1.47199 1.53875 1.54008
-0.385 1.53877 1.47089 1.53744 1.53877
-0.384 1.53745 1.46978 1.53614 1.53745
-0.383 1.53614 1.46868 1.53483 1.53614
-0.382 1.53483 1.46757 1.53353 1.53483
-0.381 1.53351 1.46647 1.53222 1.53351
-0.38 1.5322 1.46536 1.53091 1.5322
-0.379 1.53088 1.46425 1.5296 1.53088
-0.378 1.52956 1.46315 1.52829 1.52956
-0.377 1.52824 1.46204 1.52698 1.52824
-0.376 1.52692 1.46094 1.52567 1.52692
-0.375 1.5256 1.45983 1.52436 1.5256
-0.374 1.52428 1.45873 1.52305 1.52428
-0.373 1.52295 1.45762 1.52173 1.52295
-0.372 1.52163 1.45652 1.52042 1.52163
-0.371 1.5203 1.45541 1.5191 1.5203
-0.37 1.51898 1.45431 1.51778 1.51898
-0.369 1.51765 1.4532 1.51646 1.51765
-0.368 1.51632 1.45209 1.51514 1.51632
-0.367 1.51499 1.45099 1.51382 1.51499
-0.366 1.51366 1.44988 1.5125 1.51366
-0.365 1.51233 1.44878 1.51118 1.51233
-0.364 1.511 1.44767 1.50986 1.511
-0.363 1.50967 1.44657 1.50854 1.50967
-0.362 1.50833 1.44546 1.50721 1.50833
-0.361 1.507 1.44436 1.50589 1.507
-0.36 1.50566 1.44325 1.50456 1.50566
-0.359 1.50433 1.44215 1.50323 1.50433
-0.358 1.50299 1.44104 1.50191 1.50299
-0.357 1.50165 1.43993 1.50058 1.50165
-0.356 1.50031 1.43883 1.49925 1.50031
-0.355 1.49897 1.43772 1.49792 1.49897
-0.354 1.49763 1.43662 1.49659 1.49763
-0.353 1.49629 1.43551 1.49525 1.49629
-0.352 1.49495 1.43441 1.49392 1.49495
-0.351 1.49361 1.4333 1.49259 1.49361
-0.35 1.49226 1.4322 1.49125 1.49226
-0.349 1.49092 1.43109 1.48992 1.49092
-0.348 1.48957 1.42999 1.48858 1.48957
-0.347 1.48822 1.42888 1.48725 1.48822
-0.346 1.48688 1.42777 1.48591 1.48688
-0.345 1.48553 1.42667 1.48457 1.48553
-0.344 1.48418 1.42556 1.48323 1.48418
-0.343 1.48283 1.42446 1.48189 1.48283
-0.342 1.48148 1.42335 1.48055 1.48148
-0.341 1.48012 1.42225 1.47921 1.48012
-0.34 1.47877 1.42114 1.47786 1.47877
-0.339 1.47742 1.42004 1.47652 1.47742
-0.338 1.47606 1.41893 1.47518 1.47606
-0.337 1.47471 1.41782 1.47383 1.47471
-0.336 1.47335 1.41672 1.47249 1.47335
-0.335 1.472 1.41561 1.47114 1.472
-0.334 1.47064 1.41451 1.46979 1.47064
-0.333 1.46928 1.4134 1.46845 1.46928
-0.332 1.46792 1.4123 1.4671 1.46792
-0.331 1.46656 1.41119 1.46575 1.46656
-0.33 1.4652 1.41009 1.4644 1.4652
-0.329 1.46384 1.40898 1.46305 1.46384
-0.328 1.46248 1.40788 1.4617 1.46248
-0.327 1.46112 1.40677 1.46034 1.46112
-0.326 1.45975 1.40566 1.45899 1.45975
-0.325 1.45839 1.40456 1.45764 1.45839
-0.324 1.45702 1.40345 1.45628 1.45702
-0.323 1.45566 1.40235 1.45493 1.45566
-0.322 1.45429 1.40124 1.45357 1.45429
-0.321 1.45292 1.40014 1.45222 1.45292
-0.32 1.45156 1.39903 1.45086 1.45156
-0.319 1.45019 1.39793 1.4495 1.45019
-0.318 1.44882 1.39682 1.44814 1.44882
-0.317 1.44745 1.39572 1.44678 1.44745
-0.316 1.44608 1.39461 1.44542 1.44608
-0.315 1.44471 1.3935 1.44406 1.44471
-0.314 1.44333 1.3924 1.4427 1.44333
-0.313 1.44196 1.39129 1.44134 1.44196
-0.312 1.44059 1.39019 1.43998 1.44059
-0.311 1.43921 1.38908 1.43861 1.43921
-0.31 1.43784 1.38798 1.43725 1.43784
-0.309 1.43646 1.38687 1.43589 1.43646
-0.308 1.43508 1.38577 1.43452 1.43508
-0.307 1.43371 1.38466 1.43315 1.43371
-0.306 1.43233 1.38356 1.43179 1.43233
-0.305 1.43095 1.38245 1.43042 1.43095
-0.304 1.42957 1.38134 1.42905 1.42957
-0.303 1.42819 1.38024 1.42768 1.42819
-0.302 1.42681 1.37913 1.42631 1.42681
-0.301 1.42543 1.37803 1.42495 1.42543
-0.3 1.42405 1.37692 1.42357 1.42405
-0.299 1.42267 1.37582 1.4222 1.42267
-0.298 1.42129 1.37471 1.42083 1.42129
-0.297 1.4199 1.37361 1.41946 1.4199
-0.296 1.41852 1.3725 1.41809 1.41852
-0.295 1.41713 1.37139 1.41671 1.41713
-0.294 1.41575 1.37029 1.41534 1.41575
-0.293 1.41436 1.36918 1.41397 1.41436
-0.292 1.41298 1.36808 1.41259 1.41298
-0.291 1.41159 1.36697 1.41122 1.41159
-0.29 1.4102 1.36587 1.40984 1.4102
-0.289 1.40881 1.36476 1.40846 1.40881
-0.288 1.40742 1.36366 1.40708 1.40742
-0.287 1.40603 1.36255 1.40571 1.40603
-0.286 1.40464 1.36145 1.40433 1.40464
-0.285 1.40325 1.36034 1.40295 1.40325
-0.284 1.40186 1.35923 1.40157 1.40186
-0.283 1.40047 1.35813 1.40019 1.40047
-0.282 1.39908 1.35702 1.39881 1.39908
-0.281 1.39768 1.35592 1.39743 1.39768
-0.28 1.39629 1.35481 1.39605 1.39629
-0.279 1.3949 1.35371 1.39466 1.3949
-0.278 1.3935 1.3526 1.39328 1.3935
-0.277 1.39211 1.3515 1.3919 1.39211
-0.276 1.39071 1.35039 1.39051 1.39071
-0.275 1.38932 1.34929 1.38913 1.38932
-0.274 1.38792 1.34818 1.38774 1.38792
-0.273 1.38652 1.34707 1.38636 1.38652
-0.272 1.38512 1.34597 1.38497 1.38512
-0.271 1.38373 1.34486 1.38358 1.38373
-0.27 1.38233 1.34376 1.3822 1.38233
-0.269 1.38093 1.34265 1.38081 1.38093
-0.268 1.37953 1.34155 1.37942 1.37953
-0.267 1.37813 1.34044 1.37803 1.37813
-0.266 1.37673 1.33934 1.37664 1.37673
-0.265 1.37533 1.33823 1.37526 1.37533
-0.264 1.37393 1.33712 1.37387 1.37393
-0.263 1.37252 1.33602 1.37247 1.37252
-0.262 1.37112 1.33491 1.37108 1.37112
-0.261 1.36972 1.33381 1.36969 1.36972
-0.26 1.36831 1.3327 1.3683 1.36831
-0.259 1.36691 1.3316 1.36691 1.36691
-0.258 1.36551 1.33049 1.36552 1.36551
-0.257 1.3641 1.32939 1.36412 1.3641
-0.256 1.3627 1.32828 1.36273 1.3627
-0.255 1.36129 1.32718 1.36134 1.36129
-0.254 1.35988 1.32607 1.35994 1.35988
-0.253 1.35848 1.32496 1.35855 1.35848
-0.252 1.35707 1.32386 1.35715 1.35707
-0.251 1.35566 1.32275 1.35575 1.35566
-0.25 1.35426 1.32165 1.35436 1.35426
-0.249 1.35285 1.32054 1.35296 1.35285
-0.248 1.35144 1.31944 1.35156 1.35144
-0.247 1.35003 1.31833 1.35017 1.35003
-0.246 1.34862 1.31723 1.34877 1.34862
-0.245 1.34721 1.31612 1.34737 1.34721
-0.244 1.3458 1.31502 1.34597 1.3458
-0.243 1.34439 1.31391 1.34457 1.34439
-0.242 1.34298 1.3128 1.34317 1.34298
-0.241 1.34157 1.3117 1.34177 1.34157
-0.24 1.34016 1.31059 1.34037 1.34016
-0.239 1.33874 1.30949 1.33897 1.33874
-0.238 1.33733 1.30838 1.33757 1.33733
-0.237 1.33592 1.30728 1.33617 1.33592
-0.236 1.3345 1.30617 1.33477 1.3345
-0.235 1.33309 1.30507 1.33337 1.33309
-0.234 1.33168 1.30396 1.33196 1.33168
-0.233 1.33026 1.30286 1.33056 1.33026
-0.232 1.32885 1.30175 1.32916 1.32885
-0.231 1.32743 1.30064 1.32776 1.32743
-0.23 1.32602 1.29954 1.32635 1.32602
-0.229 1.3246 1.29843 1.32495 1.3246
-0.228 1.32319 1.29733 1.32354 1.32319
-0.227 1.32177 1.29622 1.32214 1.32177
-0.226 1.32035 1.29512 1.32073 1.32035
-0.225 1.31894 1.29401 1.31933 1.31894
-0.224 1.31752 1.29291 1.31792 1.31752
-0.223 1.3161 1.2918 1.31652 1.3161
-0.222 1.31468 1.29069 1.31511 1.31468
-0.221 1.31327 1.28959 1.3137 1.31327
-0.22 1.31185 1.28848 1.3123 1.31185
-0.219 1.31043 1.28738 1.31089 1.31043
-0.218 1.30901 1.28627 1.30948 1.30901
-0.217 1.30759 1.28517 1.30807 1.30759
-0.216 1.30617 1.28406 1.30666 1.30617
-0.215 1.30475 1.28296 1.30526 1.30475
-0.214 1.30333 1.28185 1.30385 1.30333
-0.213 1.30191 1.28075 1.30244 1.30191
-0.212 1.30049 1.27964 1.30103 1.30049
-0.211 1.29907 1.27853 1.29962 1.29907
-0.21 1.29765 1.27743 1.29821 1.29765
-0.209 1.29623 1.27632 1.2968 1.29623
-0.208 1.29481 1.27522 1.29539 1.29481
-0.207 1.29338 1.27411 1.29398 1.29338
-0.206 1.29196 1.27301 1.29257 1.29196
-0.205 1.29054 1.2719 1.29116 1.29054
-0.204 1.28912 1.2708 1.28974 1.28912
-0.203 1.2877 1.26969 1.28833 1.2877
-0.202 1.28627 1.26859 1.28692 1.28627
-0.201 1.28485 1.26748 1.28551 1.28485
-0.2 1.28343 1.26637 1.2841 1.28343
-0.199 1.282 1.26527 1.28268 1.282
-0.198 1.28058 1.26416 1.28127 1.28058
-0.197 1.27915 1.26306 1.27986 1.27915
-0.196 1.27773 1.26195 1.27844 1.27773
-0.195 1.27631 1.26085 1.27703 1.27631
-0.194 1.27488 1.25974 1.27562 1.27488
-0.193 1.27346 1.25864 1.2742 1.27346
-0.192 1.27203 1.25753 1.27279 1.27203
-0.191 1.27061 1.25642 1.27137 1.27061
-0.19 1.26918 1.25532 1.26996 1.26918
-0.189 1.26776 1.25421 1.26855 1.26776
-0.188 1.26633 1.25311 1.26713 1.26633
-0.187 1.26491 1.252 1.26572 1.26491
-0.186 1.26348 1.2509 1.2643 1.26348
-0.185 1.26206 1.24979 1.26288 1.26206
-0.184 1.26063 1.24869 1.26147 1.26063
-0.183 1.2592 1.24758 1.26005 1.2592
-0.182 1.25778 1.24648 1.25864 1.25778
-0.181 1.25635 1.24537 1.25722 1.25635
-0.18 1.25492 1.24426 1.25581 1.25492
-0.179 1.2535 1.24316 1.25439 1.2535
-0.178 1.25207 1.24205 1.25297 1.25207
-0.177 1.25064 1.24095 1.25156 1.25064
-0.176 1.24922 1.23984 1.25014 1.24922
-0.175 1.24779 1.23874 1.24872 1.24779
-0.174 1.24636 1.23763 1.24731 1.24636
-0.173 1.24494 1.23653 1.24589 1.24494
-0.172 1.24351 1.23542 1.24447 1.24351
-0.171 1.24208 1.23432 1.24305 1.24208
-0.17 1.24065 1.23321 1.24164 1.24065
-0.169 1.23923 1.2321 1.24022 1.23923
-0.168 1.2378 1.231 1.2388 1.2378
-0.167 1.23637 1.22989 1.23738 1.23637
-0.166 1.23494 1.22879 1.23596 1.23494
-0.165 1.23351 1.22768 1.23455 1.23351
-0.164 1.23209 1.22658 1.23313 1.23209
-0.163 1.23066 1.22547 1.23171 1.23066
-0.162 1.22923 1.22437 1.23029 1.22923
-0.161 1.2278 1.22326 1.22887 1.2278
-0.16 1.22637 1.22216 1.22745 1.22637
-0.159 1.22495 1.22105 1.22604 1.22495
-0.158 1.22352 1.21994 1.22462 1.22352
-0.157 1.22209 1.21884 1.2232 1.22209
-0.156 1.22066 1.21773 1.22178 1.22066
-0.155 1.21923 1.21663 1.22036 1.21923
-0.154 1.21781 1.21552 1.21894 1.21781
-0.153 1.21638 1.21442 1.21752 1.21638
-0.152 1.21495 1.21331 1.2161 1.21495
-0.151 1.21352 1.21221 1.21468 1.21352
-0.15 1.21209 1.2111 1.21327 1.21209
-0.149 1.21066 1.20999 1.21185 1.21066
-0.148 1.20924 1.20889 1.21043 1.20924
-0.147 1.20781 1.20778 1.20901 1.20781
-0.146 1.20638 1.20668 1.20759 1.20638
-0.145 1.20495 1.20557 1.20617 1.20495
-0.144 1.20352 1.20447 1.20475 1.20352
-0.143 1.2021 1.20336 1.20333 1.2021
-0.142 1.20067 1.20226 1.20191 1.20067
-0.141 1.19924 1.20115 1.20049 1.19924
-0.14 1.19781 1.20005 1.19907 1.19781
-0.139 1.19638 1.19894 1.19765 1.19638
-0.138 1.19495 1.19783 1.19623 1.19495
-0.137 1.19353 1.19673 1.19481 1.19353
-0.136 1.1921 1.19562 1.1934 1.1921
-0.135 1.19067 1.19452 1.19198 1.19067
-0.134 1.18924 1.19341 1.19056 1.18924
-0.133 1.18782 1.19231 1.18914 1.18782
-0.132 1.18639 1.1912 1.18772 1.18639
-0.131 1.18496 1.1901 1.1863 1.18496
-0.13 1.18353 1.18899 1.18488 1.18353
-0.129 1.18211 1.18789 1.18346 1.18211
-0.128 1.18068 1.18678 1.18204 1.18068
-0.127 1.17925 1.18567 1.18062 1.17925
-0.126 1.17782 1.18457 1.1792 1.17782
-0.125 1.1764 1.18346 1.17778 1.1764
-0.124 1.17497 1.18236 1.17636 1.17497
-0.123 1.17354 1.18125 1.17495 1.17354
-0.122 1.17212 1.18015 1.17353 1.17212
-0.121 1.17069 1.17904 1.17211 1.17069
-0.12 1.16926 1.17794 1.17069 1.16926
-0.119 1.16784 1.17683 1.16927 1.16784
-0.118 1.16641 1.17572 1.16785 1.16641
-0.117 1.16498 1.17462 1.16643 1.16498
-0.116 1.16356 1.17351 1.16501 1.16356
-0.115 1.16213 1.17241 1.1636 1.16213
-0.114 1.16071 1.1713 1.16218 1.16071
-0.113 1.15928 1.1702 1.16076 1.15928
-0.112 1.15786 1.16909 1.15934 1.15786
-0.111 1.15643 1.16799 1.15792 1.15643
-0.11 1.15501 1.16688 1.1565 1.15501
-0.109 1.15358 1.16578 1.15509 1.15358
-0.108 1.15216 1.16467 1.15367 1.15216
-0.107 1.15073 1.16356 1.15225 1.15073
-0.106 1.14931 1.16246 1.15083 1.14931
-0.105 1.14788 1.16135 1.14942 1.14788
-0.104 1.14646 1.16025 1.148 1.14646
-0.103 1.14503 1.15914 1.14658 1.14503
-0.102 1.14361 1.15804 1.14517 1.14361
-0.101 1.14219 1.15693 1.14375 1.14219
-0.1 1.14076 1.15583 1.14233 1.14076
-0.099 1.13934 1.15472 1.14091 1.13934
-0.098 1.13792 1.15362 1.1395 1.13792
-0.097 1.13649 1.15251 1.13808 1.13649
-0.096 1.13507 1.1514 1.13667 1.13507
-0.095 1.13365 1.1503 1.13525 1.13365
-0.094 1.13223 1.14919 1.13383 1.13223
-0.093 1.13081 1.14809 1.13242 1.13081
-0.092 1.12938 1.14698 1.131 1.12938
-0.091 1.12796 1.14588 1.12959 1.12796
-0.09 1.12654 1.14477 1.12817 1.12654
-0.089 1.12512 1.14367 1.12676 1.12512
-0.088 1.1237 1.14256 1.12534 1.1237
-0.087 1.12228 1.14146 1.12393 1.12228
-0.086 1.12086 1.14035 1.12251 1.12086
-0.085 1.11944 1.13924 1.1211 1.11944
-0.084 1.11802 1.13814 1.11968 1.11802
-0.083 1.1166 1.13703 1.11827 1.1166
-0.082 1.11518 1.13593 1.11686 1.11518
-0.081 1.11376 1.13482 1.11544 1.11376
-0.08 1.11234 1.13372 1.11403 1.11234
-0.079 1.11092 1.13261 1.11262 1.11092
-0.078 1.1095 1.13151 1.1112 1.1095
-0.077 1.10809 1.1304 1.10979 1.10809
-0.076 1.10667 1.12929 1.10838 1.10667
-0.075 1.10525 1.12819 1.10696 1.10525
-0.074 1.10383 1.12708 1.10555 1.10383
-0.073 1.10242 1.12598 1.10414 1.10242
-0.072 1.101 1.12487 1.10273 1.101
-0.071 1.09958 1.12377 1.10132 1.09958
-0.07 1.09817 1.12266 1.09991 1.09817
-0.069 1.09675 1.12156 1.0985 1.09675
-0.068 1.09534 1.12045 1.09708 1.09534
-0.067 1.09392 1.11935 1.09567 1.09392
-0.066 1.09251 1.11824 1.09426 1.09251
-0.065 1.09109 1.11713 1.09285 1.09109
-0.064 1.08968 1.11603 1.09144 1.08968
-0.063 1.08827 1.11492 1.09003 1.08827
-0.062 1.08685 1.11382 1.08863 1.08685
-0.061 1.08544 1.11271 1.08722 1.08544
-0.06 1.08403 1.11161 1.08581 1.08403
-0.059 1.08261 1.1105 1.0844 1.08261
-0.058 1.0812 1.1094 1.08299 1.0812
-0.057 1.07979 1.10829 1.08158 1.07979
-0.056 1.07838 1.10719 1.08018 1.07838
-0.055 1.07697 1.10608 1.07877 1.07697
-0.054 1.07556 1.10497 1.07736 1.07556
-0.053 1.07415 1.10387 1.07596 1.07415
-0.052 1.07274 1.10276 1.07455 1.07274
-0.051 1.07133 1.10166 1.07314 1.07133
-0.05 1.06992 1.10055 1.07174 1.06992
-0.049 1.06851 1.09945 1.07033 1.06851
-0.048 1.0671 1.09834 1.06893 1.0671
-0.047 1.06569 1.09724 1.06752 1.06569
-0.046 1.06428 1.09613 1.06612 1.06428
-0.045 1.06288 1.09503 1.06471 1.06288
-0.044 1.06147 1.09392 1.06331 1.06147
-0.043 1.06006 1.09281 1.06191 1.06006
-0.042 1.05866 1.09171 1.0605 1.05866
-0.041 1.05725 1.0906 1.0591 1.05725
-0.04 1.05585 1.0895 1.0577 1.05585
-0.039 1.05444 1.08839 1.05629 1.05444
-0.038 1.05304 1.08729 1.05489 1.05304
-0.037 1.05163 1.08618 1.05349 1.05163
-0.036 1.05023 1.08508 1.05209 1.05023
-0.035 1.04883 1.08397 1.05069 1.04883
-0.034 1.04742 1.08286 1.04929 1.04742
-0.033 1.04602 1.08176 1.04789 1.04602
-0.032 1.04462 1.08065 1.04649 1.04462
-0.031 1.04322 1.07955 1.04509 1.04322
-0.03 1.04182 1.07844 1.04369 1.04182
-0.029 1.04041 1.07734 1.04229 1.04041
-0.028 1.03901 1.07623 1.04089 1.03901
-0.027 1.03761 1.07513 1.0395 1.03761
-0.026 1.03622 1.07402 1.0381 1.03622
-0.025 1.03482 1.07292 1.0367 1.03482
-0.024 1.03342 1.07181 1.0353 1.03342
-0.023 1.03202 1.0707 1.03391 1.03202
-0.022 1.03062 1.0696 1.03251 1.03062
-0.021 1.02923 1.06849 1.03112 1.02923
-0.02 1.02783 1.06739 1.02972 1.02783
-0.019 1.02643 1.06628 1.02833 1.02643
-0.018 1.02504 1.06518 1.02693 1.02504
-0.017 1.02364 1.06407 1.02554 1.02364
-0.016 1.02225 1.06297 1.02414 1.02225
-0.015 1.02085 1.06186 1.02275 1.02085
-0.014 1.01946 1.06076 1.02136 1.01946
-0.013 1.01807 1.05965 1.01997 1.01807
-0.012 1.01667 1.05854 1.01857 1.01667
-0.011 1.01528 1.05744 1.01718 1.01528
-0.01 1.01389 1.05633 1.01579 1.01389
-0.009 1.0125 1.05523 1.0144 1.0125
-0.008 1.01111 1.05412 1.01301 1.01111
-0.007 1.00972 1.05302 1.01162 1.00972
-0.006 1.00833 1.05191 1.01023 1.00833
-0.005 1.00694 1.05081 1.00884 1.00694
-0.004 1.00555 1.0497 1.00746 1.00555
-0.003 1.00416 1.04859 1.00607 1.00416
-0.002 1.00277 1.04749 1.00468 1.00277
-0.001 1.00139 1.04638 1.00329 1.00139
0 1 1.04528 1.00191 1
0.001 0.998614 1.04417 1.00052 0.998614
0.002 0.997228 1.04307 0.999135 0.997228
0.003 0.995844 1.04196 0.99775 0.995844
0.004 0.994459 1.04086 0.996365 0.994459
0.005 0.993075 1.03975 0.994981 0.993075
0.006 0.991692 1.03865 0.993597 0.991692
0.007 0.990309 1.03754 0.992214 0.990309
0.008 0.988927 1.03643 0.990832 0.988927
0.009 0.987545 1.03533 0.989449 0.987545
0.01 0.986164 1.03422 0.988068 0.986164
0.011 0.984784 1.03312 0.986686 0.984784
0.012 0.983404 1.03201 0.985306 0.983404
0.013 0.982025 1.03091 0.983926 0.982025
0.014 0.980646 1.0298 0.982546 0.980646
0.015 0.979268 1.0287 0.981167 0.979268
0.016 0.97789 1.02759 0.979788 0.97789
0.017 0.976513 1.02649 0.97841 0.976513
0.018 0.975136 1.02538 0.977032 0.975136
0.019 0.973761 1.02427 0.975655 0.973761
0.02 0.972385 1.02317 0.974278 0.972385
0.021 0.971011 1.02206 0.972902 0.971011
0.022 0.969637 1.02096 0.971527 0.969637
0.023 0.968263 1.01985 0.970152 0.968263
0.024 0.96689 1.01875 0.968777 0.96689
0.025 0.965518 1.01764 0.967403 0.965518
0.026 0.964146 1.01654 0.96603 0.964146
0.027 0.962775 1.01543 0.964657 0.962775
0.028 0.961405 1.01433 0.963285 0.961405
0.029 0.960035 1.01322 0.961913 0.960035
0.03 0.958666 1.01211 0.960542 0.958666
0.031 0.957297 1.01101 0.959171 0.957297
0.032 0.955929 1.0099 0.957801 0.955929
0.033 0.954562 1.0088 0.956432 0.954562
0.034 0.953195 1.00769 0.955063 0.953195
0.035 0.951829 1.00659 0.953694 0.951829
0.036 0.950464 1.00548 0.952327 0.950464
0.037 0.949099 1.00438 0.950959 0.949099
0.038 0.947735 1.00327 0.949593 0.947735
0.039 0.946372 1.00216 0.948227 0.946372
0.04 0.945009 1.00106 0.946861 0.945009
0.041 0.943647 0.999954 0.945496 0.943647
0.042 0.942285 0.998848 0.944132 0.942285
0.043 0.940925 0.997743 0.942768 0.940925
0.044 0.939564 0.996637 0.941405 0.939564
0.045 0.938205 0.995532 0.940043 0.938205
0.046 0.936846 0.994426 0.938681 0.936846
0.047 0.935488 0.993321 0.937319 0.935488
0.048 0.93413 0.992216 0.935959 0.93413
0.049 0.932774 0.99111 0.934599 0.932774
0.05 0.931418 0.990005 0.933239 0.931418
0.051 0.930062 0.988899 0.93188 0.930062
0.052 0.928707 0.987794 0.930522 0.928707
0.053 0.927353 0.986688 0.929164 0.927353
0.054 0.926 0.985583 0.927807 0.926
0.055 0.924647 0.984477 0.926451 0.924647
0.056 0.923295 0.983372 0.925095 0.923295
0.057 0.921944 0.982266 0.92374 0.921944
0.058 0.920593 0.981161 0.922386 0.920593
0.059 0.919244 0.980055 0.921032 0.919244
0.06 0.917894 0.97895 0.919679 0.917894
0.061 0.916546 0.977844 0.918326 0.916546
0.062 0.915198 0.976739 0.916974 0.915198
0.063 0.913851 0.975633 0.915623 0.913851
0.064 0.912505 0.974528 0.914272 0.912505
0.065 0.911159 0.973422 0.912922 0.911159
0.066 0.909814 0.972317 0.911573 0.909814
0.067 0.90847 0.971211 0.910224 0.90847
0.068 0.907127 0.970106 0.908876 0.907127
0.069 0.905784 0.969 0.907529 0.905784
0.07 0.904442 0.967895 0.906183 0.904442
0.071 0.903101 0.966789 0.904837 0.903101
0.072 0.90176 0.965684 0.903491 0.90176
0.073 0.900421 0.964579 0.902147 0.900421
0.074 0.899082 0.963473 0.900803 0.899082
0.075 0.897743 0.962368 0.89946 0.897743
0.076 0.896406 0.961262 0.898117 0.896406
0.077 0.895069 0.960157 0.896775 0.895069
0.078 0.893733 0.959051 0.895434 0.893733
0.079 0.892398 0.957946 0.894093 0.892398
0.08 0.891063 0.95684 0.892754 0.891063
0.081 0.88973 0.955735 0.891415 0.88973
0.082 0.888397 0.954629 0.890076 0.888397
0.083 0.887065 0.953524 0.888739 0.887065
0.084 0.885733 0.952418 0.887402 0.885733
0.085 0.884402 0.951313 0.886065 0.884402
0.086 0.883073 0.950207 0.88473 0.883073
0.087 0.881744 0.949102 0.883395 0.881744
0.088 0.880415 0.947996 0.882061 0.880415
0.089 0.879088 0.946891 0.880727 0.879088
0.09 0.877761 0.945785 0.879395 0.877761
0.091 0.876435 0.94468 0.878063 0.876435
0.092 0.87511 0.943574 0.876732 0.87511
0.093 0.873785 0.942469 0.875401 0.873785
0.094 0.872462 0.941363 0.874071 0.872462
0.095 0.871139 0.940258 0.872742 0.871139
0.096 0.869817 0.939153 0.871414 0.869817
0.097 0.868496 0.938047 0.870087 0.868496
0.098 0.867176 0.936942 0.86876 0.867176
0.099 0.865856 0.935836 0.867434 0.865856
0.1 0.864537 0.934731 0.866109 0.864537
0.101 0.863219 0.933625 0.864784 0.863219
0.102 0.861902 0.93252 0.86346 0.861902
0.103 0.860586 0.931414 0.862137 0.860586
0.104 0.85927 0.930309 0.860815 0.85927
0.105 0.857956 0.929203 0.859494 0.857956
0.106 0.856642 0.928098 0.858173 0.856642
0.107 0.855329 0.926992 0.856853 0.855329
0.108 0.854017 0.925887 0.855534 0.854017
0.109 0.852705 0.924781 0.854216 0.852705
0.11 0.851395 0.923676 0.852898 0.851395
0.111 0.850085 0.92257 0.851581 0.850085
0.112 0.848776 0.921465 0.850265 0.848776
0.113 0.847468 0.920359 0.84895 0.847468
0.114 0.846161 0.919254 0.847635 0.846161
0.115 0.844855 0.918148 0.846322 0.844855
0.116 0.843549 0.917043 0.845009 0.843549
0.117 0.842244 0.915937 0.843697 0.842244
0.118 0.840941 0.914832 0.842385 0.840941
0.119 0.839638 0.913727 0.841075 0.839638
0.12 0.838336 0.912621 0.839765 0.838336
0.121 0.837035 0.911516 0.838456 0.837035
0.122 0.835734 0.91041 0.837148 0.835734
0.123 0.834435 0.909305 0.835841 0.834435
0.124 0.833136 0.908199 0.834535 0.833136
0.125 0.831838 0.907094 0.833229 0.831838
0.126 0.830541 0.905988 0.831924 0.830541
0.127 0.829245 0.904883 0.83062 0.829245
0.128 0.82795 0.903777 0.829317 0.82795
0.129 0.826656 0.902672 0.828015 0.826656
0.13 0.825363 0.901566 0.826713 0.825363
0.131 0.82407 0.900461 0.825412 0.82407
0.132 0.822778 0.899355 0.824112 0.822778
0.133 0.821488 0.89825 0.822813 0.821488
0.134 0.820198 0.897144 0.821515 0.820198
0.135 0.818909 0.896039 0.820218 0.818909
0.136 0.817621 0.894933 0.818921 0.817621
0.137 0.816334 0.893828 0.817626 0.816334
0.138 0.815047 0.892722 0.816331 0.815047
0.139 0.813762 0.891617 0.815037 0.813762
0.14 0.812478 0.890511 0.813744 0.812478
0.141 0.811194 0.889406 0.812452 0.811194
0.142 0.809911 0.8883 0.81116 0.809911
0.143 0.80863 0.887195 0.80987 0.80863
0.144 0.807349 0.88609 0.80858 0.807349
0.145 0.806069 0.884984 0.807291 0.806069
0.146 0.80479 0.883879 0.806003 0.80479
0.147 0.803512 0.882773 0.804716 0.803512
0.148 0.802235 0.881668 0.80343 0.802235
0.149 0.800958 0.880562 0.802145 0.800958
0.15 0.799683 0.879457 0.80086 0.799683
0.151 0.798409 0.878351 0.799577 0.798409
0.152 0.797135 0.877246 0.798294 0.797135
0.153 0.795862 0.87614 0.797012 0.795862
0.154 0.794591 0.875035 0.795731 0.794591
0.155 0.79332 0.873929 0.794451 0.79332
0.156 0.79205 0.872824 0.793172 0.79205
0.157 0.790781 0.871718 0.791894 0.790781
0.158 0.789514 0.870613 0.790617 0.789514
0.159 0.788247 0.869507 0.78934 0.788247
0.16 0.786981 0.868402 0.788065 0.786981
0.161 0.785716 0.867296 0.78679 0.785716
0.162 0.784451 0.866191 0.785516 0.784451
0.163 0.783188 0.865085 0.784243 0.783188
0.164 0.781926 0.86398 0.782972 0.781926
0.165 0.780665 0.862874 0.781701 0.780665
0.166 0.779404 0.861769 0.78043 0.779404
0.167 0.778145 0.860664 0.779161 0.778145
0.168 0.776887 0.859558 0.777893 0.776887
0.169 0.775629 0.858453 0.776626 0.775629
0.17 0.774373 0.857347 0.775359 0.774373
0.171 0.773117 0.856242 0.774094 0.773117
0.172 0.771863 0.855136 0.772829 0.771863
0.173 0.770609 0.854031 0.771566 0.770609
0.174 0.769356 0.852925 0.770303 0.769356
0.175 0.768105 0.85182 0.769041 0.768105
0.176 0.766854 0.850714 0.76778 0.766854
0.177 0.765604 0.849609 0.766521 0.765604
0.178 0.764356 0.848503 0.765262 0.764356
0.179 0.763108 0.847398 0.764004 0.763108
0.18 0.761861 0.846292 0.762747 0.761861
0.181 0.760615 0.845187 0.76149 0.760615
0.182 0.759371 0.844081 0.760235 0.759371
0.183 0.758127 0.842976 0.758981 0.758127
0.184 0.756884 0.84187 0.757728 0.756884
0.185 0.755642 0.840765 0.756476 0.755642
0.186 0.754401 0.839659 0.755224 0.754401
0.187 0.753161 0.838554 0.753974 0.753161
0.188 0.751923 0.837448 0.752725 0.751923
0.189 0.750685 0.836343 0.751476 0.750685
0.19 0.749448 0.835238 0.750229 0.749448
0.191 0.748212 0.834132 0.748982 0.748212
0.192 0.746977 0.833027 0.747737 0.746977
0.193 0.745743 0.831921 0.746492 0.745743
0.194 0.74451 0.830816 0.745249 0.74451
0.195 0.743279 0.82971 0.744006 0.743279
0.196 0.742048 0.828605 0.742764 0.742048
0.197 0.740818 0.827499 0.741524 0.740818
0.198 0.739589 0.826394 0.740284 0.739589
0.199 0.738361 0.825288 0.739045 0.738361
0.2 0.737135 0.824183 0.737808 0.737135
0.201 0.735909 0.823077 0.736571 0.735909
0.202 0.734684 0.821972 0.735335 0.734684
0.203 0.73346 0.820866 0.734101 0.73346
0.204 0.732238 0.819761 0.732867 0.732238
0.205 0.731016 0.818655 0.731634 0.731016
0.206 0.729795 0.81755 0.730403 0.729795
0.207 0.728576 0.816444 0.729172 0.728576
0.208 0.727357 0.815339 0.727942 0.727357
0.209 0.72614 0.814233 0.726714 0.72614
0.21 0.724923 0.813128 0.725486 0.724923
0.211 0.723708 0.812022 0.724259 0.723708
0.212 0.722493 0.810917 0.723034 0.722493
0.213 0.72128 0.809811 0.721809 0.72128
0.214 0.720067 0.808706 0.720586 0.720067
0.215 0.718856 0.807601 0.719363 0.718856
0.216 0.717646 0.806495 0.718141 0.717646
0.217 0.716437 0.80539 0.716921 0.716437
0.218 0.715228 0.804284 0.715701 0.715228
0.219 0.714021 0.803179 0.714483 0.714021
0.22 0.712815 0.802073 0.713266 0.712815
0.221 0.71161 0.800968 0.712049 0.71161
0.222 0.710406 0.799862 0.710834 0.710406
0.223 0.709203 0.798757 0.709619 0.709203
0.224 0.708001 0.797651 0.708406 0.708001
0.225 0.706801 0.796546 0.707194 0.706801
0.226 0.705601 0.79544 0.705983 0.705601
0.227 0.704402 0.794335 0.704772 0.704402
0.228 0.703204 0.793229 0.703563 0.703204
0.229 0.702008 0.792124 0.702355 0.702008
0.23 0.700812 0.791018 0.701148 0.700812
0.231 0.699618 0.789913 0.699942 0.699618
0.232 0.698424 0.788807 0.698737 0.698424
0.233 0.697232 0.787702 0.697534 0.697232
0.234 0.696041 0.786596 0.696331 0.696041
0.235 0.694851 0.785491 0.695129 0.694851
0.236 0.693662 0.784385 0.693928 0.693662
0.237 0.692474 0.78328 0.692729 0.692474
0.238 0.691287 0.782175 0.69153 0.691287
0.239 0.690101 0.781069 0.690333 0.690101
0.24 0.688916 0.779964 0.689136 0.688916
0.241 0.687732 0.778858 0.687941 0.687732
0.242 0.68655 0.777753 0.686747 0.68655
0.243 0.685368 0.776647 0.685553 0.685368
0.244 0.684188 0.775542 0.684361 0.684188
0.245 0.683008 0.774436 0.68317 0.683008
0.246 0.68183 0.773331 0.68198 0.68183
0.247 0.680653 0.772225 0.680791 0.680653
0.248 0.679477 0.77112 0.679604 0.679477
0.249 0.678302 0.770014 0.678417 0.678302
0.25 0.677128 0.768909 0.677231 0.677128
0.251 0.675955 0.767803 0.676047 0.675955
0.252 0.674783 0.766698 0.674863 0.674783
0.253 0.673613 0.765592 0.673681 0.673613
0.254 0.672443 0.764487 0.6725 0.672443
0.255 0.671275 0.763381 0.671319 0.671275
0.256 0.670107 0.762276 0.67014 0.670107
0.257 0.668941 0.76117 0.668962 0.668941
0.258 0.667776 0.760065 0.667786 0.667776
0.259 0.666612 0.758959 0.66661 0.666612
0.26 0.665449 0.757854 0.665435 0.665449
0.261 0.664287 0.756749 0.664262 0.664287
0.262 0.663126 0.755643 0.663089 0.663126
0.263 0.661967 0.754538 0.661918 0.661967
0.264 0.660808 0.753432 0.660748 0.660808
0.265 0.659651 0.752327 0.659578 0.659651
0.266 0.658495 0.751221 0.658411 0.658495
0.267 0.65734 0.750116 0.657244 0.65734
0.268 0.656186 0.74901 0.656078 0.656186
0.269 0.655033 0.747905 0.654913 0.655033
0.27 0.653881 0.746799 0.65375 0.653881
0.271 0.65273 0.745694 0.652587 0.65273
0.272 0.651581 0.744588 0.651426 0.651581
0.273 0.650432 0.743483 0.650266 0.650432
0.274 0.649285 0.742377 0.649107 0.649285
0.275 0.648139 0.741272 0.647949 0.648139
0.276 0.646994 0.740166 0.646792 0.646994
0.277 0.64585 0.739061 0.645637 0.64585
0.278 0.644707 0.737955 0.644482 0.644707
0.279 0.643566 0.73685 0.643329 0.643566
0.28 0.642425 0.735744 0.642177 0.642425
0.281 0.641286 0.734639 0.641026 0.641286
0.282 0.640147 0.733533 0.639876 0.640147
0.283 0.63901 0.732428 0.638727 0.63901
0.284 0.637874 0.731322 0.637579 0.637874
0.285 0.636739 0.730217 0.636433 0.636739
0.286 0.635606 0.729112 0.635288 0.635606
0.287 0.634473 0.728006 0.634143 0.634473
0.288 0.633342 0.726901 0.633 0.633342
0.289 0.632211 0.725795 0.631858 0.632211
0.29 0.631082 0.72469 0.630718 0.631082
0.291 0.629954 0.723584 0.629578 0.629954
0.292 0.628827 0.722479 0.62844 0.628827
0.293 0.627702 0.721373 0.627303 0.627702
0.294 0.626577 0.720268 0.626166 0.626577
0.295 0.625454 0.719162 0.625032 0.625454
0.296 0.624331 0.718057 0.623898 0.624331
0.297 0.62321 0.716951 0.622765 0.62321
0.298 0.62209 0.715846 0.621634 0.62209
0.299 0.620972 0.71474 0.620504 0.620972
0.3 0.619854 0.713635 0.619374 0.619854
0.301 0.618737 0.712529 0.618246 0.618737
0.302 0.617622 0.711424 0.61712 0.617622
0.303 0.616508 0.710318 0.615994 0.616508
0.304 0.615395 0.709213 0.61487 0.615395
0.305 0.614283 0.708107 0.613747 0.614283
0.306 0.613172 0.707002 0.612625 0.613172
0.307 0.612063 0.705896 0.611504 0.612063
0.308 0.610954 0.704791 0.610384 0.610954
0.309 0.609847 0.703686 0.609265 0.609847
0.31 0.608741 0.70258 0.608148 0.608741
0.311 0.607636 0.701475 0.607032 0.607636
0.312 0.606532 0.700369 0.605917 0.606532
0.313 0.60543 0.699264 0.604803 0.60543
0.314 0.604328 0.698158 0.603691 0.604328
0.315 0.603228 0.697053 0.602579 0.603228
0.316 0.602129 0.695947 0.601469 0.602129
0.317 0.601031 0.694842 0.60036 0.601031
0.318 0.599934 0.693736 0.599252 0.599934
0.319 0.598839 0.692631 0.598146 0.598839
0.32 0.597744 0.691525 0.597041 0.597744
0.321 0.596651 0.69042 0.595936 0.596651
0.322 0.595559 0.689314 0.594833 0.595559
0.323 0.594468 0.688209 0.593732 0.594468
0.324 0.593378 0.687103 0.592631 0.593378
0.325 0.59229 0.685998 0.591532 0.59229
0.326 0.591202 0.684892 0.590433 0.591202
0.327 0.590116 0.683787 0.589336 0.590116
0.328 0.589031 0.682681 0.588241 0.589031
0.329 0.587947 0.681576 0.587146 0.587947
0.33 0.586865 0.68047 0.586053 0.586865
0.331 0.585783 0.679365 0.584961 0.585783
0.332 0.584703 0.67826 0.58387 0.584703
0.333 0.583624 0.677154 0.58278 0.583624
0.334 0.582546 0.676049 0.581692 0.582546
0.335 0.581469 0.674943 0.580604 0.581469
0.336 0.580394 0.673838 0.579518 0.580394
0.337 0.579319 0.672732 0.578433 0.579319
0.338 0.578246 0.671627 0.57735 0.578246
0.339 0.577174 0.670521 0.576267 0.577174
0.34 0.576104 0.669416 0.575186 0.576104
0.341 0.575034 0.66831 0.574106 0.575034
0.342 0.573966 0.667205 0.573028 0.573966
0.343 0.572898 0.666099 0.57195 0.572898
0.344 0.571832 0.664994 0.570874 0.571832
0.345 0.570767 0.663888 0.569799 0.570767
0.346 0.569704 0.662783 0.568725 0.569704
0.347 0.568641 0.661677 0.567653 0.568641
0.348 0.56758 0.660572 0.566581 0.56758
0.349 0.56652 0.659466 0.565511 0.56652
0.35 0.565461 0.658361 0.564442 0.565461
0.351 0.564404 0.657255 0.563375 0.564404
0.352 0.563347 0.65615 0.562308 0.563347
0.353 0.562292 0.655044 0.561243 0.562292
0.354 0.561238 0.653939 0.560179 0.561238
0.355 0.560185 0.652833 0.559117 0.560185
0.356 0.559133 0.651728 0.558055 0.559133
0.357 0.558083 0.650623 0.556995 0.558083
0.358 0.557034 0.649517 0.555936 0.557034
0.359 0.555985 0.648412 0.554879 0.555985
0.36 0.554939 0.647306 0.553822 0.554939
0.361 0.553893 0.646201 0.552767 0.553893
0.362 0.552848 0.645095 0.551713 0.552848
0.363 0.551805 0.64399 0.55066 0.551805
0.364 0.550763 0.642884 0.549609 0.550763
0.365 0.549722 0.641779 0.548559 0.549722
0.366 0.548683 0.640673 0.54751 0.548683
0.367 0.547644 0.639568 0.546462 0.547644
0.368 0.546607 0.638462 0.545416 0.546607
0.369 0.545571 0.637357 0.54437 0.545571
0.37 0.544536 0.636251 0.543327 0.544536
0.371 0.543503 0.635146 0.542284 0.543503
0.372 0.54247 0.63404 0.541243 0.54247
0.373 0.541439 0.632935 0.540202 0.541439
0.374 0.540409 0.631829 0.539164 0.540409
0.375 0.53938 0.630724 0.538126 0.53938
0.376 0.538353 0.629618 0.53709 0.538353
0.377 0.537327 0.628513 0.536055 0.537327
0.378 0.536301 0.627407 0.535021 0.536301
0.379 0.535278 0.626302 0.533988 0.535278
0.38 0.534255 0.625197 0.532957 0.534255
0.381 0.533233 0.624091 0.531927 0.533233
0.382 0.532213 0.622986 0.530898 0.532213
0.383 0.531194 0.62188 0.529871 0.531194
0.384 0.530176 0.620775 0.528844 0.530176
0.385 0.52916 0.619669 0.52782 0.52916
0.386 0.528144 0.618564 0.526796 0.528144
0.387 0.52713 0.617458 0.525773 0.52713
0.388 0.526117 0.616353 0.524752 0.526117
0.389 0.525105 0.615247 0.523733 0.525105
0.39 0.524095 0.614142 0.522714 0.524095
0.391 0.523086 0.613036 0.521697 0.523086
0.392 0.522078 0.611931 0.520681 0.522078
0.393 0.521071 0.610825 0.519666 0.521071
0.394 0.520065 0.60972 0.518652 0.520065
0.395 0.519061 0.608614 0.51764 0.519061
0.396 0.518057 0.607509 0.516629 0.518057
0.397 0.517055 0.606403 0.51562 0.517055
0.398 0.516055 0.605298 0.514611 0.516055
0.399 0.515055 0.604192 0.513604 0.515055
0.4 0.514057 0.603087 0.512599 0.514057
0.401 0.51306 0.601981 0.511594 0.51306
0.402 0.512064 0.600876 0.510591 0.512064
0.403 0.511069 0.599771 0.509589 0.511069
0.404 0.510076 0.598665 0.508589 0.510076
0.405 0.509084 0.59756 0.507589 0.509084
0.406 0.508093 0.596454 0.506591 0.508093
0.407 0.507103 0.595349 0.505594 0.507103
0.408 0.506115 0.594243 0.504599 0.506115
0.409 0.505127 0.593138 0.503605 0.505127
0.41 0.504141 0.592032 0.502612 0.504141
0.411 0.503156 0.590927 0.50162 0.503156
0.412 0.502173 0.589821 0.50063 0.502173
0.413 0.501191 0.588716 0.499641 0.501191
0.414 0.500209 0.58761 0.498653 0.500209
0.415 0.499229 0.586505 0.497667 0.499229
0.416 0.498251 0.585399 0.496682 0.498251
0.417 0.497273 0.584294 0.495698 0.497273
0.418 0.496297 0.583188 0.494715 0.496297
0.419 0.495322 0.582083 0.493734 0.495322
0.42 0.494348 0.580977 0.492754 0.494348
0.421 0.493376 0.579872 0.491776 0.493376
0.422 0.492405 0.578766 0.490798 0.492405
0.423 0.491434 0.577661 0.489822 0.491434
0.424 0.490466 0.576555 0.488848 0.490466
0.425 0.489498 0.57545 0.487874 0.489498
0.426 0.488532 0.574344 0.486902 0.488532
0.427 0.487567 0.573239 0.485931 0.487567
0.428 0.486603 0.572134 0.484962 0.486603
0.429 0.48564 0.571028 0.483994 0.48564
0.43 0.484679 0.569923 0.483027 0.484679
0.431 0.483718 0.568817 0.482061 0.483718
0.432 0.482759 0.567712 0.481097 0.482759
0.433 0.481802 0.566606 0.480134 0.481802
0.434 0.480845 0.565501 0.479172 0.480845
0.435 0.47989 0.564395 0.478212 0.47989
0.436 0.478936 0.56329 0.477253 0.478936
0.437 0.477983 0.562184 0.476295 0.477983
0.438 0.477031 0.561079 0.475338 0.477031
0.439 0.476081 0.559973 0.474383 0.476081
0.44 0.475132 0.558868 0.473429 0.475132
0.441 0.474184 0.557762 0.472477 0.474184
0.442 0.473237 0.556657 0.471526 0.473237
0.443 0.472292 0.555551 0.470576 0.472292
0.444 0.471348 0.554446 0.469627 0.471348
0.445 0.470405 0.55334 0.46868 0.470405
0.446 0.469463 0.552235 0.467734 0.469463
0.447 0.468523 0.551129 0.466789 0.468523
0.448 0.467584 0.550024 0.465846 0.467584
0.449 0.466646 0.548918 0.464904 0.466646
0.45 0.465709 0.547813 0.463963 0.465709
0.451 0.464773 0.546708 0.463024 0.464773
0.452 0.463839 0.545602 0.462086 0.463839
0.453 0.462906 0.544497 0.461149 0.462906
0.454 0.461974 0.543391 0.460213 0.461974
0.455 0.461044 0.542286 0.459279 0.461044
0.456 0.460114 0.54118 0.458346 0.460114
0.457 0.459186 0.540075 0.457415 0.459186
0.458 0.458259 0.538969 0.456485 0.458259
0.459 0.457334 0.537864 0.455556 0.457334
0.46 0.456409 0.536758 0.454628 0.456409
0.461 0.455486 0.535653 0.453702 0.455486
0.462 0.454564 0.534547 0.452777 0.454564
0.463 0.453644 0.533442 0.451853 0.453644
0.464 0.452724 0.532336 0.450931 0.452724
0.465 0.451806 0.531231 0.45001 0.451806
0.466 0.450889 0.530125 0.449091 0.450889
0.467 0.449973 0.52902 0.448172 0.449973
0.468 0.449059 0.527914 0.447255 0.449059
0.469 0.448145 0.526809 0.446339 0.448145
0.47 0.447233 0.525703 0.445425 0.447233
0.471 0.446323 0.524598 0.444512 0.446323
0.472 0.445413 0.523492 0.4436 0.445413
0.473 0.444505 0.522387 0.44269 0.444505
0.474 0.443598 0.521282 0.441781 0.443598
0.475 0.442692 0.520176 0.440873 0.442692
0.476 0.441787 0.519071 0.439967 0.441787
0.477 0.440884 0.517965 0.439061 0.440884
0.478 0.439982 0.51686 0.438158 0.439982
0.479 0.439081 0.515754 0.437255 0.439081
0.48 0.438181 0.514649 0.436354 0.438181
0.481 0.437283 0.513543 0.435454 0.437283
0.482 0.436386 0.512438 0.434556 0.436386
0.483 0.43549 0.511332 0.433659 0.43549
0.484 0.434595 0.510227 0.432763 0.434595
0.485 0.433702 0.509121 0.431868 0.433702
0.486 0.432809 0.508016 0.430975 0.432809
0.487 0.431918 0.50691 0.430083 0.431918
0.488 0.431029 0.505805 0.429192 0.431029
0.489 0.43014 0.504699 0.428303 0.43014
0.49 0.429253 0.503594 0.427415 0.429253
0.491 0.428367 0.502488 0.426529 0.428367
0.492 0.427482 0.501383 0.425643 0.427482
0.493 0.426599 0.500277 0.424759 0.426599
0.494 0.425716 0.499172 0.423877 0.425716
0.495 0.424835 0.498066 0.422995 0.424835
0.496 0.423955 0.496961 0.422115 0.423955
0.497 0.423077 0.495855 0.421237 0.423077
0.498 0.422199 0.49475 0.420359 0.422199
0.499 0.421323 0.493645 0.419483 0.421323
0.5 0.420448 0.492539 0.418609 0.420448
0.501 0.419575 0.491434 0.417735 0.419575
0.502 0.418702 0.490328 0.416863 0.418702
0.503 0.417831 0.489223 0.415993 0.417831
0.504 0.416961 0.488117 0.415123 0.416961
0.505 0.416092 0.487012 0.414255 0.416092
0.506 0.415225 0.485906 0.413388 0.415225
0.507 0.414358 0.484801 0.412523 0.414358
0.508 0.413493 0.483695 0.411659 0.413493
0.509 0.41263 0.48259 0.410796 0.41263
0.51 0.411767 0.481484 0.409935 0.411767
0.511 0.410906 0.480379 0.409075 0.410906
0.512 0.410046 0.479273 0.408216 0.410046
0.513 0.409187 0.478168 0.407358 0.409187
0.514 0.408329 0.477062 0.406502 0.408329
0.515 0.407473 0.475957 0.405647 0.407473
0.516 0.406617 0.474851 0.404794 0.406617
0.517 0.405763 0.473746 0.403942 0.405763
0.518 0.404911 0.47264 0.403091 0.404911
0.519 0.404059 0.471535 0.402241 0.404059
0.52 0.403209 0.470429 0.401393 0.403209
0.521 0.40236 0.469324 0.400546 0.40236
0.522 0.401512 0.468219 0.3997 0.401512
0.523 0.400666 0.467113 0.398856 0.400666
0.524 0.39982 0.466008 0.398013 0.39982
0.525 0.398976 0.464902 0.397172 0.398976
0.526 0.398133 0.463797 0.396331 0.398133
0.527 0.397292 0.462691 0.395492 0.397292
0.528 0.396451 0.461586 0.394655 0.396451
0.529 0.395612 0.46048 0.393818 0.395612
0.53 0.394774 0.459375 0.392983 0.394774
0.531 0.393938 0.458269 0.39215 0.393938
0.532 0.393102 0.457164 0.391317 0.393102
0.533 0.392268 0.456058 0.390486 0.392268
0.534 0.391435 0.454953 0.389657 0.391435
0.535 0.390603 0.453847 0.388828 0.390603
0.536 0.389772 0.452742 0.388001 0.389772
0.537 0.388943 0.451636 0.387175 0.388943
0.538 0.388115 0.450531 0.386351 0.388115
0.539 0.387288 0.449425 0.385528 0.387288
0.54 0.386462 0.44832 0.384706 0.386462
0.541 0.385638 0.447214 0.383885 0.385638
0.542 0.384815 0.446109 0.383066 0.384815
0.543 0.383993 0.445003 0.382248 0.383993
0.544 0.383172 0.443898 0.381432 0.383172
0.545 0.382352 0.442793 0.380616 0.382352
0.546 0.381534 0.441687 0.379802 0.381534
0.547 0.380717 0.440582 0.37899 0.380717
0.548 0.379901 0.439476 0.378179 0.379901
0.549 0.379087 0.438371 0.377369 0.379087
0.55 0.378273 0.437265 0.37656 0.378273
0.551 0.377461 0.43616 0.375753 0.377461
0.552 0.37665 0.435054 0.374947 0.37665
0.553 0.37584 0.433949 0.374142 0.37584
0.554 0.375032 0.432843 0.373338 0.375032
0.555 0.374224 0.431738 0.372536 0.374224
0.556 0.373418 0.430632 0.371735 0.373418
0.557 0.372613 0.429527 0.370936 0.372613
0.558 0.37181 0.428421 0.370138 0.37181
0.559 0.371007 0.427316 0.369341 0.371007
0.56 0.370206 0.42621 0.368545 0.370206
0.561 0.369406 0.425105 0.367751 0.369406
0.562 0.368607 0.423999 0.366958 0.368607
0.563 0.36781 0.422894 0.366167 0.36781
0.564 0.367013 0.421788 0.365376 0.367013
0.565 0.366218 0.420683 0.364587 0.366218
0.566 0.365424 0.419577 0.363799 0.365424
0.567 0.364631 0.418472 0.363013 0.364631
0.568 0.36384 0.417367 0.362228 0.36384
0.569 0.36305 0.416261 0.361444 0.36305
0.57 0.362261 0.415156 0.360662 0.362261
0.571 0.361473 0.41405 0.35988 0.361473
0.572 0.360686 0.412945 0.359101 0.360686
0.573 0.359901 0.411839 0.358322 0.359901
0.574 0.359117 0.410734 0.357545 0.359117
0.575 0.358334 0.409628 0.356769 0.358334
0.576 0.357552 0.408523 0.355994 0.357552
0.577 0.356771 0.407417 0.355221 0.356771
0.578 0.355992 0.406312 0.354448 0.355992
0.579 0.355214 0.405206 0.353678 0.355214
0.58 0.354437 0.404101 0.352908 0.354437
0.581 0.353661 0.402995 0.35214 0.353661
0.582 0.352886 0.40189 0.351373 0.352886
0.583 0.352113 0.400784 0.350607 0.352113
0.584 0.351341 0.399679 0.349843 0.351341
0.585 0.35057 0.398573 0.34908 0.35057
0.586 0.3498 0.397468 0.348318 0.3498
0.587 0.349032 0.396362 0.347558 0.349032
0.588 0.348265 0.395257 0.346799 0.348265
0.589 0.347499 0.394151 0.346041 0.347499
0.59 0.346734 0.393046 0.345284 0.346734
0.591 0.34597 0.39194 0.344529 0.34597
0.592 0.345208 0.390835 0.343775 0.345208
0.593 0.344446 0.38973 0.343022 0.344446
0.594 0.343686 0.388624 0.342271 0.343686
0.595 0.342927 0.387519 0.341521 0.342927
0.596 0.34217 0.386413 0.340772 0.34217
0.597 0.341413 0.385308 0.340024 0.341413
0.598 0.340658 0.384202 0.339278 0.340658
0.599 0.339904 0.383097 0.338533 0.339904
0.6 0.339151 0.381991 0.337789 0.339151
0.601 0.338399 0.380886 0.337047 0.338399
0.602 0.337649 0.37978 0.336306 0.337649
0.603 0.3369 0.378675 0.335566 0.3369
0.604 0.336152 0.377569 0.334827 0.336152
0.605 0.335405 0.376464 0.33409 0.335405
0.606 0.334659 0.375358 0.333354 0.334659
0.607 0.333915 0.374253 0.332619 0.333915
0.608 0.333171 0.373147 0.331886 0.333171
0.609 0.332429 0.372042 0.331153 0.332429
0.61 0.331688 0.370936 0.330422 0.331688
0.611 0.330949 0.369831 0.329693 0.330949
0.612 0.33021 0.368725 0.328964 0.33021
0.613 0.329473 0.36762 0.328237 0.329473
0.614 0.328737 0.366514 0.327511 0.328737
0.615 0.328002 0.365409 0.326787 0.328002
0.616 0.327268 0.364304 0.326063 0.327268
0.617 0.326535 0.363198 0.325341 0.326535
0.618 0.325804 0.362093 0.32462 0.325804
0.619 0.325074 0.360987 0.323901 0.325074
0.62 0.324345 0.359882 0.323183 0.324345
0.621 0.323617 0.358776 0.322466 0.323617
0.622 0.32289 0.357671 0.32175 0.32289
0.623 0.322165 0.356565 0.321035 0.322165
0.624 0.321441 0.35546 0.320322 0.321441
0.625 0.320718 0.354354 0.31961 0.320718
0.626 0.319996 0.353249 0.318899 0.319996
0.627 0.319275 0.352143 0.31819 0.319275
0.628 0.318555 0.351038 0.317482 0.318555
0.629 0.317837 0.349932 0.316775 0.317837
0.63 0.31712 0.348827 0.316069 0.31712
0.631 0.316404 0.347721 0.315364 0.316404
0.632 0.315689 0.346616 0.314661 0.315689
0.633 0.314975 0.34551 0.313959 0.314975
0.634 0.314263 0.344405 0.313259 0.314263
0.635 0.313552 0.343299 0.312559 0.313552
0.636 0.312842 0.342194 0.311861 0.312842
0.637 0.312133 0.341088 0.311164 0.312133
0.638 0.311425 0.339983 0.310468 0.311425
0.639 0.310718 0.338878 0.309774 0.310718
0.64 0.310013 0.337772 0.30908 0.310013
0.641 0.309309 0.336667 0.308388 0.309309
0.642 0.308606 0.335561 0.307697 0.308606
0.643 0.307904 0.334456 0.307008 0.307904
0.644 0.307203 0.33335 0.30632 0.307203
0.645 0.306503 0.332245 0.305633 0.306503
0.646 0.305805 0.331139 0.304947 0.305805
0.647 0.305108 0.330034 0.304262 0.305108
0.648 0.304412 0.328928 0.303579 0.304412
0.649 0.303717 0.327823 0.302896 0.303717
0.65 0.303023 0.326717 0.302216 0.303023
0.651 0.302331 0.325612 0.301536 0.302331
0.652 0.301639 0.324506 0.300857 0.301639
0.653 0.300949 0.323401 0.30018 0.300949
0.654 0.30026 0.322295 0.299504 0.30026
0.655 0.299572 0.32119 0.298829 0.299572
0.656 0.298885 0.320084 0.298156 0.298885
0.657 0.2982 0.318979 0.297483 0.2982
0.658 0.297515 0.317873 0.296812 0.297515
0.659 0.296832 0.316768 0.296142 0.296832
0.66 0.29615 0.315662 0.295473 0.29615
0.661 0.295469 0.314557 0.294806 0.295469
0.662 0.294789 0.313451 0.294139 0.294789
0.663 0.294111 0.312346 0.293474 0.294111
0.664 0.293433 0.311241 0.29281 0.293433
0.665 0.292757 0.310135 0.292148 0.292757
0.666 0.292082 0.30903 0.291486 0.292082
0.667 0.291408 0.307924 0.290826 0.291408
0.668 0.290735 0.306819 0.290167 0.290735
0.669 0.290063 0.305713 0.289509 0.290063
0.67 0.289393 0.304608 0.288852 0.289393
0.671 0.288723 0.303502 0.288197 0.288723
0.672 0.288055 0.302397 0.287542 0.288055
0.673 0.287388 0.301291 0.286889 0.287388
0.674 0.286722 0.300186 0.286237 0.286722
0.675 0.286057 0.29908 0.285587 0.286057
0.676 0.285393 0.297975 0.284937 0.285393
0.677 0.284731 0.296869 0.284289 0.284731
0.678 0.28407 0.295764 0.283641 0.28407
0.679 0.283409 0.294658 0.282995 0.283409
0.68 0.28275 0.293553 0.282351 0.28275
0.681 0.282092 0.292447 0.281707 0.282092
0.682 0.281435 0.291342 0.281065 0.281435
0.683 0.28078 0.290236 0.280423 0.28078
0.684 0.280125 0.289131 0.279783 0.280125
0.685 0.279472 0.288025 0.279144 0.279472
0.686 0.27882 0.28692 0.278507 0.27882
0.687 0.278169 0.285815 0.27787 0.278169
0.688 0.277519 0.284709 0.277235 0.277519
0.689 0.27687 0.283604 0.2766 0.27687
0.69 0.276222 0.282498 0.275967 0.276222
0.691 0.275575 0.281393 0.275335 0.275575
0.692 0.27493 0.280287 0.274705 0.27493
0.693 0.274286 0.279182 0.274075 0.274286
0.694 0.273642 0.278076 0.273447 0.273642
0.695 0.273 0.276971 0.272819 0.273
0.696 0.272359 0.275865 0.272193 0.272359
0.697 0.27172 0.27476 0.271568 0.27172
0.698 0.271081 0.273654 0.270945 0.271081
0.699 0.270443 0.272549 0.270322 0.270443
0.7 0.269807 0.271443 0.2697 0.269807
0.701 0.269172 0.270338 0.26908 0.269172
0.702 0.268538 0.269232 0.268461 0.268538
0.703 0.267905 0.268127 0.267843 0.267905
0.704 0.267273 0.267021 0.267226 0.267273
0.705 0.266642 0.265916 0.26661 0.266642
0.706 0.266012 0.26481 0.265995 0.266012
0.707 0.265384 0.263705 0.265382 0.265384
0.708 0.264756 0.262599 0.26477 0.264756
0.709 0.26413 0.261494 0.264158 0.26413
0.71 0.263505 0.260389 0.263548 0.263505
0.711 0.26288 0.259283 0.262939 0.26288
0.712 0.262258 0.258178 0.262331 0.262258
0.713 0.261636 0.257072 0.261725 0.261636
0.714 0.261015 0.255967 0.261119 0.261015
0.715 0.260395 0.254861 0.260515 0.260395
0.716 0.259777 0.253756 0.259911 0.259777
0.717 0.259159 0.25265 0.259309 0.259159
0.718 0.258543 0.251545 0.258708 0.258543
0.719 0.257928 0.250439 0.258108 0.257928
0.72 0.257314 0.249334 0.257509 0.257314
0.721 0.256701 0.248228 0.256911 0.256701
0.722 0.256089 0.247123 0.256314 0.256089
0.723 0.255478 0.246017 0.255719 0.255478
0.724 0.254868 0.244912 0.255124 0.254868
0.725 0.25426 0.243806 0.254531 0.25426
0.726 0.253652 0.242701 0.253938 0.253652
0.727 0.253046 0.241595 0.253347 0.253046
0.728 0.252441 0.24049 0.252757 0.252441
0.729 0.251836 0.239384 0.252168 0.251836
0.73 0.251233 0.238279 0.25158 0.251233
0.731 0.250631 0.237173 0.250993 0.250631
0.732 0.250031 0.236068 0.250408 0.250031
0.733 0.249431 0.234962 0.249823 0.249431
0.734 0.248832 0.233857 0.249239 0.248832
0.735 0.248234 0.232752 0.248657 0.248234
0.736 0.247638 0.231646 0.248075 0.247638
0.737 0.247042 0.230541 0.247495 0.247042
0.738 0.246448 0.229435 0.246916 0.246448
0.739 0.245855 0.22833 0.246337 0.245855
0.74 0.245263 0.227224 0.24576 0.245263
0.741 0.244672 0.226119 0.245184 0.244672
0.742 0.244082 0.225013 0.244609 0.244082
0.743 0.243493 0.223908 0.244035 0.243493
0.744 0.242905 0.222802 0.243462 0.242905
0.745 0.242318 0.221697 0.24289 0.242318
0.746 0.241733 0.220591 0.24232 0.241733
0.747 0.241148 0.219486 0.24175 0.241148
0.748 0.240565 0.21838 0.241181 0.240565
0.749 0.239982 0.217275 0.240614 0.239982
0.75 0.239401 0.216169 0.240047 0.239401
0.751 0.238821 0.215064 0.239481 0.238821
0.752 0.238241 0.213958 0.238917 0.238241
0.753 0.237663 0.212853 0.238353 0.237663
0.754 0.237086 0.211747 0.237791 0.237086
0.755 0.23651 0.210642 0.23723 0.23651
0.756 0.235935 0.209536 0.236669 0.235935
0.757 0.235362 0.208431 0.23611 0.235362
0.758 0.234789 0.207326 0.235552 0.234789
0.759 0.234217 0.20622 0.234994 0.234217
0.76 0.233647 0.205115 0.234438 0.233647
0.761 0.233077 0.204009 0.233883 0.233077
0.762 0.232509 0.202904 0.233329 0.232509
0.763 0.231941 0.201798 0.232775 0.231941
0.764 0.231375 0.200693 0.232223 0.231375
0.765 0.23081 0.199587 0.231672 0.23081
0.766 0.230245 0.198482 0.231122 0.230245
0.767 0.229682 0.197376 0.230573 0.229682
0.768 0.22912 0.196271 0.230024 0.22912
0.769 0.228559 0.195165 0.229477 0.228559
0.77 0.227999 0.19406 0.228931 0.227999
0.771 0.22744 0.192954 0.228386 0.22744
0.772 0.226882 0.191849 0.227842 0.226882
0.773 0.226325 0.190743 0.227298 0.226325
0.774 0.22577 0.189638 0.226756 0.22577
0.775 0.225215 0.188532 0.226215 0.225215
0.776 0.224661 0.187427 0.225675 0.224661
0.777 0.224109 0.186321 0.225135 0.224109
0.778 0.223557 0.185216 0.224597 0.223557
0.779 0.223007 0.18411 0.22406 0.223007
0.78 0.222457 0.183005 0.223523 0.222457
0.781 0.221909 0.1819 0.222988 0.221909
0.782 0.221361 0.180794 0.222454 0.221361
0.783 0.220815 0.179689 0.22192 0.220815
0.784 0.22027 0.178583 0.221388 0.22027
0.785 0.219726 0.177478 0.220856 0.219726
0.786 0.219182 0.176372 0.220326 0.219182
0.787 0.21864 0.175267 0.219796 0.21864
0.788 0.218099 0.174161 0.219267 0.218099
0.789 0.217559 0.173056 0.218739 0.217559
0.79 0.21702 0.17195 0.218213 0.21702
0.791 0.216482 0.170845 0.217687 0.216482
0.792 0.215945 0.169739 0.217162 0.215945
0.793 0.215409 0.168634 0.216638 0.215409
0.794 0.214874 0.167528 0.216115 0.214874
0.795 0.21434 0.166423 0.215593 0.21434
0.796 0.213807 0.165317 0.215072 0.213807
0.797 0.213276 0.164212 0.214551 0.213276
0.798 0.212745 0.163106 0.214032 0.212745
0.799 0.212215 0.162001 0.213514 0.212215
0.8 0.211686 0.160895 0.212996 0.211686
0.801 0.211159 0.15979 0.21248 0.211159
0.802 0.210632 0.158684 0.211964 0.210632
0.803 0.210106 0.157579 0.211449 0.210106
0.804 0.209582 0.156473 0.210935 0.209582
0.805 0.209058 0.155368 0.210422 0.209058
0.806 0.208535 0.154263 0.20991 0.208535
0.807 0.208014 0.153157 0.209399 0.208014
0.808 0.207493 0.152052 0.208889 0.207493
0.809 0.206974 0.150946 0.20838 0.206974
0.81 0.206455 0.149841 0.207871 0.206455
0.811 0.205938 0.148735 0.207363 0.205938
0.812 0.205421 0.14763 0.206857 0.205421
0.813 0.204906 0.146524 0.206351 0.204906
0.814 0.204391 0.145419 0.205846 0.204391
0.815 0.203878 0.144313 0.205342 0.203878
0.816 0.203365 0.143208 0.204839 0.203365
0.817 0.202854 0.142102 0.204336 0.202854
0.818 0.202343 0.140997 0.203835 0.202343
0.819 0.201834 0.139891 0.203334 0.201834
0.82 0.201325 0.138786 0.202834 0.201325
0.821 0.200818 0.13768 0.202335 0.200818
0.822 0.200311 0.136575 0.201837 0.200311
0.823 0.199806 0.135469 0.20134 0.199806
0.824 0.199301 0.134364 0.200844 0.199301
0.825 0.198798 0.133258 0.200348 0.198798
0.826 0.198296 0.132153 0.199854 0.198296
0.827 0.197794 0.131047 0.19936 0.197794
0.828 0.197294 0.129942 0.198867 0.197294
0.829 0.196794 0.128837 0.198375 0.196794
0.83 0.196296 0.127731 0.197883 0.196296
0.831 0.195798 0.126626 0.197393 0.195798
0.832 0.195302 0.12552 0.196903 0.195302
0.833 0.194806 0.124415 0.196414 0.194806
0.834 0.194312 0.123309 0.195926 0.194312
0.835 0.193818 0.122204 0.195439 0.193818
0.836 0.193326 0.121098 0.194952 0.193326
0.837 0.192834 0.119993 0.194467 0.192834
0.838 0.192343 0.118887 0.193982 0.192343
0.839 0.191854 0.117782 0.193498 0.191854
0.84 0.191365 0.116676 0.193014 0.191365
0.841 0.190878 0.115571 0.192532 0.190878
0.842 0.190391 0.114465 0.19205 0.190391
0.843 0.189905 0.11336 0.191569 0.189905
0.844 0.18942 0.112254 0.191089 0.18942
0.845 0.188937 0.111149 0.19061 0.188937
0.846 0.188454 0.110043 0.190131 0.188454
0.847 0.187972 0.108938 0.189654 0.187972
0.848 0.187491 0.107832 0.189177 0.187491
0.849 0.187012 0.106727 0.1887 0.187012
0.85 0.186533 0.105621 0.188225 0.186533
0.851 0.186055 0.104516 0.18775 0.186055
0.852 0.185578 0.103411 0.187276 0.185578
0.853 0.185102 0.102305 0.186803 0.185102
0.854 0.184627 0.1012 0.18633 0.184627
0.855 0.184153 0.100094 0.185859 0.184153
0.856 0.18368 0.0989886 0.185388 0.18368
0.857 0.183208 0.0978831 0.184917 0.183208
0.858 0.182736 0.0967776 0.184448 0.182736
0.859 0.182266 0.0956722 0.183979 0.182266
0.86 0.181797 0.0945667 0.183511 0.181797
0.861 0.181329 0.0934612 0.183044 0.181329
0.862 0.180861 0.0923557 0.182577 0.180861
0.863 0.180395 0.0912502 0.182111 0.180395
0.864 0.17993 0.0901448 0.181646 0.17993
0.865 0.179465 0.0890393 0.181181 0.179465
0.866 0.179002 0.0879338 0.180718 0.179002
0.867 0.178539 0.0868283 0.180254 0.178539
0.868 0.178077 0.0857228 0.179792 0.178077
0.869 0.177617 0.0846174 0.17933 0.177617
0.87 0.177157 0.0835119 0.178869 0.177157
0.871 0.176698 0.0824064 0.178409 0.176698
0.872 0.17624 0.0813009 0.17795 0.17624
0.873 0.175783 0.0801955 0.177491 0.175783
0.874 0.175327 0.07909 0.177032 0.175327
0.875 0.174872 0.0779845 0.176575 0.174872
0.876 0.174418 0.076879 0.176118 0.174418
0.877 0.173965 0.0757735 0.175662 0.173965
0.878 0.173513 0.0746681 0.175206 0.173513
0.879 0.173062 0.0735626 0.174751 0.173062
0.88 0.172611 0.0724571 0.174297 0.172611
0.881 0.172162 0.0713516 0.173843 0.172162
0.882 0.171714 0.0702461 0.17339 0.171714
0.883 0.171266 0.0691407 0.172938 0.171266
0.884 0.170819 0.0680352 0.172486 0.170819
0.885 0.170374 0.0669297 0.172035 0.170374
0.886 0.169929 0.0658242 0.171585 0.169929
0.887 0.169485 0.0647187 0.171135 0.169485
0.888 0.169042 0.0636133 0.170686 0.169042
0.889 0.1686 0.0625078 0.170237 0.1686
0.89 0.168159 0.0614023 0.169789 0.168159
0.891 0.167719 0.0602968 0.169342 0.167719
0.892 0.16728 0.0591914 0.168895 0.16728
0.893 0.166842 0.0580859 0.168449 0.166842
0.894 0.166404 0.0569804 0.168003 0.166404
0.895 0.165968 0.0558749 0.167559 0.165968
0.896 0.165532 0.0547694 0.167114 0.165532
0.897 0.165098 0.053664 0.166671 0.165098
0.898 0.164664 0.0525585 0.166227 0.164664
0.899 0.164231 0.051453 0.165785 0.164231
0.9 0.163799 0.0503475 0.165343 0.163799
0.901 0.163368 0.049242 0.164901 0.163368
0.902 0.162938 0.0481366 0.164461 0.162938
0.903 0.162509 0.0470311 0.16402 0.162509
0.904 0.162081 0.0459256 0.163581 0.162081
0.905 0.161653 0.0448201 0.163142 0.161653
0.906 0.161227 0.0437146 0.162703 0.161227
0.907 0.160801 0.0426092 0.162265 0.160801
0.908 0.160377 0.0415037 0.161827 0.160377
0.909 0.159953 0.0403982 0.16139 0.159953
0.91 0.15953 0.0392927 0.160954 0.15953
0.911 0.159108 0.0381873 0.160518 0.159108
0.912 0.158687 0.0370818 0.160083 0.158687
0.913 0.158267 0.0359763 0.159648 0.158267
0.914 0.157848 0.0348708 0.159214 0.157848
0.915 0.157429 0.0337653 0.15878 0.157429
0.916 0.157012 0.0326599 0.158347 0.157012
0.917 0.156595 0.0315544 0.157914 0.156595
0.918 0.156179 0.0304489 0.157482 0.156179
0.919 0.155765 0.0293434 0.15705 0.155765
0.92 0.155351 0.0282379 0.156619 0.155351
0.921 0.154938 0.0271325 0.156188 0.154938
0.922 0.154525 0.026027 0.155758 0.154525
0.923 0.154114 0.0249215 0.155328 0.154114
0.924 0.153704 0.023816 0.154899 0.153704
0.925 0.153294 0.0227106 0.15447 0.153294
0.926 0.152886 0.0216051 0.154041 0.152886
0.927 0.152478 0.0204996 0.153613 0.152478
0.928 0.152071 0.0193941 0.153186 0.152071
0.929 0.151665 0.0182886 0.152759 0.151665
0.93 0.15126 0.0171832 0.152333 0.15126
0.931 0.150855 0.0160777 0.151907 0.150855
0.932 0.150452 0.0149722 0.151481 0.150452
0.933 0.15005 0.0138667 0.151056 0.15005
0.934 0.149648 0.0127612 0.150631 0.149648
0.935 0.149247 0.0116558 0.150207 0.149247
0.936 0.148847 0.0105503 0.149783 0.148847
0.937 0.148448 0.0094448 0.149359 0.148448
0.938 0.14805 0.00833933 0.148936 0.14805
0.939 0.147653 0.00723385 0.148514 0.147653
0.94 0.147256 0.00612837 0.148092 0.147256
0.941 0.146861 0.00502289 0.14767 0.146861
0.942 0.146466 0.00391741 0.147248 0.146466
0.943 0.146072 0.00281193 0.146827 0.146072
0.944 0.145679 0.00170645 0.146407 0.145679
0.945 0.145287 0.000600973 0.145987 0.145287
0.946 0.144895 -0.000504505 0.145567 0.144895
0.947 0.144505 -0.00160998 0.145147 0.144505
0.948 0.144115 -0.00271546 0.144728 0.144115
0.949 0.143727 -0.00382094 0.144309 0.143727
0.95 0.143339 -0.00492642 0.143891 0.143339
0.951 0.142952 -0.0060319 0.143473 0.142952
0.952 0.142565 -0.00713738 0.143056 0.142565
0.953 0.14218 -0.00824286 0.142638 0.14218
0.954 0.141796 -0.00934834 0.142221 0.141796
0.955 0.141412 -0.0104538 0.141805 0.141412
0.956 0.141029 -0.0115593 0.141389 0.141029
0.957 0.140647 -0.0126648 0.140973 0.140647
0.958 0.140266 -0.0137703 0.140557 0.140266
0.959 0.139886 -0.0148757 0.140142 0.139886
0.96 0.139506 -0.0159812 0.139727 0.139506
0.961 0.139127 -0.0170867 0.139312 0.139127
0.962 0.13875 -0.0181922 0.138898 0.13875
0.963 0.138373 -0.0192976 0.138484 0.138373
0.964 0.137997 -0.0204031 0.13807 0.137997
0.965 0.137621 -0.0215086 0.137657 0.137621
0.966 0.137247 -0.0226141 0.137244 0.137247
0.967 0.136873 -0.0237196 0.136831 0.136873
0.968 0.1365 -0.024825 0.136419 0.1365
0.969 0.136128 -0.0259305 0.136006 0.136128
0.97 0.135757 -0.027036 0.135594 0.135757
0.971 0.135387 -0.0281415 0.135183 0.135387
0.972 0.135017 -0.029247 0.134771 0.135017
0.973 0.134649 -0.0303524 0.13436 0.134649
0.974 0.134281 -0.0314579 0.133949 0.134281
0.975 0.133914 -0.0325634 0.133538 0.133914
0.976 0.133547 -0.0336689 0.133128 0.133547
0.977 0.133182 -0.0347743 0.132718 0.133182
0.978 0.132817 -0.0358798 0.132308 0.132817
0.979 0.132454 -0.0369853 0.131898 0.132454
0.98 0.132091 -0.0380908 0.131489 0.132091
0.981 0.131728 -0.0391963 0.131079 0.131728
0.982 0.131367 -0.0403017 0.13067 0.131367
0.983 0.131007 -0.0414072 0.130261 0.131007
0.984 0.130647 -0.0425127 0.129853 0.130647
0.985 0.130288 -0.0436182 0.129444 0.130288
0.986 0.12993 -0.0447237 0.129036 0.12993
0.987 0.129572 -0.0458291 0.128628 0.129572
0.988 0.129216 -0.0469346 0.12822 0.129216
0.989 0.12886 -0.0480401 0.127812 0.12886
0.99 0.128505 -0.0491456 0.127405 0.128505
0.991 0.128151 -0.0502511 0.126998 0.128151
0.992 0.127798 -0.0513565 0.12659 0.127798
0.993 0.127445 -0.052462 0.126183 0.127445
0.994 0.127094 -0.0535675 0.125776 0.127094
0.995 0.126743 -0.054673 0.12537 0.126743
0.996 0.126393 -0.0557784 0.124963 0.126393
0.997 0.126043 -0.0568839 0.124557 0.126043
0.998 0.125695 -0.0579894 0.12415 0.125695
0.999 0.125347 -0.0590949 0.123744 0.125347
1 0.125 -0.0602004 0.123338 0.125
