-1 2.71828 2.71823 0.000516321
-0.99 2.66472 2.66471 0.000516321
-0.98 2.61274 2.61275 0.000516321
-0.97 2.56229 2.56232 0.000516321
-0.96 2.51331 2.51335 0.000516321
-0.95 2.46576 2.46581 0.000516321
-0.94 2.41959 2.41965 0.000516321
-0.93 2.37477 2.37482 0.000516321
-0.92 2.33124 2.33128 0.000516321
-0.91 2.28897 2.289 0.000516321
-0.9 2.24791 2.24794 0.000516321
-0.89 2.20803 2.20805 0.000516321
-0.88 2.16929 2.1693 0.000516321
-0.87 2.13166 2.13166 0.000516321
-0.86 2.0951 2.09509 0.000516321
-0.85 2.05958 2.05956 0.000516321
-0.84 2.02506 2.02504 0.000516321
-0.83 1.99152 1.9915 0.000516321
-0.82 1.95893 1.9589 0.000516321
-0.81 1.92726 1.92723 0.000516321
-0.8 1.89648 1.89644 0.000516321
-0.79 1.86657 1.86653 0.000516321
-0.78 1.83749 1.83745 0.000516321
-0.77 1.80923 1.80919 0.000516321
-0.76 1.78176 1.78172 0.000516321
-0.75 1.75505 1.75502 0.000516321
-0.74 1.7291 1.72906 0.000516321
-0.73 1.70387 1.70383 0.000516321
-0.72 1.67934 1.67931 0.000516321
-0.71 1.65549 1.65547 0.000516321
-0.7 1.63232 1.63229 0.000516321
-0.69 1.60978 1.60976 0.000516321
-0.68 1.58788 1.58787 0.000516321
-0.67 1.56659 1.56658 0.000516321
-0.66 1.54589 1.54588 0.000516321
-0.65 1.52577 1.52577 0.000516321
-0.64 1.50622 1.50622 0.000516321
-0.63 1.48721 1.48721 0.000516321
-0.62 1.46873 1.46874 0.000516321
-0.61 1.45078 1.45079 0.000516321
-0.6 1.43333 1.43334 0.000516321
-0.59 1.41637 1.41639 0.000516321
-0.58 1.3999 1.39992 0.000516321
-0.57 1.38389 1.38391 0.000516321
-0.56 1.36834 1.36836 0.000516321
-0.55 1.35324 1.35326 0.000516321
-0.54 1.33857 1.33859 0.000516321
-0.53 1.32432 1.32435 0.000516321
-0.52 1.31049 1.31051 0.000516321
-0.51 1.29706 1.29709 0.000516321
-0.5 1.28403 1.28405 0.000516321
-0.49 1.27138 1.2714 0.000516321
-0.48 1.2591 1.25913 0.000516321
-0.47 1.2472 1.24722 0.000516321
-0.46 1.23565 1.23567 0.000516321
-0.45 1.22446 1.22448 0.000516321
-0.44 1.21361 1.21363 0.000516321
-0.43 1.2031 1.20311 0.000516321
-0.42 1.19292 1.19293 0.000516321
-0.41 1.18305 1.18307 0.000516321
-0.4 1.17351 1.17352 0.000516321
-0.39 1.16428 1.16429 0.000516321
-0.38 1.15535 1.15535 0.000516321
-0.37 1.14671 1.14672 0.000516321
-0.36 1.13837 1.13838 0.000516321
-0.35 1.13032 1.13032 0.000516321
-0.34 1.12255 1.12255 0.000516321
-0.33 1.11505 1.11505 0.000516321
-0.32 1.10783 1.10782 0.000516321
-0.31 1.10087 1.10086 0.000516321
-0.3 1.09417 1.09417 0.000516321
-0.29 1.08774 1.08773 0.000516321
-0.28 1.08156 1.08155 0.000516321
-0.27 1.07562 1.07561 0.000516321
-0.26 1.06994 1.06993 0.000516321
-0.25 1.06449 1.06449 0.000516321
-0.24 1.05929 1.05928 0.000516321
-0.23 1.05432 1.05431 0.000516321
-0.22 1.04959 1.04958 0.000516321
-0.21 1.04509 1.04508 0.000516321
-0.2 1.04081 1.0408 0.000516321
-0.19 1.03676 1.03675 0.000516321
-0.18 1.03293 1.03292 0.000516321
-0.17 1.02932 1.02931 0.000516321
-0.16 1.02593 1.02592 0.000516321
-0.15 1.02276 1.02275 0.000516321
-0.14 1.01979 1.01979 0.000516321
-0.13 1.01704 1.01704 0.000516321
-0.12 1.0145 1.0145 0.000516321
-0.11 1.01217 1.01217 0.000516321
-0.1 1.01005 1.01005 0.000516321
-0.09 1.00813 1.00813 0.000516321
-0.08 1.00642 1.00642 0.000516321
-0.07 1.00491 1.00491 0.000516321
-0.06 1.00361 1.00361 0.000516321
-0.05 1.0025 1.0025 0.000516321
-0.04 1.0016 1.0016 0.000516321
-0.03 1.0009 1.0009 0.000516321
-0.02 1.0004 1.0004 0.000516321
-0.01 1.0001 1.0001 0.000516321
7.5287e-16 1 1 0.000516321
0.01 1.0001 1.0001 0.000516321
0.02 1.0004 1.0004 0.000516321
0.03 1.0009 1.0009 0.000516321
0.04 1.0016 1.0016 0.000516321
0.05 1.0025 1.0025 0.000516321
0.06 1.00361 1.00361 0.000516321
0.07 1.00491 1.00491 0.000516321
0.08 1.00642 1.00642 0.000516321
0.09 1.00813 1.00813 0.000516321
0.1 1.01005 1.01005 0.000516321
0.11 1.01217 1.01217 0.000516321
0.12 1.0145 1.0145 0.000516321
0.13 1.01704 1.01704 0.000516321
0.14 1.01979 1.01979 0.000516321
0.15 1.02276 1.02275 0.000516321
0.16 1.02593 1.02592 0.000516321
0.17 1.02932 1.02931 0.000516321
0.18 1.03293 1.03292 0.000516321
0.19 1.03676 1.03675 0.000516321
0.2 1.04081 1.0408 0.000516321
0.21 1.04509 1.04508 0.000516321
0.22 1.04959 1.04958 0.000516321
0.23 1.05432 1.05431 0.000516321
0.24 1.05929 1.05928 0.000516321
0.25 1.06449 1.06449 0.000516321
0.26 1.06994 1.06993 0.000516321
0.27 1.07562 1.07561 0.000516321
0.28 1.08156 1.08155 0.000516321
0.29 1.08774 1.08773 0.000516321
0.3 1.09417 1.09417 0.000516321
0.31 1.10087 1.10086 0.000516321
0.32 1.10783 1.10782 0.000516321
0.33 1.11505 1.11505 0.000516321
0.34 1.12255 1.12255 0.000516321
0.35 1.13032 1.13032 0.000516321
0.36 1.13837 1.13838 0.000516321
0.37 1.14671 1.14672 0.000516321
0.38 1.15535 1.15535 0.000516321
0.39 1.16428 1.16429 0.000516321
0.4 1.17351 1.17352 0.000516321
0.41 1.18305 1.18307 0.000516321
0.42 1.19292 1.19293 0.000516321
0.43 1.2031 1.20311 0.000516321
0.44 1.21361 1.21363 0.000516321
0.45 1.22446 1.22448 0.000516321
0.46 1.23565 1.23567 0.000516321
0.47 1.2472 1.24722 0.000516321
0.48 1.2591 1.25913 0.000516321
0.49 1.27138 1.2714 0.000516321
0.5 1.28403 1.28405 0.000516321
0.51 1.29706 1.29709 0.000516321
0.52 1.31049 1.31051 0.000516321
0.53 1.32432 1.32435 0.000516321
0.54 1.33857 1.33859 0.000516321
0.55 1.35324 1.35326 0.000516321
0.56 1.36834 1.36836 0.000516321
0.57 1.38389 1.38391 0.000516321
0.58 1.3999 1.39992 0.000516321
0.59 1.41637 1.41639 0.000516321
0.6 1.43333 1.43334 0.000516321
0.61 1.45078 1.45079 0.000516321
0.62 1.46873 1.46874 0.000516321
0.63 1.48721 1.48721 0.000516321
0.64 1.50622 1.50622 0.000516321
0.65 1.52577 1.52577 0.000516321
0.66 1.54589 1.54588 0.000516321
0.67 1.56659 1.56658 0.000516321
0.68 1.58788 1.58787 0.000516321
0.69 1.60978 1.60976 0.000516321
0.7 1.63232 1.63229 0.000516321
0.71 1.65549 1.65547 0.000516321
0.72 1.67934 1.67931 0.000516321
0.73 1.70387 1.70383 0.000516321
0.74 1.7291 1.72906 0.000516321
0.75 1.75505 1.75502 0.000516321
0.76 1.78176 1.78172 0.000516321
0.77 1.80923 1.80919 0.000516321
0.78 1.83749 1.83745 0.000516321
0.79 1.86657 1.86653 0.000516321
0.8 1.89648 1.89644 0.000516321
0.81 1.92726 1.92723 0.000516321
0.82 1.95893 1.9589 0.000516321
0.83 1.99152 1.9915 0.000516321
0.84 2.02506 2.02504 0.000516321
0.85 2.05958 2.05956 0.000516321
0.86 2.0951 2.09509 0.000516321
0.87 2.13166 2.13166 0.000516321
0.88 2.16929 2.1693 0.000516321
0.89 2.20803 2.20805 0.000516321
0.9 2.24791 2.24794 0.000516321
0.91 2.28897 2.289 0.000516321
0.92 2.33124 2.33128 0.000516321
0.93 2.37477 2.37482 0.000516321
0.94 2.41959 2.41965 0.000516321
0.95 2.46576 2.46581 0.000516321
0.96 2.51331 2.51335 0.000516321
0.97 2.56229 2.56232 0.000516321
0.98 2.61274 2.61275 0.000516321
0.99 2.66472 2.66471 0.000516321
