-1 2.71828 2.71768 1.18707e-15
-0.99 2.66472 2.66447 1.18707e-15
-0.98 2.61274 2.61276 1.18707e-15
-0.97 2.56229 2.56251 1.18707e-15
-0.96 2.51331 2.51369 1.18707e-15
-0.95 2.46576 2.46624 1.18707e-15
-0.94 2.41959 2.42014 1.18707e-15
-0.93 2.37477 2.37535 1.18707e-15
-0.92 2.33124 2.33182 1.18707e-15
-0.91 2.28897 2.28952 1.18707e-15
-0.9 2.24791 2.24842 1.18707e-15
-0.89 2.20803 2.20849 1.18707e-15
-0.88 2.16929 2.16968 1.18707e-15
-0.87 2.13166 2.13197 1.18707e-15
-0.86 2.0951 2.09533 1.18707e-15
-0.85 2.05958 2.05973 1.18707e-15
-0.84 2.02506 2.02513 1.18707e-15
-0.83 1.99152 1.99151 1.18707e-15
-0.82 1.95893 1.95884 1.18707e-15
-0.81 1.92726 1.9271 1.18707e-15
-0.8 1.89648 1.89625 1.18707e-15
-0.79 1.86657 1.86627 1.18707e-15
-0.78 1.83749 1.83713 1.18707e-15
-0.77 1.80923 1.80882 1.18707e-15
-0.76 1.78176 1.78131 1.18707e-15
-0.75 1.75505 1.75457 1.18707e-15
-0.74 1.7291 1.72859 1.18707e-15
-0.73 1.70387 1.70334 1.18707e-15
-0.72 1.67934 1.6788 1.18707e-15
-0.71 1.65549 1.65495 1.18707e-15
-0.7 1.63232 1.63178 1.18707e-15
-0.69 1.60978 1.60926 1.18707e-15
-0.68 1.58788 1.58737 1.18707e-15
-0.67 1.56659 1.5661 1.18707e-15
-0.66 1.54589 1.54543 1.18707e-15
-0.65 1.52577 1.52534 1.18707e-15
-0.64 1.50622 1.50582 1.18707e-15
-0.63 1.48721 1.48685 1.18707e-15
-0.62 1.46873 1.46842 1.18707e-15
-0.61 1.45078 1.45051 1.18707e-15
-0.6 1.43333 1.43311 1.18707e-15
-0.59 1.41637 1.4162 1.18707e-15
-0.58 1.3999 1.39978 1.18707e-15
-0.57 1.38389 1.38382 1.18707e-15
-0.56 1.36834 1.36832 1.18707e-15
-0.55 1.35324 1.35327 1.18707e-15
-0.54 1.33857 1.33864 1.18707e-15
-0.53 1.32432 1.32445 1.18707e-15
-0.52 1.31049 1.31066 1.18707e-15
-0.51 1.29706 1.29728 1.18707e-15
-0.5 1.28403 1.28428 1.18707e-15
-0.49 1.27138 1.27167 1.18707e-15
-0.48 1.2591 1.25944 1.18707e-15
-0.47 1.2472 1.24757 1.18707e-15
-0.46 1.23565 1.23605 1.18707e-15
-0.45 1.22446 1.22488 1.18707e-15
-0.44 1.21361 1.21406 1.18707e-15
-0.43 1.2031 1.20356 1.18707e-15
-0.42 1.19292 1.1934 1.18707e-15
-0.41 1.18305 1.18355 1.18707e-15
-0.4 1.17351 1.17401 1.18707e-15
-0.39 1.16428 1.16478 1.18707e-15
-0.38 1.15535 1.15585 1.18707e-15
-0.37 1.14671 1.14721 1.18707e-15
-0.36 1.13837 1.13887 1.18707e-15
-0.35 1.13032 1.1308 1.18707e-15
-0.34 1.12255 1.12302 1.18707e-15
-0.33 1.11505 1.1155 1.18707e-15
-0.32 1.10783 1.10826 1.18707e-15
-0.31 1.10087 1.10128 1.18707e-15
-0.3 1.09417 1.09456 1.18707e-15
-0.29 1.08774 1.08809 1.18707e-15
-0.28 1.08156 1.08188 1.18707e-15
-0.27 1.07562 1.07591 1.18707e-15
-0.26 1.06994 1.07019 1.18707e-15
-0.25 1.06449 1.06471 1.18707e-15
-0.24 1.05929 1.05947 1.18707e-15
-0.23 1.05432 1.05446 1.18707e-15
-0.22 1.04959 1.04969 1.18707e-15
-0.21 1.04509 1.04515 1.18707e-15
-0.2 1.04081 1.04083 1.18707e-15
-0.19 1.03676 1.03674 1.18707e-15
-0.18 1.03293 1.03287 1.18707e-15
-0.17 1.02932 1.02922 1.18707e-15
-0.16 1.02593 1.02579 1.18707e-15
-0.15 1.02276 1.02258 1.18707e-15
-0.14 1.01979 1.01958 1.18707e-15
-0.13 1.01704 1.0168 1.18707e-15
-0.12 1.0145 1.01422 1.18707e-15
-0.11 1.01217 1.01186 1.18707e-15
-0.1 1.01005 1.00971 1.18707e-15
-0.09 1.00813 1.00776 1.18707e-15
-0.08 1.00642 1.00603 1.18707e-15
-0.07 1.00491 1.0045 1.18707e-15
-0.06 1.00361 1.00317 1.18707e-15
-0.05 1.0025 1.00205 1.18707e-15
-0.04 1.0016 1.00113 1.18707e-15
-0.03 1.0009 1.00042 1.18707e-15
-0.02 1.0004 0.999915 1.18707e-15
-0.01 1.0001 0.99961 1.18707e-15
7.5287e-16 1 0.999509 1.18707e-15
0.01 1.0001 0.99961 1.18707e-15
0.02 1.0004 0.999915 1.18707e-15
0.03 1.0009 1.00042 1.18707e-15
0.04 1.0016 1.00113 1.18707e-15
0.05 1.0025 1.00205 1.18707e-15
0.06 1.00361 1.00317 1.18707e-15
0.07 1.00491 1.0045 1.18707e-15
0.08 1.00642 1.00603 1.18707e-15
0.09 1.00813 1.00776 1.18707e-15
0.1 1.01005 1.00971 1.18707e-15
0.11 1.01217 1.01186 1.18707e-15
0.12 1.0145 1.01422 1.18707e-15
0.13 1.01704 1.0168 1.18707e-15
0.14 1.01979 1.01958 1.18707e-15
0.15 1.02276 1.02258 1.18707e-15
0.16 1.02593 1.02579 1.18707e-15
0.17 1.02932 1.02922 1.18707e-15
0.18 1.03293 1.03287 1.18707e-15
0.19 1.03676 1.03674 1.18707e-15
0.2 1.04081 1.04083 1.18707e-15
0.21 1.04509 1.04515 1.18707e-15
0.22 1.04959 1.04969 1.18707e-15
0.23 1.05432 1.05446 1.18707e-15
0.24 1.05929 1.05947 1.18707e-15
0.25 1.06449 1.06471 1.18707e-15
0.26 1.06994 1.07019 1.18707e-15
0.27 1.07562 1.07591 1.18707e-15
0.28 1.08156 1.08188 1.18707e-15
0.29 1.08774 1.08809 1.18707e-15
0.3 1.09417 1.09456 1.18707e-15
0.31 1.10087 1.10128 1.18707e-15
0.32 1.10783 1.10826 1.18707e-15
0.33 1.11505 1.1155 1.18707e-15
0.34 1.12255 1.12302 1.18707e-15
0.35 1.13032 1.1308 1.18707e-15
0.36 1.13837 1.13887 1.18707e-15
0.37 1.14671 1.14721 1.18707e-15
0.38 1.15535 1.15585 1.18707e-15
0.39 1.16428 1.16478 1.18707e-15
0.4 1.17351 1.17401 1.18707e-15
0.41 1.18305 1.18355 1.18707e-15
0.42 1.19292 1.1934 1.18707e-15
0.43 1.2031 1.20356 1.18707e-15
0.44 1.21361 1.21406 1.18707e-15
0.45 1.22446 1.22488 1.18707e-15
0.46 1.23565 1.23605 1.18707e-15
0.47 1.2472 1.24757 1.18707e-15
0.48 1.2591 1.25944 1.18707e-15
0.49 1.27138 1.27167 1.18707e-15
0.5 1.28403 1.28428 1.18707e-15
0.51 1.29706 1.29728 1.18707e-15
0.52 1.31049 1.31066 1.18707e-15
0.53 1.32432 1.32445 1.18707e-15
0.54 1.33857 1.33864 1.18707e-15
0.55 1.35324 1.35327 1.18707e-15
0.56 1.36834 1.36832 1.18707e-15
0.57 1.38389 1.38382 1.18707e-15
0.58 1.3999 1.39978 1.18707e-15
0.59 1.41637 1.4162 1.18707e-15
0.6 1.43333 1.43311 1.18707e-15
0.61 1.45078 1.45051 1.18707e-15
0.62 1.46873 1.46842 1.18707e-15
0.63 1.48721 1.48685 1.18707e-15
0.64 1.50622 1.50582 1.18707e-15
0.65 1.52577 1.52534 1.18707e-15
0.66 1.54589 1.54543 1.18707e-15
0.67 1.56659 1.5661 1.18707e-15
0.68 1.58788 1.58737 1.18707e-15
0.69 1.60978 1.60926 1.18707e-15
0.7 1.63232 1.63178 1.18707e-15
0.71 1.65549 1.65495 1.18707e-15
0.72 1.67934 1.6788 1.18707e-15
0.73 1.70387 1.70334 1.18707e-15
0.74 1.7291 1.72859 1.18707e-15
0.75 1.75505 1.75457 1.18707e-15
0.76 1.78176 1.78131 1.18707e-15
0.77 1.80923 1.80882 1.18707e-15
0.78 1.83749 1.83713 1.18707e-15
0.79 1.86657 1.86627 1.18707e-15
0.8 1.89648 1.89625 1.18707e-15
0.81 1.92726 1.9271 1.18707e-15
0.82 1.95893 1.95884 1.18707e-15
0.83 1.99152 1.99151 1.18707e-15
0.84 2.02506 2.02513 1.18707e-15
0.85 2.05958 2.05973 1.18707e-15
0.86 2.0951 2.09533 1.18707e-15
0.87 2.13166 2.13197 1.18707e-15
0.88 2.16929 2.16968 1.18707e-15
0.89 2.20803 2.20849 1.18707e-15
0.9 2.24791 2.24842 1.18707e-15
0.91 2.28897 2.28952 1.18707e-15
0.92 2.33124 2.33182 1.18707e-15
0.93 2.37477 2.37535 1.18707e-15
0.94 2.41959 2.42014 1.18707e-15
0.95 2.46576 2.46624 1.18707e-15
0.96 2.51331 2.51369 1.18707e-15
0.97 2.56229 2.56251 1.18707e-15
0.98 2.61274 2.61276 1.18707e-15
0.99 2.66472 2.66447 1.18707e-15
