-1 2.71828 2.71714 0.00817867
-0.99 2.66472 2.6641 0.00817867
-0.98 2.61274 2.61256 0.00817867
-0.97 2.56229 2.56245 0.00817867
-0.96 2.51331 2.51374 0.00817867
-0.95 2.46576 2.46641 0.00817867
-0.94 2.41959 2.42039 0.00817867
-0.93 2.37477 2.37567 0.00817867
-0.92 2.33124 2.3322 0.00817867
-0.91 2.28897 2.28996 0.00817867
-0.9 2.24791 2.2489 0.00817867
-0.89 2.20803 2.20899 0.00817867
-0.88 2.16929 2.1702 0.00817867
-0.87 2.13166 2.1325 0.00817867
-0.86 2.0951 2.09586 0.00817867
-0.85 2.05958 2.06025 0.00817867
-0.84 2.02506 2.02564 0.00817867
-0.83 1.99152 1.992 0.00817867
-0.82 1.95893 1.95931 0.00817867
-0.81 1.92726 1.92754 0.00817867
-0.8 1.89648 1.89666 0.00817867
-0.79 1.86657 1.86664 0.00817867
-0.78 1.83749 1.83747 0.00817867
-0.77 1.80923 1.80912 0.00817867
-0.76 1.78176 1.78157 0.00817867
-0.75 1.75505 1.75479 0.00817867
-0.74 1.7291 1.72876 0.00817867
-0.73 1.70387 1.70347 0.00817867
-0.72 1.67934 1.67888 0.00817867
-0.71 1.65549 1.65499 0.00817867
-0.7 1.63232 1.63177 0.00817867
-0.69 1.60978 1.60921 0.00817867
-0.68 1.58788 1.58728 0.00817867
-0.67 1.56659 1.56597 0.00817867
-0.66 1.54589 1.54526 0.00817867
-0.65 1.52577 1.52513 0.00817867
-0.64 1.50622 1.50557 0.00817867
-0.63 1.48721 1.48657 0.00817867
-0.62 1.46873 1.46811 0.00817867
-0.61 1.45078 1.45017 0.00817867
-0.6 1.43333 1.43274 0.00817867
-0.59 1.41637 1.41581 0.00817867
-0.58 1.3999 1.39936 0.00817867
-0.57 1.38389 1.38339 0.00817867
-0.56 1.36834 1.36787 0.00817867
-0.55 1.35324 1.3528 0.00817867
-0.54 1.33857 1.33817 0.00817867
-0.53 1.32432 1.32396 0.00817867
-0.52 1.31049 1.31016 0.00817867
-0.51 1.29706 1.29677 0.00817867
-0.5 1.28403 1.28378 0.00817867
-0.49 1.27138 1.27117 0.00817867
-0.48 1.2591 1.25894 0.00817867
-0.47 1.2472 1.24707 0.00817867
-0.46 1.23565 1.23556 0.00817867
-0.45 1.22446 1.22441 0.00817867
-0.44 1.21361 1.21359 0.00817867
-0.43 1.2031 1.20311 0.00817867
-0.42 1.19292 1.19296 0.00817867
-0.41 1.18305 1.18313 0.00817867
-0.4 1.17351 1.17361 0.00817867
-0.39 1.16428 1.1644 0.00817867
-0.38 1.15535 1.15549 0.00817867
-0.37 1.14671 1.14688 0.00817867
-0.36 1.13837 1.13856 0.00817867
-0.35 1.13032 1.13052 0.00817867
-0.34 1.12255 1.12276 0.00817867
-0.33 1.11505 1.11527 0.00817867
-0.32 1.10783 1.10806 0.00817867
-0.31 1.10087 1.10111 0.00817867
-0.3 1.09417 1.09442 0.00817867
-0.29 1.08774 1.08798 0.00817867
-0.28 1.08156 1.0818 0.00817867
-0.27 1.07562 1.07586 0.00817867
-0.26 1.06994 1.07017 0.00817867
-0.25 1.06449 1.06473 0.00817867
-0.24 1.05929 1.05952 0.00817867
-0.23 1.05432 1.05454 0.00817867
-0.22 1.04959 1.0498 0.00817867
-0.21 1.04509 1.04528 0.00817867
-0.2 1.04081 1.041 0.00817867
-0.19 1.03676 1.03693 0.00817867
-0.18 1.03293 1.03309 0.00817867
-0.17 1.02932 1.02947 0.00817867
-0.16 1.02593 1.02607 0.00817867
-0.15 1.02276 1.02288 0.00817867
-0.14 1.01979 1.0199 0.00817867
-0.13 1.01704 1.01714 0.00817867
-0.12 1.0145 1.01459 0.00817867
-0.11 1.01217 1.01225 0.00817867
-0.1 1.01005 1.01011 0.00817867
-0.09 1.00813 1.00818 0.00817867
-0.08 1.00642 1.00646 0.00817867
-0.07 1.00491 1.00494 0.00817867
-0.06 1.00361 1.00363 0.00817867
-0.05 1.0025 1.00252 0.00817867
-0.04 1.0016 1.00161 0.00817867
-0.03 1.0009 1.00091 0.00817867
-0.02 1.0004 1.0004 0.00817867
-0.01 1.0001 1.0001 0.00817867
7.5287e-16 1 1 0.00817867
0.01 1.0001 1.0001 0.00817867
0.02 1.0004 1.0004 0.00817867
0.03 1.0009 1.00091 0.00817867
0.04 1.0016 1.00161 0.00817867
0.05 1.0025 1.00252 0.00817867
0.06 1.00361 1.00363 0.00817867
0.07 1.00491 1.00494 0.00817867
0.08 1.00642 1.00646 0.00817867
0.09 1.00813 1.00818 0.00817867
0.1 1.01005 1.01011 0.00817867
0.11 1.01217 1.01225 0.00817867
0.12 1.0145 1.01459 0.00817867
0.13 1.01704 1.01714 0.00817867
0.14 1.01979 1.0199 0.00817867
0.15 1.02276 1.02288 0.00817867
0.16 1.02593 1.02607 0.00817867
0.17 1.02932 1.02947 0.00817867
0.18 1.03293 1.03309 0.00817867
0.19 1.03676 1.03693 0.00817867
0.2 1.04081 1.041 0.00817867
0.21 1.04509 1.04528 0.00817867
0.22 1.04959 1.0498 0.00817867
0.23 1.05432 1.05454 0.00817867
0.24 1.05929 1.05952 0.00817867
0.25 1.06449 1.06473 0.00817867
0.26 1.06994 1.07017 0.00817867
0.27 1.07562 1.07586 0.00817867
0.28 1.08156 1.0818 0.00817867
0.29 1.08774 1.08798 0.00817867
0.3 1.09417 1.09442 0.00817867
0.31 1.10087 1.10111 0.00817867
0.32 1.10783 1.10806 0.00817867
0.33 1.11505 1.11527 0.00817867
0.34 1.12255 1.12276 0.00817867
0.35 1.13032 1.13052 0.00817867
0.36 1.13837 1.13856 0.00817867
0.37 1.14671 1.14688 0.00817867
0.38 1.15535 1.15549 0.00817867
0.39 1.16428 1.1644 0.00817867
0.4 1.17351 1.17361 0.00817867
0.41 1.18305 1.18313 0.00817867
0.42 1.19292 1.19296 0.00817867
0.43 1.2031 1.20311 0.00817867
0.44 1.21361 1.21359 0.00817867
0.45 1.22446 1.22441 0.00817867
0.46 1.23565 1.23556 0.00817867
0.47 1.2472 1.24707 0.00817867
0.48 1.2591 1.25894 0.00817867
0.49 1.27138 1.27117 0.00817867
0.5 1.28403 1.28378 0.00817867
0.51 1.29706 1.29677 0.00817867
0.52 1.31049 1.31016 0.00817867
0.53 1.32432 1.32396 0.00817867
0.54 1.33857 1.33817 0.00817867
0.55 1.35324 1.3528 0.00817867
0.56 1.36834 1.36787 0.00817867
0.57 1.38389 1.38339 0.00817867
0.58 1.3999 1.39936 0.00817867
0.59 1.41637 1.41581 0.00817867
0.6 1.43333 1.43274 0.00817867
0.61 1.45078 1.45017 0.00817867
0.62 1.46873 1.46811 0.00817867
0.63 1.48721 1.48657 0.00817867
0.64 1.50622 1.50557 0.00817867
0.65 1.52577 1.52513 0.00817867
0.66 1.54589 1.54526 0.00817867
0.67 1.56659 1.56597 0.00817867
0.68 1.58788 1.58728 0.00817867
0.69 1.60978 1.60921 0.00817867
0.7 1.63232 1.63177 0.00817867
0.71 1.65549 1.65499 0.00817867
0.72 1.67934 1.67888 0.00817867
0.73 1.70387 1.70347 0.00817867
0.74 1.7291 1.72876 0.00817867
0.75 1.75505 1.75479 0.00817867
0.76 1.78176 1.78157 0.00817867
0.77 1.80923 1.80912 0.00817867
0.78 1.83749 1.83747 0.00817867
0.79 1.86657 1.86664 0.00817867
0.8 1.89648 1.89666 0.00817867
0.81 1.92726 1.92754 0.00817867
0.82 1.95893 1.95931 0.00817867
0.83 1.99152 1.992 0.00817867
0.84 2.02506 2.02564 0.00817867
0.85 2.05958 2.06025 0.00817867
0.86 2.0951 2.09586 0.00817867
0.87 2.13166 2.1325 0.00817867
0.88 2.16929 2.1702 0.00817867
0.89 2.20803 2.20899 0.00817867
0.9 2.24791 2.2489 0.00817867
0.91 2.28897 2.28996 0.00817867
0.92 2.33124 2.3322 0.00817867
0.93 2.37477 2.37567 0.00817867
0.94 2.41959 2.42039 0.00817867
0.95 2.46576 2.46641 0.00817867
0.96 2.51331 2.51374 0.00817867
0.97 2.56229 2.56245 0.00817867
0.98 2.61274 2.61256 0.00817867
0.99 2.66472 2.6641 0.00817867
