-1 2.71828 2.71828 3.40104e-11
-0.99 2.66472 2.66472 3.40104e-11
-0.98 2.61274 2.61274 3.40104e-11
-0.97 2.56229 2.56229 3.40104e-11
-0.96 2.51331 2.51331 3.40104e-11
-0.95 2.46576 2.46576 3.40104e-11
-0.94 2.41959 2.41959 3.40104e-11
-0.93 2.37477 2.37477 3.40104e-11
-0.92 2.33124 2.33124 3.40104e-11
-0.91 2.28897 2.28897 3.40104e-11
-0.9 2.24791 2.24791 3.40104e-11
-0.89 2.20803 2.20803 3.40104e-11
-0.88 2.16929 2.16929 3.40104e-11
-0.87 2.13166 2.13166 3.40104e-11
-0.86 2.0951 2.0951 3.40104e-11
-0.85 2.05958 2.05958 3.40104e-11
-0.84 2.02506 2.02506 3.40104e-11
-0.83 1.99152 1.99152 3.40104e-11
-0.82 1.95893 1.95893 3.40104e-11
-0.81 1.92726 1.92726 3.40104e-11
-0.8 1.89648 1.89648 3.40104e-11
-0.79 1.86657 1.86657 3.40104e-11
-0.78 1.83749 1.83749 3.40104e-11
-0.77 1.80923 1.80923 3.40104e-11
-0.76 1.78176 1.78176 3.40104e-11
-0.75 1.75505 1.75505 3.40104e-11
-0.74 1.7291 1.7291 3.40104e-11
-0.73 1.70387 1.70387 3.40104e-11
-0.72 1.67934 1.67934 3.40104e-11
-0.71 1.65549 1.65549 3.40104e-11
-0.7 1.63232 1.63232 3.40104e-11
-0.69 1.60978 1.60978 3.40104e-11
-0.68 1.58788 1.58788 3.40104e-11
-0.67 1.56659 1.56659 3.40104e-11
-0.66 1.54589 1.54589 3.40104e-11
-0.65 1.52577 1.52577 3.40104e-11
-0.64 1.50622 1.50622 3.40104e-11
-0.63 1.48721 1.48721 3.40104e-11
-0.62 1.46873 1.46873 3.40104e-11
-0.61 1.45078 1.45078 3.40104e-11
-0.6 1.43333 1.43333 3.40104e-11
-0.59 1.41637 1.41637 3.40104e-11
-0.58 1.3999 1.3999 3.40104e-11
-0.57 1.38389 1.38389 3.40104e-11
-0.56 1.36834 1.36834 3.40104e-11
-0.55 1.35324 1.35324 3.40104e-11
-0.54 1.33857 1.33857 3.40104e-11
-0.53 1.32432 1.32432 3.40104e-11
-0.52 1.31049 1.31049 3.40104e-11
-0.51 1.29706 1.29706 3.40104e-11
-0.5 1.28403 1.28403 3.40104e-11
-0.49 1.27138 1.27138 3.40104e-11
-0.48 1.2591 1.2591 3.40104e-11
-0.47 1.2472 1.2472 3.40104e-11
-0.46 1.23565 1.23565 3.40104e-11
-0.45 1.22446 1.22446 3.40104e-11
-0.44 1.21361 1.21361 3.40104e-11
-0.43 1.2031 1.2031 3.40104e-11
-0.42 1.19292 1.19292 3.40104e-11
-0.41 1.18305 1.18305 3.40104e-11
-0.4 1.17351 1.17351 3.40104e-11
-0.39 1.16428 1.16428 3.40104e-11
-0.38 1.15535 1.15535 3.40104e-11
-0.37 1.14671 1.14671 3.40104e-11
-0.36 1.13837 1.13837 3.40104e-11
-0.35 1.13032 1.13032 3.40104e-11
-0.34 1.12255 1.12255 3.40104e-11
-0.33 1.11505 1.11505 3.40104e-11
-0.32 1.10783 1.10783 3.40104e-11
-0.31 1.10087 1.10087 3.40104e-11
-0.3 1.09417 1.09417 3.40104e-11
-0.29 1.08774 1.08774 3.40104e-11
-0.28 1.08156 1.08156 3.40104e-11
-0.27 1.07562 1.07562 3.40104e-11
-0.26 1.06994 1.06994 3.40104e-11
-0.25 1.06449 1.06449 3.40104e-11
-0.24 1.05929 1.05929 3.40104e-11
-0.23 1.05432 1.05432 3.40104e-11
-0.22 1.04959 1.04959 3.40104e-11
-0.21 1.04509 1.04509 3.40104e-11
-0.2 1.04081 1.04081 3.40104e-11
-0.19 1.03676 1.03676 3.40104e-11
-0.18 1.03293 1.03293 3.40104e-11
-0.17 1.02932 1.02932 3.40104e-11
-0.16 1.02593 1.02593 3.40104e-11
-0.15 1.02276 1.02276 3.40104e-11
-0.14 1.01979 1.01979 3.40104e-11
-0.13 1.01704 1.01704 3.40104e-11
-0.12 1.0145 1.0145 3.40104e-11
-0.11 1.01217 1.01217 3.40104e-11
-0.1 1.01005 1.01005 3.40104e-11
-0.09 1.00813 1.00813 3.40104e-11
-0.08 1.00642 1.00642 3.40104e-11
-0.07 1.00491 1.00491 3.40104e-11
-0.06 1.00361 1.00361 3.40104e-11
-0.05 1.0025 1.0025 3.40104e-11
-0.04 1.0016 1.0016 3.40104e-11
-0.03 1.0009 1.0009 3.40104e-11
-0.02 1.0004 1.0004 3.40104e-11
-0.01 1.0001 1.0001 3.40104e-11
7.5287e-16 1 1 3.40104e-11
0.01 1.0001 1.0001 3.40104e-11
0.02 1.0004 1.0004 3.40104e-11
0.03 1.0009 1.0009 3.40104e-11
0.04 1.0016 1.0016 3.40104e-11
0.05 1.0025 1.0025 3.40104e-11
0.06 1.00361 1.00361 3.40104e-11
0.07 1.00491 1.00491 3.40104e-11
0.08 1.00642 1.00642 3.40104e-11
0.09 1.00813 1.00813 3.40104e-11
0.1 1.01005 1.01005 3.40104e-11
0.11 1.01217 1.01217 3.40104e-11
0.12 1.0145 1.0145 3.40104e-11
0.13 1.01704 1.01704 3.40104e-11
0.14 1.01979 1.01979 3.40104e-11
0.15 1.02276 1.02276 3.40104e-11
0.16 1.02593 1.02593 3.40104e-11
0.17 1.02932 1.02932 3.40104e-11
0.18 1.03293 1.03293 3.40104e-11
0.19 1.03676 1.03676 3.40104e-11
0.2 1.04081 1.04081 3.40104e-11
0.21 1.04509 1.04509 3.40104e-11
0.22 1.04959 1.04959 3.40104e-11
0.23 1.05432 1.05432 3.40104e-11
0.24 1.05929 1.05929 3.40104e-11
0.25 1.06449 1.06449 3.40104e-11
0.26 1.06994 1.06994 3.40104e-11
0.27 1.07562 1.07562 3.40104e-11
0.28 1.08156 1.08156 3.40104e-11
0.29 1.08774 1.08774 3.40104e-11
0.3 1.09417 1.09417 3.40104e-11
0.31 1.10087 1.10087 3.40104e-11
0.32 1.10783 1.10783 3.40104e-11
0.33 1.11505 1.11505 3.40104e-11
0.34 1.12255 1.12255 3.40104e-11
0.35 1.13032 1.13032 3.40104e-11
0.36 1.13837 1.13837 3.40104e-11
0.37 1.14671 1.14671 3.40104e-11
0.38 1.15535 1.15535 3.40104e-11
0.39 1.16428 1.16428 3.40104e-11
0.4 1.17351 1.17351 3.40104e-11
0.41 1.18305 1.18305 3.40104e-11
0.42 1.19292 1.19292 3.40104e-11
0.43 1.2031 1.2031 3.40104e-11
0.44 1.21361 1.21361 3.40104e-11
0.45 1.22446 1.22446 3.40104e-11
0.46 1.23565 1.23565 3.40104e-11
0.47 1.2472 1.2472 3.40104e-11
0.48 1.2591 1.2591 3.40104e-11
0.49 1.27138 1.27138 3.40104e-11
0.5 1.28403 1.28403 3.40104e-11
0.51 1.29706 1.29706 3.40104e-11
0.52 1.31049 1.31049 3.40104e-11
0.53 1.32432 1.32432 3.40104e-11
0.54 1.33857 1.33857 3.40104e-11
0.55 1.35324 1.35324 3.40104e-11
0.56 1.36834 1.36834 3.40104e-11
0.57 1.38389 1.38389 3.40104e-11
0.58 1.3999 1.3999 3.40104e-11
0.59 1.41637 1.41637 3.40104e-11
0.6 1.43333 1.43333 3.40104e-11
0.61 1.45078 1.45078 3.40104e-11
0.62 1.46873 1.46873 3.40104e-11
0.63 1.48721 1.48721 3.40104e-11
0.64 1.50622 1.50622 3.40104e-11
0.65 1.52577 1.52577 3.40104e-11
0.66 1.54589 1.54589 3.40104e-11
0.67 1.56659 1.56659 3.40104e-11
0.68 1.58788 1.58788 3.40104e-11
0.69 1.60978 1.60978 3.40104e-11
0.7 1.63232 1.63232 3.40104e-11
0.71 1.65549 1.65549 3.40104e-11
0.72 1.67934 1.67934 3.40104e-11
0.73 1.70387 1.70387 3.40104e-11
0.74 1.7291 1.7291 3.40104e-11
0.75 1.75505 1.75505 3.40104e-11
0.76 1.78176 1.78176 3.40104e-11
0.77 1.80923 1.80923 3.40104e-11
0.78 1.83749 1.83749 3.40104e-11
0.79 1.86657 1.86657 3.40104e-11
0.8 1.89648 1.89648 3.40104e-11
0.81 1.92726 1.92726 3.40104e-11
0.82 1.95893 1.95893 3.40104e-11
0.83 1.99152 1.99152 3.40104e-11
0.84 2.02506 2.02506 3.40104e-11
0.85 2.05958 2.05958 3.40104e-11
0.86 2.0951 2.0951 3.40104e-11
0.87 2.13166 2.13166 3.40104e-11
0.88 2.16929 2.16929 3.40104e-11
0.89 2.20803 2.20803 3.40104e-11
0.9 2.24791 2.24791 3.40104e-11
0.91 2.28897 2.28897 3.40104e-11
0.92 2.33124 2.33124 3.40104e-11
0.93 2.37477 2.37477 3.40104e-11
0.94 2.41959 2.41959 3.40104e-11
0.95 2.46576 2.46576 3.40104e-11
0.96 2.51331 2.51331 3.40104e-11
0.97 2.56229 2.56229 3.40104e-11
0.98 2.61274 2.61274 3.40104e-11
0.99 2.66472 2.66472 3.40104e-11
