-1 2.71828 2.48933 0.744667
-0.99 2.66472 2.4597 0.744667
-0.98 2.61274 2.43036 0.744667
-0.97 2.56229 2.40131 0.744667
-0.96 2.51331 2.37257 0.744667
-0.95 2.46576 2.34412 0.744667
-0.94 2.41959 2.31597 0.744667
-0.93 2.37477 2.28812 0.744667
-0.92 2.33124 2.26057 0.744667
-0.91 2.28897 2.23332 0.744667
-0.9 2.24791 2.20636 0.744667
-0.89 2.20803 2.1797 0.744667
-0.88 2.16929 2.15334 0.744667
-0.87 2.13166 2.12728 0.744667
-0.86 2.0951 2.10151 0.744667
-0.85 2.05958 2.07604 0.744667
-0.84 2.02506 2.05087 0.744667
-0.83 1.99152 2.026 0.744667
-0.82 1.95893 2.00143 0.744667
-0.81 1.92726 1.97715 0.744667
-0.8 1.89648 1.95317 0.744667
-0.79 1.86657 1.92949 0.744667
-0.78 1.83749 1.90611 0.744667
-0.77 1.80923 1.88303 0.744667
-0.76 1.78176 1.86024 0.744667
-0.75 1.75505 1.83775 0.744667
-0.74 1.7291 1.81556 0.744667
-0.73 1.70387 1.79367 0.744667
-0.72 1.67934 1.77207 0.744667
-0.71 1.65549 1.75077 0.744667
-0.7 1.63232 1.72977 0.744667
-0.69 1.60978 1.70907 0.744667
-0.68 1.58788 1.68867 0.744667
-0.67 1.56659 1.66856 0.744667
-0.66 1.54589 1.64875 0.744667
-0.65 1.52577 1.62924 0.744667
-0.64 1.50622 1.61003 0.744667
-0.63 1.48721 1.59112 0.744667
-0.62 1.46873 1.5725 0.744667
-0.61 1.45078 1.55418 0.744667
-0.6 1.43333 1.53616 0.744667
-0.59 1.41637 1.51844 0.744667
-0.58 1.3999 1.50101 0.744667
-0.57 1.38389 1.48388 0.744667
-0.56 1.36834 1.46705 0.744667
-0.55 1.35324 1.45052 0.744667
-0.54 1.33857 1.43429 0.744667
-0.53 1.32432 1.41835 0.744667
-0.52 1.31049 1.40272 0.744667
-0.51 1.29706 1.38738 0.744667
-0.5 1.28403 1.37233 0.744667
-0.49 1.27138 1.35759 0.744667
-0.48 1.2591 1.34314 0.744667
-0.47 1.2472 1.32899 0.744667
-0.46 1.23565 1.31514 0.744667
-0.45 1.22446 1.30159 0.744667
-0.44 1.21361 1.28833 0.744667
-0.43 1.2031 1.27538 0.744667
-0.42 1.19292 1.26272 0.744667
-0.41 1.18305 1.25036 0.744667
-0.4 1.17351 1.23829 0.744667
-0.39 1.16428 1.22653 0.744667
-0.38 1.15535 1.21506 0.744667
-0.37 1.14671 1.20389 0.744667
-0.36 1.13837 1.19302 0.744667
-0.35 1.13032 1.18244 0.744667
-0.34 1.12255 1.17217 0.744667
-0.33 1.11505 1.16219 0.744667
-0.32 1.10783 1.15251 0.744667
-0.31 1.10087 1.14312 0.744667
-0.3 1.09417 1.13404 0.744667
-0.29 1.08774 1.12525 0.744667
-0.28 1.08156 1.11676 0.744667
-0.27 1.07562 1.10857 0.744667
-0.26 1.06994 1.10068 0.744667
-0.25 1.06449 1.09308 0.744667
-0.24 1.05929 1.08579 0.744667
-0.23 1.05432 1.07879 0.744667
-0.22 1.04959 1.07208 0.744667
-0.21 1.04509 1.06568 0.744667
-0.2 1.04081 1.05957 0.744667
-0.19 1.03676 1.05376 0.744667
-0.18 1.03293 1.04825 0.744667
-0.17 1.02932 1.04304 0.744667
-0.16 1.02593 1.03813 0.744667
-0.15 1.02276 1.03351 0.744667
-0.14 1.01979 1.02919 0.744667
-0.13 1.01704 1.02517 0.744667
-0.12 1.0145 1.02145 0.744667
-0.11 1.01217 1.01802 0.744667
-0.1 1.01005 1.01489 0.744667
-0.09 1.00813 1.01206 0.744667
-0.08 1.00642 1.00953 0.744667
-0.07 1.00491 1.0073 0.744667
-0.06 1.00361 1.00536 0.744667
-0.05 1.0025 1.00372 0.744667
-0.04 1.0016 1.00238 0.744667
-0.03 1.0009 1.00134 0.744667
-0.02 1.0004 1.0006 0.744667
-0.01 1.0001 1.00015 0.744667
7.5287e-16 1 1 0.744667
0.01 1.0001 1.00015 0.744667
0.02 1.0004 1.0006 0.744667
0.03 1.0009 1.00134 0.744667
0.04 1.0016 1.00238 0.744667
0.05 1.0025 1.00372 0.744667
0.06 1.00361 1.00536 0.744667
0.07 1.00491 1.0073 0.744667
0.08 1.00642 1.00953 0.744667
0.09 1.00813 1.01206 0.744667
0.1 1.01005 1.01489 0.744667
0.11 1.01217 1.01802 0.744667
0.12 1.0145 1.02145 0.744667
0.13 1.01704 1.02517 0.744667
0.14 1.01979 1.02919 0.744667
0.15 1.02276 1.03351 0.744667
0.16 1.02593 1.03813 0.744667
0.17 1.02932 1.04304 0.744667
0.18 1.03293 1.04825 0.744667
0.19 1.03676 1.05376 0.744667
0.2 1.04081 1.05957 0.744667
0.21 1.04509 1.06568 0.744667
0.22 1.04959 1.07208 0.744667
0.23 1.05432 1.07879 0.744667
0.24 1.05929 1.08579 0.744667
0.25 1.06449 1.09308 0.744667
0.26 1.06994 1.10068 0.744667
0.27 1.07562 1.10857 0.744667
0.28 1.08156 1.11676 0.744667
0.29 1.08774 1.12525 0.744667
0.3 1.09417 1.13404 0.744667
0.31 1.10087 1.14312 0.744667
0.32 1.10783 1.15251 0.744667
0.33 1.11505 1.16219 0.744667
0.34 1.12255 1.17217 0.744667
0.35 1.13032 1.18244 0.744667
0.36 1.13837 1.19302 0.744667
0.37 1.14671 1.20389 0.744667
0.38 1.15535 1.21506 0.744667
0.39 1.16428 1.22653 0.744667
0.4 1.17351 1.23829 0.744667
0.41 1.18305 1.25036 0.744667
0.42 1.19292 1.26272 0.744667
0.43 1.2031 1.27538 0.744667
0.44 1.21361 1.28833 0.744667
0.45 1.22446 1.30159 0.744667
0.46 1.23565 1.31514 0.744667
0.47 1.2472 1.32899 0.744667
0.48 1.2591 1.34314 0.744667
0.49 1.27138 1.35759 0.744667
0.5 1.28403 1.37233 0.744667
0.51 1.29706 1.38738 0.744667
0.52 1.31049 1.40272 0.744667
0.53 1.32432 1.41835 0.744667
0.54 1.33857 1.43429 0.744667
0.55 1.35324 1.45052 0.744667
0.56 1.36834 1.46705 0.744667
0.57 1.38389 1.48388 0.744667
0.58 1.3999 1.50101 0.744667
0.59 1.41637 1.51844 0.744667
0.6 1.43333 1.53616 0.744667
0.61 1.45078 1.55418 0.744667
0.62 1.46873 1.5725 0.744667
0.63 1.48721 1.59112 0.744667
0.64 1.50622 1.61003 0.744667
0.65 1.52577 1.62924 0.744667
0.66 1.54589 1.64875 0.744667
0.67 1.56659 1.66856 0.744667
0.68 1.58788 1.68867 0.744667
0.69 1.60978 1.70907 0.744667
0.7 1.63232 1.72977 0.744667
0.71 1.65549 1.75077 0.744667
0.72 1.67934 1.77207 0.744667
0.73 1.70387 1.79367 0.744667
0.74 1.7291 1.81556 0.744667
0.75 1.75505 1.83775 0.744667
0.76 1.78176 1.86024 0.744667
0.77 1.80923 1.88303 0.744667
0.78 1.83749 1.90611 0.744667
0.79 1.86657 1.92949 0.744667
0.8 1.89648 1.95317 0.744667
0.81 1.92726 1.97715 0.744667
0.82 1.95893 2.00143 0.744667
0.83 1.99152 2.026 0.744667
0.84 2.02506 2.05087 0.744667
0.85 2.05958 2.07604 0.744667
0.86 2.0951 2.10151 0.744667
0.87 2.13166 2.12728 0.744667
0.88 2.16929 2.15334 0.744667
0.89 2.20803 2.1797 0.744667
0.9 2.24791 2.20636 0.744667
0.91 2.28897 2.23332 0.744667
0.92 2.33124 2.26057 0.744667
0.93 2.37477 2.28812 0.744667
0.94 2.41959 2.31597 0.744667
0.95 2.46576 2.34412 0.744667
0.96 2.51331 2.37257 0.744667
0.97 2.56229 2.40131 0.744667
0.98 2.61274 2.43036 0.744667
0.99 2.66472 2.4597 0.744667
