-1 2.71828 2.59449 1.24286e-15
-0.99 2.66472 2.56099 1.24286e-15
-0.98 2.61274 2.52783 1.24286e-15
-0.97 2.56229 2.495 1.24286e-15
-0.96 2.51331 2.46252 1.24286e-15
-0.95 2.46576 2.43037 1.24286e-15
-0.94 2.41959 2.39855 1.24286e-15
-0.93 2.37477 2.36707 1.24286e-15
-0.92 2.33124 2.33593 1.24286e-15
-0.91 2.28897 2.30513 1.24286e-15
-0.9 2.24791 2.27466 1.24286e-15
-0.89 2.20803 2.24453 1.24286e-15
-0.88 2.16929 2.21474 1.24286e-15
-0.87 2.13166 2.18528 1.24286e-15
-0.86 2.0951 2.15616 1.24286e-15
-0.85 2.05958 2.12738 1.24286e-15
-0.84 2.02506 2.09893 1.24286e-15
-0.83 1.99152 2.07082 1.24286e-15
-0.82 1.95893 2.04304 1.24286e-15
-0.81 1.92726 2.0156 1.24286e-15
-0.8 1.89648 1.9885 1.24286e-15
-0.79 1.86657 1.96174 1.24286e-15
-0.78 1.83749 1.93531 1.24286e-15
-0.77 1.80923 1.90922 1.24286e-15
-0.76 1.78176 1.88347 1.24286e-15
-0.75 1.75505 1.85805 1.24286e-15
-0.74 1.7291 1.83297 1.24286e-15
-0.73 1.70387 1.80822 1.24286e-15
-0.72 1.67934 1.78382 1.24286e-15
-0.71 1.65549 1.75975 1.24286e-15
-0.7 1.63232 1.73601 1.24286e-15
-0.69 1.60978 1.71261 1.24286e-15
-0.68 1.58788 1.68955 1.24286e-15
-0.67 1.56659 1.66683 1.24286e-15
-0.66 1.54589 1.64444 1.24286e-15
-0.65 1.52577 1.62239 1.24286e-15
-0.64 1.50622 1.60068 1.24286e-15
-0.63 1.48721 1.5793 1.24286e-15
-0.62 1.46873 1.55826 1.24286e-15
-0.61 1.45078 1.53755 1.24286e-15
-0.6 1.43333 1.51718 1.24286e-15
-0.59 1.41637 1.49715 1.24286e-15
-0.58 1.3999 1.47746 1.24286e-15
-0.57 1.38389 1.4581 1.24286e-15
-0.56 1.36834 1.43908 1.24286e-15
-0.55 1.35324 1.4204 1.24286e-15
-0.54 1.33857 1.40205 1.24286e-15
-0.53 1.32432 1.38404 1.24286e-15
-0.52 1.31049 1.36636 1.24286e-15
-0.51 1.29706 1.34902 1.24286e-15
-0.5 1.28403 1.33202 1.24286e-15
-0.49 1.27138 1.31536 1.24286e-15
-0.48 1.2591 1.29903 1.24286e-15
-0.47 1.2472 1.28304 1.24286e-15
-0.46 1.23565 1.26738 1.24286e-15
-0.45 1.22446 1.25207 1.24286e-15
-0.44 1.21361 1.23709 1.24286e-15
-0.43 1.2031 1.22244 1.24286e-15
-0.42 1.19292 1.20813 1.24286e-15
-0.41 1.18305 1.19416 1.24286e-15
-0.4 1.17351 1.18053 1.24286e-15
-0.39 1.16428 1.16723 1.24286e-15
-0.38 1.15535 1.15427 1.24286e-15
-0.37 1.14671 1.14164 1.24286e-15
-0.36 1.13837 1.12936 1.24286e-15
-0.35 1.13032 1.1174 1.24286e-15
-0.34 1.12255 1.10579 1.24286e-15
-0.33 1.11505 1.09451 1.24286e-15
-0.32 1.10783 1.08357 1.24286e-15
-0.31 1.10087 1.07297 1.24286e-15
-0.3 1.09417 1.0627 1.24286e-15
-0.29 1.08774 1.05277 1.24286e-15
-0.28 1.08156 1.04317 1.24286e-15
-0.27 1.07562 1.03391 1.24286e-15
-0.26 1.06994 1.02499 1.24286e-15
-0.25 1.06449 1.01641 1.24286e-15
-0.24 1.05929 1.00816 1.24286e-15
-0.23 1.05432 1.00025 1.24286e-15
-0.22 1.04959 0.992673 1.24286e-15
-0.21 1.04509 0.985435 1.24286e-15
-0.2 1.04081 0.978533 1.24286e-15
-0.19 1.03676 0.971968 1.24286e-15
-0.18 1.03293 0.96574 1.24286e-15
-0.17 1.02932 0.959849 1.24286e-15
-0.16 1.02593 0.954294 1.24286e-15
-0.15 1.02276 0.949076 1.24286e-15
-0.14 1.01979 0.944194 1.24286e-15
-0.13 1.01704 0.939649 1.24286e-15
-0.12 1.0145 0.935441 1.24286e-15
-0.11 1.01217 0.931569 1.24286e-15
-0.1 1.01005 0.928035 1.24286e-15
-0.09 1.00813 0.924836 1.24286e-15
-0.08 1.00642 0.921975 1.24286e-15
-0.07 1.00491 0.91945 1.24286e-15
-0.06 1.00361 0.917262 1.24286e-15
-0.05 1.0025 0.91541 1.24286e-15
-0.04 1.0016 0.913895 1.24286e-15
-0.03 1.0009 0.912717 1.24286e-15
-0.02 1.0004 0.911875 1.24286e-15
-0.01 1.0001 0.91137 1.24286e-15
7.5287e-16 1 0.911202 1.24286e-15
0.01 1.0001 0.91137 1.24286e-15
0.02 1.0004 0.911875 1.24286e-15
0.03 1.0009 0.912717 1.24286e-15
0.04 1.0016 0.913895 1.24286e-15
0.05 1.0025 0.91541 1.24286e-15
0.06 1.00361 0.917262 1.24286e-15
0.07 1.00491 0.91945 1.24286e-15
0.08 1.00642 0.921975 1.24286e-15
0.09 1.00813 0.924836 1.24286e-15
0.1 1.01005 0.928035 1.24286e-15
0.11 1.01217 0.931569 1.24286e-15
0.12 1.0145 0.935441 1.24286e-15
0.13 1.01704 0.939649 1.24286e-15
0.14 1.01979 0.944194 1.24286e-15
0.15 1.02276 0.949076 1.24286e-15
0.16 1.02593 0.954294 1.24286e-15
0.17 1.02932 0.959849 1.24286e-15
0.18 1.03293 0.96574 1.24286e-15
0.19 1.03676 0.971968 1.24286e-15
0.2 1.04081 0.978533 1.24286e-15
0.21 1.04509 0.985435 1.24286e-15
0.22 1.04959 0.992673 1.24286e-15
0.23 1.05432 1.00025 1.24286e-15
0.24 1.05929 1.00816 1.24286e-15
0.25 1.06449 1.01641 1.24286e-15
0.26 1.06994 1.02499 1.24286e-15
0.27 1.07562 1.03391 1.24286e-15
0.28 1.08156 1.04317 1.24286e-15
0.29 1.08774 1.05277 1.24286e-15
0.3 1.09417 1.0627 1.24286e-15
0.31 1.10087 1.07297 1.24286e-15
0.32 1.10783 1.08357 1.24286e-15
0.33 1.11505 1.09451 1.24286e-15
0.34 1.12255 1.10579 1.24286e-15
0.35 1.13032 1.1174 1.24286e-15
0.36 1.13837 1.12936 1.24286e-15
0.37 1.14671 1.14164 1.24286e-15
0.38 1.15535 1.15427 1.24286e-15
0.39 1.16428 1.16723 1.24286e-15
0.4 1.17351 1.18053 1.24286e-15
0.41 1.18305 1.19416 1.24286e-15
0.42 1.19292 1.20813 1.24286e-15
0.43 1.2031 1.22244 1.24286e-15
0.44 1.21361 1.23709 1.24286e-15
0.45 1.22446 1.25207 1.24286e-15
0.46 1.23565 1.26738 1.24286e-15
0.47 1.2472 1.28304 1.24286e-15
0.48 1.2591 1.29903 1.24286e-15
0.49 1.27138 1.31536 1.24286e-15
0.5 1.28403 1.33202 1.24286e-15
0.51 1.29706 1.34902 1.24286e-15
0.52 1.31049 1.36636 1.24286e-15
0.53 1.32432 1.38404 1.24286e-15
0.54 1.33857 1.40205 1.24286e-15
0.55 1.35324 1.4204 1.24286e-15
0.56 1.36834 1.43908 1.24286e-15
0.57 1.38389 1.4581 1.24286e-15
0.58 1.3999 1.47746 1.24286e-15
0.59 1.41637 1.49715 1.24286e-15
0.6 1.43333 1.51718 1.24286e-15
0.61 1.45078 1.53755 1.24286e-15
0.62 1.46873 1.55826 1.24286e-15
0.63 1.48721 1.5793 1.24286e-15
0.64 1.50622 1.60068 1.24286e-15
0.65 1.52577 1.62239 1.24286e-15
0.66 1.54589 1.64444 1.24286e-15
0.67 1.56659 1.66683 1.24286e-15
0.68 1.58788 1.68955 1.24286e-15
0.69 1.60978 1.71261 1.24286e-15
0.7 1.63232 1.73601 1.24286e-15
0.71 1.65549 1.75975 1.24286e-15
0.72 1.67934 1.78382 1.24286e-15
0.73 1.70387 1.80822 1.24286e-15
0.74 1.7291 1.83297 1.24286e-15
0.75 1.75505 1.85805 1.24286e-15
0.76 1.78176 1.88347 1.24286e-15
0.77 1.80923 1.90922 1.24286e-15
0.78 1.83749 1.93531 1.24286e-15
0.79 1.86657 1.96174 1.24286e-15
0.8 1.89648 1.9885 1.24286e-15
0.81 1.92726 2.0156 1.24286e-15
0.82 1.95893 2.04304 1.24286e-15
0.83 1.99152 2.07082 1.24286e-15
0.84 2.02506 2.09893 1.24286e-15
0.85 2.05958 2.12738 1.24286e-15
0.86 2.0951 2.15616 1.24286e-15
0.87 2.13166 2.18528 1.24286e-15
0.88 2.16929 2.21474 1.24286e-15
0.89 2.20803 2.24453 1.24286e-15
0.9 2.24791 2.27466 1.24286e-15
0.91 2.28897 2.30513 1.24286e-15
0.92 2.33124 2.33593 1.24286e-15
0.93 2.37477 2.36707 1.24286e-15
0.94 2.41959 2.39855 1.24286e-15
0.95 2.46576 2.43037 1.24286e-15
0.96 2.51331 2.46252 1.24286e-15
0.97 2.56229 2.495 1.24286e-15
0.98 2.61274 2.52783 1.24286e-15
0.99 2.66472 2.56099 1.24286e-15
