-1 2.71828 2.71825 2.55832e-15
-0.99 2.66472 2.66472 2.55832e-15
-0.98 2.61274 2.61275 2.55832e-15
-0.97 2.56229 2.56231 2.55832e-15
-0.96 2.51331 2.51334 2.55832e-15
-0.95 2.46576 2.46579 2.55832e-15
-0.94 2.41959 2.41962 2.55832e-15
-0.93 2.37477 2.37479 2.55832e-15
-0.92 2.33124 2.33126 2.55832e-15
-0.91 2.28897 2.28898 2.55832e-15
-0.9 2.24791 2.24791 2.55832e-15
-0.89 2.20803 2.20803 2.55832e-15
-0.88 2.16929 2.16928 2.55832e-15
-0.87 2.13166 2.13165 2.55832e-15
-0.86 2.0951 2.09508 2.55832e-15
-0.85 2.05958 2.05955 2.55832e-15
-0.84 2.02506 2.02504 2.55832e-15
-0.83 1.99152 1.9915 2.55832e-15
-0.82 1.95893 1.95891 2.55832e-15
-0.81 1.92726 1.92723 2.55832e-15
-0.8 1.89648 1.89645 2.55832e-15
-0.79 1.86657 1.86654 2.55832e-15
-0.78 1.83749 1.83746 2.55832e-15
-0.77 1.80923 1.80921 2.55832e-15
-0.76 1.78176 1.78174 2.55832e-15
-0.75 1.75505 1.75504 2.55832e-15
-0.74 1.7291 1.72909 2.55832e-15
-0.73 1.70387 1.70386 2.55832e-15
-0.72 1.67934 1.67933 2.55832e-15
-0.71 1.65549 1.65549 2.55832e-15
-0.7 1.63232 1.63232 2.55832e-15
-0.69 1.60978 1.60979 2.55832e-15
-0.68 1.58788 1.58789 2.55832e-15
-0.67 1.56659 1.5666 2.55832e-15
-0.66 1.54589 1.54591 2.55832e-15
-0.65 1.52577 1.52579 2.55832e-15
-0.64 1.50622 1.50624 2.55832e-15
-0.63 1.48721 1.48723 2.55832e-15
-0.62 1.46873 1.46876 2.55832e-15
-0.61 1.45078 1.4508 2.55832e-15
-0.6 1.43333 1.43336 2.55832e-15
-0.59 1.41637 1.4164 2.55832e-15
-0.58 1.3999 1.39993 2.55832e-15
-0.57 1.38389 1.38392 2.55832e-15
-0.56 1.36834 1.36837 2.55832e-15
-0.55 1.35324 1.35326 2.55832e-15
-0.54 1.33857 1.33859 2.55832e-15
-0.53 1.32432 1.32434 2.55832e-15
-0.52 1.31049 1.31051 2.55832e-15
-0.51 1.29706 1.29708 2.55832e-15
-0.5 1.28403 1.28404 2.55832e-15
-0.49 1.27138 1.27139 2.55832e-15
-0.48 1.2591 1.25911 2.55832e-15
-0.47 1.2472 1.2472 2.55832e-15
-0.46 1.23565 1.23566 2.55832e-15
-0.45 1.22446 1.22446 2.55832e-15
-0.44 1.21361 1.21361 2.55832e-15
-0.43 1.2031 1.20309 2.55832e-15
-0.42 1.19292 1.19291 2.55832e-15
-0.41 1.18305 1.18304 2.55832e-15
-0.4 1.17351 1.1735 2.55832e-15
-0.39 1.16428 1.16426 2.55832e-15
-0.38 1.15535 1.15533 2.55832e-15
-0.37 1.14671 1.14669 2.55832e-15
-0.36 1.13837 1.13835 2.55832e-15
-0.35 1.13032 1.1303 2.55832e-15
-0.34 1.12255 1.12252 2.55832e-15
-0.33 1.11505 1.11503 2.55832e-15
-0.32 1.10783 1.1078 2.55832e-15
-0.31 1.10087 1.10084 2.55832e-15
-0.3 1.09417 1.09415 2.55832e-15
-0.29 1.08774 1.08771 2.55832e-15
-0.28 1.08156 1.08153 2.55832e-15
-0.27 1.07562 1.0756 2.55832e-15
-0.26 1.06994 1.06992 2.55832e-15
-0.25 1.06449 1.06447 2.55832e-15
-0.24 1.05929 1.05927 2.55832e-15
-0.23 1.05432 1.05431 2.55832e-15
-0.22 1.04959 1.04958 2.55832e-15
-0.21 1.04509 1.04507 2.55832e-15
-0.2 1.04081 1.0408 2.55832e-15
-0.19 1.03676 1.03675 2.55832e-15
-0.18 1.03293 1.03292 2.55832e-15
-0.17 1.02932 1.02932 2.55832e-15
-0.16 1.02593 1.02593 2.55832e-15
-0.15 1.02276 1.02276 2.55832e-15
-0.14 1.01979 1.0198 2.55832e-15
-0.13 1.01704 1.01705 2.55832e-15
-0.12 1.0145 1.01451 2.55832e-15
-0.11 1.01217 1.01218 2.55832e-15
-0.1 1.01005 1.01006 2.55832e-15
-0.09 1.00813 1.00815 2.55832e-15
-0.08 1.00642 1.00644 2.55832e-15
-0.07 1.00491 1.00493 2.55832e-15
-0.06 1.00361 1.00363 2.55832e-15
-0.05 1.0025 1.00253 2.55832e-15
-0.04 1.0016 1.00162 2.55832e-15
-0.03 1.0009 1.00092 2.55832e-15
-0.02 1.0004 1.00042 2.55832e-15
-0.01 1.0001 1.00012 2.55832e-15
7.5287e-16 1 1.00002 2.55832e-15
0.01 1.0001 1.00012 2.55832e-15
0.02 1.0004 1.00042 2.55832e-15
0.03 1.0009 1.00092 2.55832e-15
0.04 1.0016 1.00162 2.55832e-15
0.05 1.0025 1.00253 2.55832e-15
0.06 1.00361 1.00363 2.55832e-15
0.07 1.00491 1.00493 2.55832e-15
0.08 1.00642 1.00644 2.55832e-15
0.09 1.00813 1.00815 2.55832e-15
0.1 1.01005 1.01006 2.55832e-15
0.11 1.01217 1.01218 2.55832e-15
0.12 1.0145 1.01451 2.55832e-15
0.13 1.01704 1.01705 2.55832e-15
0.14 1.01979 1.0198 2.55832e-15
0.15 1.02276 1.02276 2.55832e-15
0.16 1.02593 1.02593 2.55832e-15
0.17 1.02932 1.02932 2.55832e-15
0.18 1.03293 1.03292 2.55832e-15
0.19 1.03676 1.03675 2.55832e-15
0.2 1.04081 1.0408 2.55832e-15
0.21 1.04509 1.04507 2.55832e-15
0.22 1.04959 1.04958 2.55832e-15
0.23 1.05432 1.05431 2.55832e-15
0.24 1.05929 1.05927 2.55832e-15
0.25 1.06449 1.06447 2.55832e-15
0.26 1.06994 1.06992 2.55832e-15
0.27 1.07562 1.0756 2.55832e-15
0.28 1.08156 1.08153 2.55832e-15
0.29 1.08774 1.08771 2.55832e-15
0.3 1.09417 1.09415 2.55832e-15
0.31 1.10087 1.10084 2.55832e-15
0.32 1.10783 1.1078 2.55832e-15
0.33 1.11505 1.11503 2.55832e-15
0.34 1.12255 1.12252 2.55832e-15
0.35 1.13032 1.1303 2.55832e-15
0.36 1.13837 1.13835 2.55832e-15
0.37 1.14671 1.14669 2.55832e-15
0.38 1.15535 1.15533 2.55832e-15
0.39 1.16428 1.16426 2.55832e-15
0.4 1.17351 1.1735 2.55832e-15
0.41 1.18305 1.18304 2.55832e-15
0.42 1.19292 1.19291 2.55832e-15
0.43 1.2031 1.20309 2.55832e-15
0.44 1.21361 1.21361 2.55832e-15
0.45 1.22446 1.22446 2.55832e-15
0.46 1.23565 1.23566 2.55832e-15
0.47 1.2472 1.2472 2.55832e-15
0.48 1.2591 1.25911 2.55832e-15
0.49 1.27138 1.27139 2.55832e-15
0.5 1.28403 1.28404 2.55832e-15
0.51 1.29706 1.29708 2.55832e-15
0.52 1.31049 1.31051 2.55832e-15
0.53 1.32432 1.32434 2.55832e-15
0.54 1.33857 1.33859 2.55832e-15
0.55 1.35324 1.35326 2.55832e-15
0.56 1.36834 1.36837 2.55832e-15
0.57 1.38389 1.38392 2.55832e-15
0.58 1.3999 1.39993 2.55832e-15
0.59 1.41637 1.4164 2.55832e-15
0.6 1.43333 1.43336 2.55832e-15
0.61 1.45078 1.4508 2.55832e-15
0.62 1.46873 1.46876 2.55832e-15
0.63 1.48721 1.48723 2.55832e-15
0.64 1.50622 1.50624 2.55832e-15
0.65 1.52577 1.52579 2.55832e-15
0.66 1.54589 1.54591 2.55832e-15
0.67 1.56659 1.5666 2.55832e-15
0.68 1.58788 1.58789 2.55832e-15
0.69 1.60978 1.60979 2.55832e-15
0.7 1.63232 1.63232 2.55832e-15
0.71 1.65549 1.65549 2.55832e-15
0.72 1.67934 1.67933 2.55832e-15
0.73 1.70387 1.70386 2.55832e-15
0.74 1.7291 1.72909 2.55832e-15
0.75 1.75505 1.75504 2.55832e-15
0.76 1.78176 1.78174 2.55832e-15
0.77 1.80923 1.80921 2.55832e-15
0.78 1.83749 1.83746 2.55832e-15
0.79 1.86657 1.86654 2.55832e-15
0.8 1.89648 1.89645 2.55832e-15
0.81 1.92726 1.92723 2.55832e-15
0.82 1.95893 1.95891 2.55832e-15
0.83 1.99152 1.9915 2.55832e-15
0.84 2.02506 2.02504 2.55832e-15
0.85 2.05958 2.05955 2.55832e-15
0.86 2.0951 2.09508 2.55832e-15
0.87 2.13166 2.13165 2.55832e-15
0.88 2.16929 2.16928 2.55832e-15
0.89 2.20803 2.20803 2.55832e-15
0.9 2.24791 2.24791 2.55832e-15
0.91 2.28897 2.28898 2.55832e-15
0.92 2.33124 2.33126 2.55832e-15
0.93 2.37477 2.37479 2.55832e-15
0.94 2.41959 2.41962 2.55832e-15
0.95 2.46576 2.46579 2.55832e-15
0.96 2.51331 2.51334 2.55832e-15
0.97 2.56229 2.56231 2.55832e-15
0.98 2.61274 2.61275 2.55832e-15
0.99 2.66472 2.66472 2.55832e-15
