-1 2.71828 2.70842 1.95291e-15
-0.99 2.66472 2.65824 1.95291e-15
-0.98 2.61274 2.60922 1.95291e-15
-0.97 2.56229 2.56134 1.95291e-15
-0.96 2.51331 2.51458 1.95291e-15
-0.95 2.46576 2.46892 1.95291e-15
-0.94 2.41959 2.42433 1.95291e-15
-0.93 2.37477 2.38081 1.95291e-15
-0.92 2.33124 2.33833 1.95291e-15
-0.91 2.28897 2.29687 1.95291e-15
-0.9 2.24791 2.25641 1.95291e-15
-0.89 2.20803 2.21695 1.95291e-15
-0.88 2.16929 2.17845 1.95291e-15
-0.87 2.13166 2.1409 1.95291e-15
-0.86 2.0951 2.10429 1.95291e-15
-0.85 2.05958 2.06859 1.95291e-15
-0.84 2.02506 2.03379 1.95291e-15
-0.83 1.99152 1.99987 1.95291e-15
-0.82 1.95893 1.96681 1.95291e-15
-0.81 1.92726 1.93461 1.95291e-15
-0.8 1.89648 1.90323 1.95291e-15
-0.79 1.86657 1.87268 1.95291e-15
-0.78 1.83749 1.84292 1.95291e-15
-0.77 1.80923 1.81395 1.95291e-15
-0.76 1.78176 1.78574 1.95291e-15
-0.75 1.75505 1.75829 1.95291e-15
-0.74 1.7291 1.73157 1.95291e-15
-0.73 1.70387 1.70558 1.95291e-15
-0.72 1.67934 1.6803 1.95291e-15
-0.71 1.65549 1.65571 1.95291e-15
-0.7 1.63232 1.6318 1.95291e-15
-0.69 1.60978 1.60855 1.95291e-15
-0.68 1.58788 1.58596 1.95291e-15
-0.67 1.56659 1.564 1.95291e-15
-0.66 1.54589 1.54267 1.95291e-15
-0.65 1.52577 1.52194 1.95291e-15
-0.64 1.50622 1.50182 1.95291e-15
-0.63 1.48721 1.48228 1.95291e-15
-0.62 1.46873 1.46331 1.95291e-15
-0.61 1.45078 1.4449 1.95291e-15
-0.6 1.43333 1.42703 1.95291e-15
-0.59 1.41637 1.4097 1.95291e-15
-0.58 1.3999 1.39289 1.95291e-15
-0.57 1.38389 1.3766 1.95291e-15
-0.56 1.36834 1.3608 1.95291e-15
-0.55 1.35324 1.34549 1.95291e-15
-0.54 1.33857 1.33065 1.95291e-15
-0.53 1.32432 1.31629 1.95291e-15
-0.52 1.31049 1.30237 1.95291e-15
-0.51 1.29706 1.28891 1.95291e-15
-0.5 1.28403 1.27587 1.95291e-15
-0.49 1.27138 1.26326 1.95291e-15
-0.48 1.2591 1.25106 1.95291e-15
-0.47 1.2472 1.23927 1.95291e-15
-0.46 1.23565 1.22787 1.95291e-15
-0.45 1.22446 1.21686 1.95291e-15
-0.44 1.21361 1.20623 1.95291e-15
-0.43 1.2031 1.19596 1.95291e-15
-0.42 1.19292 1.18605 1.95291e-15
-0.41 1.18305 1.17649 1.95291e-15
-0.4 1.17351 1.16727 1.95291e-15
-0.39 1.16428 1.15838 1.95291e-15
-0.38 1.15535 1.14982 1.95291e-15
-0.37 1.14671 1.14158 1.95291e-15
-0.36 1.13837 1.13365 1.95291e-15
-0.35 1.13032 1.12602 1.95291e-15
-0.34 1.12255 1.11869 1.95291e-15
-0.33 1.11505 1.11164 1.95291e-15
-0.32 1.10783 1.10488 1.95291e-15
-0.31 1.10087 1.09839 1.95291e-15
-0.3 1.09417 1.09218 1.95291e-15
-0.29 1.08774 1.08622 1.95291e-15
-0.28 1.08156 1.08053 1.95291e-15
-0.27 1.07562 1.07508 1.95291e-15
-0.26 1.06994 1.06988 1.95291e-15
-0.25 1.06449 1.06492 1.95291e-15
-0.24 1.05929 1.0602 1.95291e-15
-0.23 1.05432 1.0557 1.95291e-15
-0.22 1.04959 1.05144 1.95291e-15
-0.21 1.04509 1.04739 1.95291e-15
-0.2 1.04081 1.04356 1.95291e-15
-0.19 1.03676 1.03995 1.95291e-15
-0.18 1.03293 1.03654 1.95291e-15
-0.17 1.02932 1.03334 1.95291e-15
-0.16 1.02593 1.03034 1.95291e-15
-0.15 1.02276 1.02754 1.95291e-15
-0.14 1.01979 1.02493 1.95291e-15
-0.13 1.01704 1.02252 1.95291e-15
-0.12 1.0145 1.02029 1.95291e-15
-0.11 1.01217 1.01826 1.95291e-15
-0.1 1.01005 1.01641 1.95291e-15
-0.09 1.00813 1.01474 1.95291e-15
-0.08 1.00642 1.01325 1.95291e-15
-0.07 1.00491 1.01194 1.95291e-15
-0.06 1.00361 1.01081 1.95291e-15
-0.05 1.0025 1.00985 1.95291e-15
-0.04 1.0016 1.00907 1.95291e-15
-0.03 1.0009 1.00847 1.95291e-15
-0.02 1.0004 1.00803 1.95291e-15
-0.01 1.0001 1.00777 1.95291e-15
7.5287e-16 1 1.00769 1.95291e-15
0.01 1.0001 1.00777 1.95291e-15
0.02 1.0004 1.00803 1.95291e-15
0.03 1.0009 1.00847 1.95291e-15
0.04 1.0016 1.00907 1.95291e-15
0.05 1.0025 1.00985 1.95291e-15
0.06 1.00361 1.01081 1.95291e-15
0.07 1.00491 1.01194 1.95291e-15
0.08 1.00642 1.01325 1.95291e-15
0.09 1.00813 1.01474 1.95291e-15
0.1 1.01005 1.01641 1.95291e-15
0.11 1.01217 1.01826 1.95291e-15
0.12 1.0145 1.02029 1.95291e-15
0.13 1.01704 1.02252 1.95291e-15
0.14 1.01979 1.02493 1.95291e-15
0.15 1.02276 1.02754 1.95291e-15
0.16 1.02593 1.03034 1.95291e-15
0.17 1.02932 1.03334 1.95291e-15
0.18 1.03293 1.03654 1.95291e-15
0.19 1.03676 1.03995 1.95291e-15
0.2 1.04081 1.04356 1.95291e-15
0.21 1.04509 1.04739 1.95291e-15
0.22 1.04959 1.05144 1.95291e-15
0.23 1.05432 1.0557 1.95291e-15
0.24 1.05929 1.0602 1.95291e-15
0.25 1.06449 1.06492 1.95291e-15
0.26 1.06994 1.06988 1.95291e-15
0.27 1.07562 1.07508 1.95291e-15
0.28 1.08156 1.08053 1.95291e-15
0.29 1.08774 1.08622 1.95291e-15
0.3 1.09417 1.09218 1.95291e-15
0.31 1.10087 1.09839 1.95291e-15
0.32 1.10783 1.10488 1.95291e-15
0.33 1.11505 1.11164 1.95291e-15
0.34 1.12255 1.11869 1.95291e-15
0.35 1.13032 1.12602 1.95291e-15
0.36 1.13837 1.13365 1.95291e-15
0.37 1.14671 1.14158 1.95291e-15
0.38 1.15535 1.14982 1.95291e-15
0.39 1.16428 1.15838 1.95291e-15
0.4 1.17351 1.16727 1.95291e-15
0.41 1.18305 1.17649 1.95291e-15
0.42 1.19292 1.18605 1.95291e-15
0.43 1.2031 1.19596 1.95291e-15
0.44 1.21361 1.20623 1.95291e-15
0.45 1.22446 1.21686 1.95291e-15
0.46 1.23565 1.22787 1.95291e-15
0.47 1.2472 1.23927 1.95291e-15
0.48 1.2591 1.25106 1.95291e-15
0.49 1.27138 1.26326 1.95291e-15
0.5 1.28403 1.27587 1.95291e-15
0.51 1.29706 1.28891 1.95291e-15
0.52 1.31049 1.30237 1.95291e-15
0.53 1.32432 1.31629 1.95291e-15
0.54 1.33857 1.33065 1.95291e-15
0.55 1.35324 1.34549 1.95291e-15
0.56 1.36834 1.3608 1.95291e-15
0.57 1.38389 1.3766 1.95291e-15
0.58 1.3999 1.39289 1.95291e-15
0.59 1.41637 1.4097 1.95291e-15
0.6 1.43333 1.42703 1.95291e-15
0.61 1.45078 1.4449 1.95291e-15
0.62 1.46873 1.46331 1.95291e-15
0.63 1.48721 1.48228 1.95291e-15
0.64 1.50622 1.50182 1.95291e-15
0.65 1.52577 1.52194 1.95291e-15
0.66 1.54589 1.54267 1.95291e-15
0.67 1.56659 1.564 1.95291e-15
0.68 1.58788 1.58596 1.95291e-15
0.69 1.60978 1.60855 1.95291e-15
0.7 1.63232 1.6318 1.95291e-15
0.71 1.65549 1.65571 1.95291e-15
0.72 1.67934 1.6803 1.95291e-15
0.73 1.70387 1.70558 1.95291e-15
0.74 1.7291 1.73157 1.95291e-15
0.75 1.75505 1.75829 1.95291e-15
0.76 1.78176 1.78574 1.95291e-15
0.77 1.80923 1.81395 1.95291e-15
0.78 1.83749 1.84292 1.95291e-15
0.79 1.86657 1.87268 1.95291e-15
0.8 1.89648 1.90323 1.95291e-15
0.81 1.92726 1.93461 1.95291e-15
0.82 1.95893 1.96681 1.95291e-15
0.83 1.99152 1.99987 1.95291e-15
0.84 2.02506 2.03379 1.95291e-15
0.85 2.05958 2.06859 1.95291e-15
0.86 2.0951 2.10429 1.95291e-15
0.87 2.13166 2.1409 1.95291e-15
0.88 2.16929 2.17845 1.95291e-15
0.89 2.20803 2.21695 1.95291e-15
0.9 2.24791 2.25641 1.95291e-15
0.91 2.28897 2.29687 1.95291e-15
0.92 2.33124 2.33833 1.95291e-15
0.93 2.37477 2.38081 1.95291e-15
0.94 2.41959 2.42433 1.95291e-15
0.95 2.46576 2.46892 1.95291e-15
0.96 2.51331 2.51458 1.95291e-15
0.97 2.56229 2.56134 1.95291e-15
0.98 2.61274 2.60922 1.95291e-15
0.99 2.66472 2.65824 1.95291e-15
