-1 2.71828 2.69969 0.0964865
-0.99 2.66472 2.65082 0.0964865
-0.98 2.61274 2.60303 0.0964865
-0.97 2.56229 2.55632 0.0964865
-0.96 2.51331 2.51067 0.0964865
-0.95 2.46576 2.46605 0.0964865
-0.94 2.41959 2.42246 0.0964865
-0.93 2.37477 2.37987 0.0964865
-0.92 2.33124 2.33827 0.0964865
-0.91 2.28897 2.29764 0.0964865
-0.9 2.24791 2.25796 0.0964865
-0.89 2.20803 2.21921 0.0964865
-0.88 2.16929 2.18139 0.0964865
-0.87 2.13166 2.14447 0.0964865
-0.86 2.0951 2.10843 0.0964865
-0.85 2.05958 2.07327 0.0964865
-0.84 2.02506 2.03896 0.0964865
-0.83 1.99152 2.00549 0.0964865
-0.82 1.95893 1.97284 0.0964865
-0.81 1.92726 1.94101 0.0964865
-0.8 1.89648 1.90996 0.0964865
-0.79 1.86657 1.87969 0.0964865
-0.78 1.83749 1.85019 0.0964865
-0.77 1.80923 1.82144 0.0964865
-0.76 1.78176 1.79342 0.0964865
-0.75 1.75505 1.76612 0.0964865
-0.74 1.7291 1.73953 0.0964865
-0.73 1.70387 1.71363 0.0964865
-0.72 1.67934 1.68841 0.0964865
-0.71 1.65549 1.66386 0.0964865
-0.7 1.63232 1.63995 0.0964865
-0.69 1.60978 1.61669 0.0964865
-0.68 1.58788 1.59406 0.0964865
-0.67 1.56659 1.57204 0.0964865
-0.66 1.54589 1.55061 0.0964865
-0.65 1.52577 1.52978 0.0964865
-0.64 1.50622 1.50953 0.0964865
-0.63 1.48721 1.48984 0.0964865
-0.62 1.46873 1.4707 0.0964865
-0.61 1.45078 1.45211 0.0964865
-0.6 1.43333 1.43405 0.0964865
-0.59 1.41637 1.4165 0.0964865
-0.58 1.3999 1.39946 0.0964865
-0.57 1.38389 1.38292 0.0964865
-0.56 1.36834 1.36687 0.0964865
-0.55 1.35324 1.35129 0.0964865
-0.54 1.33857 1.33618 0.0964865
-0.53 1.32432 1.32153 0.0964865
-0.52 1.31049 1.30732 0.0964865
-0.51 1.29706 1.29354 0.0964865
-0.5 1.28403 1.28019 0.0964865
-0.49 1.27138 1.26726 0.0964865
-0.48 1.2591 1.25474 0.0964865
-0.47 1.2472 1.24262 0.0964865
-0.46 1.23565 1.23088 0.0964865
-0.45 1.22446 1.21953 0.0964865
-0.44 1.21361 1.20855 0.0964865
-0.43 1.2031 1.19794 0.0964865
-0.42 1.19292 1.18768 0.0964865
-0.41 1.18305 1.17778 0.0964865
-0.4 1.17351 1.16821 0.0964865
-0.39 1.16428 1.15898 0.0964865
-0.38 1.15535 1.15007 0.0964865
-0.37 1.14671 1.14148 0.0964865
-0.36 1.13837 1.13321 0.0964865
-0.35 1.13032 1.12524 0.0964865
-0.34 1.12255 1.11757 0.0964865
-0.33 1.11505 1.11019 0.0964865
-0.32 1.10783 1.1031 0.0964865
-0.31 1.10087 1.09629 0.0964865
-0.3 1.09417 1.08975 0.0964865
-0.29 1.08774 1.08349 0.0964865
-0.28 1.08156 1.07748 0.0964865
-0.27 1.07562 1.07174 0.0964865
-0.26 1.06994 1.06625 0.0964865
-0.25 1.06449 1.061 0.0964865
-0.24 1.05929 1.056 0.0964865
-0.23 1.05432 1.05124 0.0964865
-0.22 1.04959 1.04671 0.0964865
-0.21 1.04509 1.04242 0.0964865
-0.2 1.04081 1.03835 0.0964865
-0.19 1.03676 1.0345 0.0964865
-0.18 1.03293 1.03087 0.0964865
-0.17 1.02932 1.02746 0.0964865
-0.16 1.02593 1.02426 0.0964865
-0.15 1.02276 1.02127 0.0964865
-0.14 1.01979 1.01848 0.0964865
-0.13 1.01704 1.0159 0.0964865
-0.12 1.0145 1.01352 0.0964865
-0.11 1.01217 1.01134 0.0964865
-0.1 1.01005 1.00936 0.0964865
-0.09 1.00813 1.00757 0.0964865
-0.08 1.00642 1.00597 0.0964865
-0.07 1.00491 1.00456 0.0964865
-0.06 1.00361 1.00335 0.0964865
-0.05 1.0025 1.00232 0.0964865
-0.04 1.0016 1.00149 0.0964865
-0.03 1.0009 1.00084 0.0964865
-0.02 1.0004 1.00037 0.0964865
-0.01 1.0001 1.00009 0.0964865
7.5287e-16 1 1 0.0964865
0.01 1.0001 1.00009 0.0964865
0.02 1.0004 1.00037 0.0964865
0.03 1.0009 1.00084 0.0964865
0.04 1.0016 1.00149 0.0964865
0.05 1.0025 1.00232 0.0964865
0.06 1.00361 1.00335 0.0964865
0.07 1.00491 1.00456 0.0964865
0.08 1.00642 1.00597 0.0964865
0.09 1.00813 1.00757 0.0964865
0.1 1.01005 1.00936 0.0964865
0.11 1.01217 1.01134 0.0964865
0.12 1.0145 1.01352 0.0964865
0.13 1.01704 1.0159 0.0964865
0.14 1.01979 1.01848 0.0964865
0.15 1.02276 1.02127 0.0964865
0.16 1.02593 1.02426 0.0964865
0.17 1.02932 1.02746 0.0964865
0.18 1.03293 1.03087 0.0964865
0.19 1.03676 1.0345 0.0964865
0.2 1.04081 1.03835 0.0964865
0.21 1.04509 1.04242 0.0964865
0.22 1.04959 1.04671 0.0964865
0.23 1.05432 1.05124 0.0964865
0.24 1.05929 1.056 0.0964865
0.25 1.06449 1.061 0.0964865
0.26 1.06994 1.06625 0.0964865
0.27 1.07562 1.07174 0.0964865
0.28 1.08156 1.07748 0.0964865
0.29 1.08774 1.08349 0.0964865
0.3 1.09417 1.08975 0.0964865
0.31 1.10087 1.09629 0.0964865
0.32 1.10783 1.1031 0.0964865
0.33 1.11505 1.11019 0.0964865
0.34 1.12255 1.11757 0.0964865
0.35 1.13032 1.12524 0.0964865
0.36 1.13837 1.13321 0.0964865
0.37 1.14671 1.14148 0.0964865
0.38 1.15535 1.15007 0.0964865
0.39 1.16428 1.15898 0.0964865
0.4 1.17351 1.16821 0.0964865
0.41 1.18305 1.17778 0.0964865
0.42 1.19292 1.18768 0.0964865
0.43 1.2031 1.19794 0.0964865
0.44 1.21361 1.20855 0.0964865
0.45 1.22446 1.21953 0.0964865
0.46 1.23565 1.23088 0.0964865
0.47 1.2472 1.24262 0.0964865
0.48 1.2591 1.25474 0.0964865
0.49 1.27138 1.26726 0.0964865
0.5 1.28403 1.28019 0.0964865
0.51 1.29706 1.29354 0.0964865
0.52 1.31049 1.30732 0.0964865
0.53 1.32432 1.32153 0.0964865
0.54 1.33857 1.33618 0.0964865
0.55 1.35324 1.35129 0.0964865
0.56 1.36834 1.36687 0.0964865
0.57 1.38389 1.38292 0.0964865
0.58 1.3999 1.39946 0.0964865
0.59 1.41637 1.4165 0.0964865
0.6 1.43333 1.43405 0.0964865
0.61 1.45078 1.45211 0.0964865
0.62 1.46873 1.4707 0.0964865
0.63 1.48721 1.48984 0.0964865
0.64 1.50622 1.50953 0.0964865
0.65 1.52577 1.52978 0.0964865
0.66 1.54589 1.55061 0.0964865
0.67 1.56659 1.57204 0.0964865
0.68 1.58788 1.59406 0.0964865
0.69 1.60978 1.61669 0.0964865
0.7 1.63232 1.63995 0.0964865
0.71 1.65549 1.66386 0.0964865
0.72 1.67934 1.68841 0.0964865
0.73 1.70387 1.71363 0.0964865
0.74 1.7291 1.73953 0.0964865
0.75 1.75505 1.76612 0.0964865
0.76 1.78176 1.79342 0.0964865
0.77 1.80923 1.82144 0.0964865
0.78 1.83749 1.85019 0.0964865
0.79 1.86657 1.87969 0.0964865
0.8 1.89648 1.90996 0.0964865
0.81 1.92726 1.94101 0.0964865
0.82 1.95893 1.97284 0.0964865
0.83 1.99152 2.00549 0.0964865
0.84 2.02506 2.03896 0.0964865
0.85 2.05958 2.07327 0.0964865
0.86 2.0951 2.10843 0.0964865
0.87 2.13166 2.14447 0.0964865
0.88 2.16929 2.18139 0.0964865
0.89 2.20803 2.21921 0.0964865
0.9 2.24791 2.25796 0.0964865
0.91 2.28897 2.29764 0.0964865
0.92 2.33124 2.33827 0.0964865
0.93 2.37477 2.37987 0.0964865
0.94 2.41959 2.42246 0.0964865
0.95 2.46576 2.46605 0.0964865
0.96 2.51331 2.51067 0.0964865
0.97 2.56229 2.55632 0.0964865
0.98 2.61274 2.60303 0.0964865
0.99 2.66472 2.65082 0.0964865
