-1 2.71828 2.71828 2.27815e-15
-0.99 2.66472 2.66472 2.27815e-15
-0.98 2.61274 2.61274 2.27815e-15
-0.97 2.56229 2.56229 2.27815e-15
-0.96 2.51331 2.51331 2.27815e-15
-0.95 2.46576 2.46576 2.27815e-15
-0.94 2.41959 2.41959 2.27815e-15
-0.93 2.37477 2.37477 2.27815e-15
-0.92 2.33124 2.33124 2.27815e-15
-0.91 2.28897 2.28897 2.27815e-15
-0.9 2.24791 2.24791 2.27815e-15
-0.89 2.20803 2.20803 2.27815e-15
-0.88 2.16929 2.16929 2.27815e-15
-0.87 2.13166 2.13166 2.27815e-15
-0.86 2.0951 2.0951 2.27815e-15
-0.85 2.05958 2.05958 2.27815e-15
-0.84 2.02506 2.02506 2.27815e-15
-0.83 1.99152 1.99152 2.27815e-15
-0.82 1.95893 1.95893 2.27815e-15
-0.81 1.92726 1.92726 2.27815e-15
-0.8 1.89648 1.89648 2.27815e-15
-0.79 1.86657 1.86657 2.27815e-15
-0.78 1.83749 1.83749 2.27815e-15
-0.77 1.80923 1.80923 2.27815e-15
-0.76 1.78176 1.78176 2.27815e-15
-0.75 1.75505 1.75505 2.27815e-15
-0.74 1.7291 1.7291 2.27815e-15
-0.73 1.70387 1.70387 2.27815e-15
-0.72 1.67934 1.67934 2.27815e-15
-0.71 1.65549 1.65549 2.27815e-15
-0.7 1.63232 1.63232 2.27815e-15
-0.69 1.60978 1.60978 2.27815e-15
-0.68 1.58788 1.58788 2.27815e-15
-0.67 1.56659 1.56659 2.27815e-15
-0.66 1.54589 1.54589 2.27815e-15
-0.65 1.52577 1.52577 2.27815e-15
-0.64 1.50622 1.50622 2.27815e-15
-0.63 1.48721 1.48721 2.27815e-15
-0.62 1.46873 1.46873 2.27815e-15
-0.61 1.45078 1.45078 2.27815e-15
-0.6 1.43333 1.43333 2.27815e-15
-0.59 1.41637 1.41637 2.27815e-15
-0.58 1.3999 1.3999 2.27815e-15
-0.57 1.38389 1.38389 2.27815e-15
-0.56 1.36834 1.36834 2.27815e-15
-0.55 1.35324 1.35324 2.27815e-15
-0.54 1.33857 1.33857 2.27815e-15
-0.53 1.32432 1.32432 2.27815e-15
-0.52 1.31049 1.31049 2.27815e-15
-0.51 1.29706 1.29706 2.27815e-15
-0.5 1.28403 1.28403 2.27815e-15
-0.49 1.27138 1.27138 2.27815e-15
-0.48 1.2591 1.2591 2.27815e-15
-0.47 1.2472 1.2472 2.27815e-15
-0.46 1.23565 1.23565 2.27815e-15
-0.45 1.22446 1.22446 2.27815e-15
-0.44 1.21361 1.21361 2.27815e-15
-0.43 1.2031 1.2031 2.27815e-15
-0.42 1.19292 1.19292 2.27815e-15
-0.41 1.18305 1.18305 2.27815e-15
-0.4 1.17351 1.17351 2.27815e-15
-0.39 1.16428 1.16428 2.27815e-15
-0.38 1.15535 1.15535 2.27815e-15
-0.37 1.14671 1.14671 2.27815e-15
-0.36 1.13837 1.13837 2.27815e-15
-0.35 1.13032 1.13032 2.27815e-15
-0.34 1.12255 1.12255 2.27815e-15
-0.33 1.11505 1.11505 2.27815e-15
-0.32 1.10783 1.10783 2.27815e-15
-0.31 1.10087 1.10087 2.27815e-15
-0.3 1.09417 1.09417 2.27815e-15
-0.29 1.08774 1.08774 2.27815e-15
-0.28 1.08156 1.08156 2.27815e-15
-0.27 1.07562 1.07562 2.27815e-15
-0.26 1.06994 1.06994 2.27815e-15
-0.25 1.06449 1.06449 2.27815e-15
-0.24 1.05929 1.05929 2.27815e-15
-0.23 1.05432 1.05432 2.27815e-15
-0.22 1.04959 1.04959 2.27815e-15
-0.21 1.04509 1.04509 2.27815e-15
-0.2 1.04081 1.04081 2.27815e-15
-0.19 1.03676 1.03676 2.27815e-15
-0.18 1.03293 1.03293 2.27815e-15
-0.17 1.02932 1.02932 2.27815e-15
-0.16 1.02593 1.02593 2.27815e-15
-0.15 1.02276 1.02276 2.27815e-15
-0.14 1.01979 1.01979 2.27815e-15
-0.13 1.01704 1.01704 2.27815e-15
-0.12 1.0145 1.0145 2.27815e-15
-0.11 1.01217 1.01217 2.27815e-15
-0.1 1.01005 1.01005 2.27815e-15
-0.09 1.00813 1.00813 2.27815e-15
-0.08 1.00642 1.00642 2.27815e-15
-0.07 1.00491 1.00491 2.27815e-15
-0.06 1.00361 1.00361 2.27815e-15
-0.05 1.0025 1.0025 2.27815e-15
-0.04 1.0016 1.0016 2.27815e-15
-0.03 1.0009 1.0009 2.27815e-15
-0.02 1.0004 1.0004 2.27815e-15
-0.01 1.0001 1.0001 2.27815e-15
7.5287e-16 1 1 2.27815e-15
0.01 1.0001 1.0001 2.27815e-15
0.02 1.0004 1.0004 2.27815e-15
0.03 1.0009 1.0009 2.27815e-15
0.04 1.0016 1.0016 2.27815e-15
0.05 1.0025 1.0025 2.27815e-15
0.06 1.00361 1.00361 2.27815e-15
0.07 1.00491 1.00491 2.27815e-15
0.08 1.00642 1.00642 2.27815e-15
0.09 1.00813 1.00813 2.27815e-15
0.1 1.01005 1.01005 2.27815e-15
0.11 1.01217 1.01217 2.27815e-15
0.12 1.0145 1.0145 2.27815e-15
0.13 1.01704 1.01704 2.27815e-15
0.14 1.01979 1.01979 2.27815e-15
0.15 1.02276 1.02276 2.27815e-15
0.16 1.02593 1.02593 2.27815e-15
0.17 1.02932 1.02932 2.27815e-15
0.18 1.03293 1.03293 2.27815e-15
0.19 1.03676 1.03676 2.27815e-15
0.2 1.04081 1.04081 2.27815e-15
0.21 1.04509 1.04509 2.27815e-15
0.22 1.04959 1.04959 2.27815e-15
0.23 1.05432 1.05432 2.27815e-15
0.24 1.05929 1.05929 2.27815e-15
0.25 1.06449 1.06449 2.27815e-15
0.26 1.06994 1.06994 2.27815e-15
0.27 1.07562 1.07562 2.27815e-15
0.28 1.08156 1.08156 2.27815e-15
0.29 1.08774 1.08774 2.27815e-15
0.3 1.09417 1.09417 2.27815e-15
0.31 1.10087 1.10087 2.27815e-15
0.32 1.10783 1.10783 2.27815e-15
0.33 1.11505 1.11505 2.27815e-15
0.34 1.12255 1.12255 2.27815e-15
0.35 1.13032 1.13032 2.27815e-15
0.36 1.13837 1.13837 2.27815e-15
0.37 1.14671 1.14671 2.27815e-15
0.38 1.15535 1.15535 2.27815e-15
0.39 1.16428 1.16428 2.27815e-15
0.4 1.17351 1.17351 2.27815e-15
0.41 1.18305 1.18305 2.27815e-15
0.42 1.19292 1.19292 2.27815e-15
0.43 1.2031 1.2031 2.27815e-15
0.44 1.21361 1.21361 2.27815e-15
0.45 1.22446 1.22446 2.27815e-15
0.46 1.23565 1.23565 2.27815e-15
0.47 1.2472 1.2472 2.27815e-15
0.48 1.2591 1.2591 2.27815e-15
0.49 1.27138 1.27138 2.27815e-15
0.5 1.28403 1.28403 2.27815e-15
0.51 1.29706 1.29706 2.27815e-15
0.52 1.31049 1.31049 2.27815e-15
0.53 1.32432 1.32432 2.27815e-15
0.54 1.33857 1.33857 2.27815e-15
0.55 1.35324 1.35324 2.27815e-15
0.56 1.36834 1.36834 2.27815e-15
0.57 1.38389 1.38389 2.27815e-15
0.58 1.3999 1.3999 2.27815e-15
0.59 1.41637 1.41637 2.27815e-15
0.6 1.43333 1.43333 2.27815e-15
0.61 1.45078 1.45078 2.27815e-15
0.62 1.46873 1.46873 2.27815e-15
0.63 1.48721 1.48721 2.27815e-15
0.64 1.50622 1.50622 2.27815e-15
0.65 1.52577 1.52577 2.27815e-15
0.66 1.54589 1.54589 2.27815e-15
0.67 1.56659 1.56659 2.27815e-15
0.68 1.58788 1.58788 2.27815e-15
0.69 1.60978 1.60978 2.27815e-15
0.7 1.63232 1.63232 2.27815e-15
0.71 1.65549 1.65549 2.27815e-15
0.72 1.67934 1.67934 2.27815e-15
0.73 1.70387 1.70387 2.27815e-15
0.74 1.7291 1.7291 2.27815e-15
0.75 1.75505 1.75505 2.27815e-15
0.76 1.78176 1.78176 2.27815e-15
0.77 1.80923 1.80923 2.27815e-15
0.78 1.83749 1.83749 2.27815e-15
0.79 1.86657 1.86657 2.27815e-15
0.8 1.89648 1.89648 2.27815e-15
0.81 1.92726 1.92726 2.27815e-15
0.82 1.95893 1.95893 2.27815e-15
0.83 1.99152 1.99152 2.27815e-15
0.84 2.02506 2.02506 2.27815e-15
0.85 2.05958 2.05958 2.27815e-15
0.86 2.0951 2.0951 2.27815e-15
0.87 2.13166 2.13166 2.27815e-15
0.88 2.16929 2.16929 2.27815e-15
0.89 2.20803 2.20803 2.27815e-15
0.9 2.24791 2.24791 2.27815e-15
0.91 2.28897 2.28897 2.27815e-15
0.92 2.33124 2.33124 2.27815e-15
0.93 2.37477 2.37477 2.27815e-15
0.94 2.41959 2.41959 2.27815e-15
0.95 2.46576 2.46576 2.27815e-15
0.96 2.51331 2.51331 2.27815e-15
0.97 2.56229 2.56229 2.27815e-15
0.98 2.61274 2.61274 2.27815e-15
0.99 2.66472 2.66472 2.27815e-15
