-1 2 1.99751 0.0050122
-0.99 1.9603 1.96262 0.0050122
-0.98 1.92119 1.92045 0.0050122
-0.97 1.88267 1.88014 0.0050122
-0.96 1.84474 1.84295 0.0050122
-0.95 1.80737 1.8076 0.0050122
-0.94 1.77058 1.77257 0.0050122
-0.93 1.73436 1.73703 0.0050122
-0.92 1.69869 1.70085 0.0050122
-0.91 1.66357 1.6644 0.0050122
-0.9 1.629 1.62824 0.0050122
-0.89 1.59497 1.59289 0.0050122
-0.88 1.56147 1.5587 0.0050122
-0.87 1.5285 1.5258 0.0050122
-0.86 1.49606 1.49409 0.0050122
-0.85 1.46412 1.46336 0.0050122
-0.84 1.4327 1.43329 0.0050122
-0.83 1.40179 1.40361 0.0050122
-0.82 1.37137 1.37406 0.0050122
-0.81 1.34144 1.3445 0.0050122
-0.8 1.312 1.31488 0.0050122
-0.79 1.28304 1.28524 0.0050122
-0.78 1.25455 1.25572 0.0050122
-0.77 1.22653 1.22647 0.0050122
-0.76 1.19898 1.19768 0.0050122
-0.75 1.17187 1.16953 0.0050122
-0.74 1.14522 1.14216 0.0050122
-0.73 1.11902 1.11563 0.0050122
-0.72 1.09325 1.09 0.0050122
-0.71 1.06791 1.06521 0.0050122
-0.7 1.043 1.0412 0.0050122
-0.69 1.01851 1.01784 0.0050122
-0.68 0.994432 0.994994 0.0050122
-0.67 0.970763 0.972508 0.0050122
-0.66 0.947496 0.950248 0.0050122
-0.65 0.924625 0.928098 0.0050122
-0.64 0.902144 0.905976 0.0050122
-0.63 0.880047 0.883839 0.0050122
-0.62 0.858328 0.861687 0.0050122
-0.61 0.836981 0.839556 0.0050122
-0.6 0.816 0.817516 0.0050122
-0.59 0.795379 0.795664 0.0050122
-0.58 0.775112 0.774108 0.0050122
-0.57 0.755193 0.752963 0.0050122
-0.56 0.735616 0.732336 0.0050122
-0.55 0.716375 0.712317 0.0050122
-0.54 0.697464 0.692972 0.0050122
-0.53 0.678877 0.674337 0.0050122
-0.52 0.660608 0.656416 0.0050122
-0.51 0.642651 0.639179 0.0050122
-0.5 0.625 0.622565 0.0050122
-0.49 0.607649 0.606489 0.0050122
-0.48 0.590592 0.590845 0.0050122
-0.47 0.573823 0.575516 0.0050122
-0.46 0.557336 0.560382 0.0050122
-0.45 0.541125 0.545329 0.0050122
-0.44 0.525184 0.530255 0.0050122
-0.43 0.509507 0.515081 0.0050122
-0.42 0.494088 0.499751 0.0050122
-0.41 0.478921 0.484242 0.0050122
-0.4 0.464 0.46856 0.0050122
-0.39 0.449319 0.452742 0.0050122
-0.38 0.434872 0.436852 0.0050122
-0.37 0.420653 0.420978 0.0050122
-0.36 0.406656 0.405226 0.0050122
-0.35 0.392875 0.389711 0.0050122
-0.34 0.379304 0.37455 0.0050122
-0.33 0.365937 0.359854 0.0050122
-0.32 0.352768 0.345723 0.0050122
-0.31 0.339791 0.332233 0.0050122
-0.3 0.327 0.319434 0.0050122
-0.29 0.314389 0.307346 0.0050122
-0.28 0.301952 0.295954 0.0050122
-0.27 0.289683 0.285211 0.0050122
-0.26 0.277576 0.275036 0.0050122
-0.25 0.265625 0.265317 0.0050122
-0.24 0.253824 0.255919 0.0050122
-0.23 0.242167 0.246691 0.0050122
-0.22 0.230648 0.237467 0.0050122
-0.21 0.219261 0.228086 0.0050122
-0.2 0.208 0.218389 0.0050122
-0.19 0.196859 0.208237 0.0050122
-0.18 0.185832 0.197516 0.0050122
-0.17 0.174913 0.186145 0.0050122
-0.16 0.164096 0.17408 0.0050122
-0.15 0.153375 0.161323 0.0050122
-0.14 0.142744 0.14792 0.0050122
-0.13 0.132197 0.133965 0.0050122
-0.12 0.121728 0.119599 0.0050122
-0.11 0.111331 0.105002 0.0050122
-0.1 0.101 0.0903916 0.0050122
-0.09 0.090729 0.0760147 0.0050122
-0.08 0.080512 0.0621384 0.0050122
-0.07 0.070343 0.0490404 0.0050122
-0.06 0.060216 0.0369989 0.0050122
-0.05 0.050125 0.0262819 0.0050122
-0.04 0.040064 0.0171368 0.0050122
-0.03 0.030027 0.00978087 0.0050122
-0.02 0.020008 0.00439267 0.0050122
-0.01 0.010001 0.00110508 0.0050122
7.5287e-16 7.5287e-16 1.55431e-15 0.0050122
0.01 0.010001 0.00110508 0.0050122
0.02 0.020008 0.00439267 0.0050122
0.03 0.030027 0.00978087 0.0050122
0.04 0.040064 0.0171368 0.0050122
0.05 0.050125 0.0262819 0.0050122
0.06 0.060216 0.0369989 0.0050122
0.07 0.070343 0.0490404 0.0050122
0.08 0.080512 0.0621384 0.0050122
0.09 0.090729 0.0760147 0.0050122
0.1 0.101 0.0903916 0.0050122
0.11 0.111331 0.105002 0.0050122
0.12 0.121728 0.119599 0.0050122
0.13 0.132197 0.133965 0.0050122
0.14 0.142744 0.14792 0.0050122
0.15 0.153375 0.161323 0.0050122
0.16 0.164096 0.17408 0.0050122
0.17 0.174913 0.186145 0.0050122
0.18 0.185832 0.197516 0.0050122
0.19 0.196859 0.208237 0.0050122
0.2 0.208 0.218389 0.0050122
0.21 0.219261 0.228086 0.0050122
0.22 0.230648 0.237467 0.0050122
0.23 0.242167 0.246691 0.0050122
0.24 0.253824 0.255919 0.0050122
0.25 0.265625 0.265317 0.0050122
0.26 0.277576 0.275036 0.0050122
0.27 0.289683 0.285211 0.0050122
0.28 0.301952 0.295954 0.0050122
0.29 0.314389 0.307346 0.0050122
0.3 0.327 0.319434 0.0050122
0.31 0.339791 0.332233 0.0050122
0.32 0.352768 0.345723 0.0050122
0.33 0.365937 0.359854 0.0050122
0.34 0.379304 0.37455 0.0050122
0.35 0.392875 0.389711 0.0050122
0.36 0.406656 0.405226 0.0050122
0.37 0.420653 0.420978 0.0050122
0.38 0.434872 0.436852 0.0050122
0.39 0.449319 0.452742 0.0050122
0.4 0.464 0.46856 0.0050122
0.41 0.478921 0.484242 0.0050122
0.42 0.494088 0.499751 0.0050122
0.43 0.509507 0.515081 0.0050122
0.44 0.525184 0.530255 0.0050122
0.45 0.541125 0.545329 0.0050122
0.46 0.557336 0.560382 0.0050122
0.47 0.573823 0.575516 0.0050122
0.48 0.590592 0.590845 0.0050122
0.49 0.607649 0.606489 0.0050122
0.5 0.625 0.622565 0.0050122
0.51 0.642651 0.639179 0.0050122
0.52 0.660608 0.656416 0.0050122
0.53 0.678877 0.674337 0.0050122
0.54 0.697464 0.692972 0.0050122
0.55 0.716375 0.712317 0.0050122
0.56 0.735616 0.732336 0.0050122
0.57 0.755193 0.752963 0.0050122
0.58 0.775112 0.774108 0.0050122
0.59 0.795379 0.795664 0.0050122
0.6 0.816 0.817516 0.0050122
0.61 0.836981 0.839556 0.0050122
0.62 0.858328 0.861687 0.0050122
0.63 0.880047 0.883839 0.0050122
0.64 0.902144 0.905976 0.0050122
0.65 0.924625 0.928098 0.0050122
0.66 0.947496 0.950248 0.0050122
0.67 0.970763 0.972508 0.0050122
0.68 0.994432 0.994994 0.0050122
0.69 1.01851 1.01784 0.0050122
0.7 1.043 1.0412 0.0050122
0.71 1.06791 1.06521 0.0050122
0.72 1.09325 1.09 0.0050122
0.73 1.11902 1.11563 0.0050122
0.74 1.14522 1.14216 0.0050122
0.75 1.17188 1.16953 0.0050122
0.76 1.19898 1.19768 0.0050122
0.77 1.22653 1.22647 0.0050122
0.78 1.25455 1.25572 0.0050122
0.79 1.28304 1.28524 0.0050122
0.8 1.312 1.31488 0.0050122
0.81 1.34144 1.3445 0.0050122
0.82 1.37137 1.37406 0.0050122
0.83 1.40179 1.40361 0.0050122
0.84 1.4327 1.43329 0.0050122
0.85 1.46413 1.46336 0.0050122
0.86 1.49606 1.49409 0.0050122
0.87 1.5285 1.5258 0.0050122
0.88 1.56147 1.5587 0.0050122
0.89 1.59497 1.59289 0.0050122
0.9 1.629 1.62824 0.0050122
0.91 1.66357 1.6644 0.0050122
0.92 1.69869 1.70085 0.0050122
0.93 1.73436 1.73703 0.0050122
0.94 1.77058 1.77257 0.0050122
0.95 1.80738 1.8076 0.0050122
0.96 1.84474 1.84295 0.0050122
0.97 1.88267 1.88014 0.0050122
0.98 1.92119 1.92045 0.0050122
0.99 1.9603 1.96262 0.0050122
