-1 2 2.00004 2.04333e-15
-0.99 1.9603 1.96033 2.04333e-15
-0.98 1.92119 1.92119 2.04333e-15
-0.97 1.88267 1.88264 2.04333e-15
-0.96 1.84474 1.84475 2.04333e-15
-0.95 1.80737 1.80742 2.04333e-15
-0.94 1.77058 1.77059 2.04333e-15
-0.93 1.73436 1.73432 2.04333e-15
-0.92 1.69869 1.69865 2.04333e-15
-0.91 1.66357 1.66356 2.04333e-15
-0.9 1.629 1.62903 2.04333e-15
-0.89 1.59497 1.59502 2.04333e-15
-0.88 1.56147 1.5615 2.04333e-15
-0.87 1.5285 1.52849 2.04333e-15
-0.86 1.49606 1.49601 2.04333e-15
-0.85 1.46412 1.46407 2.04333e-15
-0.84 1.4327 1.43267 2.04333e-15
-0.83 1.40179 1.40179 2.04333e-15
-0.82 1.37137 1.37141 2.04333e-15
-0.81 1.34144 1.3415 2.04333e-15
-0.8 1.312 1.31205 2.04333e-15
-0.79 1.28304 1.28306 2.04333e-15
-0.78 1.25455 1.25453 2.04333e-15
-0.77 1.22653 1.22648 2.04333e-15
-0.76 1.19898 1.19891 2.04333e-15
-0.75 1.17187 1.17182 2.04333e-15
-0.74 1.14522 1.1452 2.04333e-15
-0.73 1.11902 1.11903 2.04333e-15
-0.72 1.09325 1.0933 2.04333e-15
-0.71 1.06791 1.06799 2.04333e-15
-0.7 1.043 1.04307 2.04333e-15
-0.69 1.01851 1.01855 2.04333e-15
-0.68 0.994432 0.994437 2.04333e-15
-0.67 0.970763 0.970724 2.04333e-15
-0.66 0.947496 0.947422 2.04333e-15
-0.65 0.924625 0.924536 2.04333e-15
-0.64 0.902144 0.902063 2.04333e-15
-0.63 0.880047 0.879997 2.04333e-15
-0.62 0.858328 0.858323 2.04333e-15
-0.61 0.836981 0.837026 2.04333e-15
-0.6 0.816 0.816086 2.04333e-15
-0.59 0.795379 0.795487 2.04333e-15
-0.58 0.775112 0.775216 2.04333e-15
-0.57 0.755193 0.755267 2.04333e-15
-0.56 0.735616 0.735641 2.04333e-15
-0.55 0.716375 0.716342 2.04333e-15
-0.54 0.697464 0.697377 2.04333e-15
-0.53 0.678877 0.678752 2.04333e-15
-0.52 0.660608 0.66047 2.04333e-15
-0.51 0.642651 0.642531 2.04333e-15
-0.5 0.625 0.624925 2.04333e-15
-0.49 0.607649 0.607639 2.04333e-15
-0.48 0.590592 0.590654 2.04333e-15
-0.47 0.573823 0.57395 2.04333e-15
-0.46 0.557336 0.557505 2.04333e-15
-0.45 0.541125 0.541306 2.04333e-15
-0.44 0.525184 0.525339 2.04333e-15
-0.43 0.509507 0.509603 2.04333e-15
-0.42 0.494088 0.4941 2.04333e-15
-0.41 0.478921 0.478839 2.04333e-15
-0.4 0.464 0.463832 2.04333e-15
-0.39 0.449319 0.449089 2.04333e-15
-0.38 0.434872 0.43462 2.04333e-15
-0.37 0.420653 0.420425 2.04333e-15
-0.36 0.406656 0.406499 2.04333e-15
-0.35 0.392875 0.392826 2.04333e-15
-0.34 0.379304 0.379385 2.04333e-15
-0.33 0.365937 0.366147 2.04333e-15
-0.32 0.352768 0.353083 2.04333e-15
-0.31 0.339791 0.340164 2.04333e-15
-0.3 0.327 0.327369 2.04333e-15
-0.29 0.314389 0.314684 2.04333e-15
-0.28 0.301952 0.302109 2.04333e-15
-0.27 0.289683 0.289654 2.04333e-15
-0.26 0.277576 0.27734 2.04333e-15
-0.25 0.265625 0.265194 2.04333e-15
-0.24 0.253824 0.253247 2.04333e-15
-0.23 0.242167 0.241528 2.04333e-15
-0.22 0.230648 0.230052 2.04333e-15
-0.21 0.219261 0.218826 2.04333e-15
-0.2 0.208 0.207835 2.04333e-15
-0.19 0.196859 0.197046 2.04333e-15
-0.18 0.185832 0.186405 2.04333e-15
-0.17 0.174913 0.175847 2.04333e-15
-0.16 0.164096 0.165297 2.04333e-15
-0.15 0.153375 0.15468 2.04333e-15
-0.14 0.142744 0.143934 2.04333e-15
-0.13 0.132197 0.133016 2.04333e-15
-0.12 0.121728 0.121919 2.04333e-15
-0.11 0.111331 0.110674 2.04333e-15
-0.1 0.101 0.0993585 2.04333e-15
-0.09 0.090729 0.0880997 2.04333e-15
-0.08 0.080512 0.0770697 2.04333e-15
-0.07 0.070343 0.0664808 2.04333e-15
-0.06 0.060216 0.0565746 2.04333e-15
-0.05 0.050125 0.0476088 2.04333e-15
-0.04 0.040064 0.0398409 2.04333e-15
-0.03 0.030027 0.0335116 2.04333e-15
-0.02 0.020008 0.0288283 2.04333e-15
-0.01 0.010001 0.0259511 2.04333e-15
7.5287e-16 7.5287e-16 0.0249805 2.04333e-15
0.01 0.010001 0.0259511 2.04333e-15
0.02 0.020008 0.0288283 2.04333e-15
0.03 0.030027 0.0335116 2.04333e-15
0.04 0.040064 0.0398409 2.04333e-15
0.05 0.050125 0.0476088 2.04333e-15
0.06 0.060216 0.0565746 2.04333e-15
0.07 0.070343 0.0664808 2.04333e-15
0.08 0.080512 0.0770697 2.04333e-15
0.09 0.090729 0.0880997 2.04333e-15
0.1 0.101 0.0993585 2.04333e-15
0.11 0.111331 0.110674 2.04333e-15
0.12 0.121728 0.121919 2.04333e-15
0.13 0.132197 0.133016 2.04333e-15
0.14 0.142744 0.143934 2.04333e-15
0.15 0.153375 0.15468 2.04333e-15
0.16 0.164096 0.165297 2.04333e-15
0.17 0.174913 0.175847 2.04333e-15
0.18 0.185832 0.186405 2.04333e-15
0.19 0.196859 0.197046 2.04333e-15
0.2 0.208 0.207835 2.04333e-15
0.21 0.219261 0.218826 2.04333e-15
0.22 0.230648 0.230052 2.04333e-15
0.23 0.242167 0.241528 2.04333e-15
0.24 0.253824 0.253247 2.04333e-15
0.25 0.265625 0.265194 2.04333e-15
0.26 0.277576 0.27734 2.04333e-15
0.27 0.289683 0.289654 2.04333e-15
0.28 0.301952 0.302109 2.04333e-15
0.29 0.314389 0.314684 2.04333e-15
0.3 0.327 0.327369 2.04333e-15
0.31 0.339791 0.340164 2.04333e-15
0.32 0.352768 0.353083 2.04333e-15
0.33 0.365937 0.366147 2.04333e-15
0.34 0.379304 0.379385 2.04333e-15
0.35 0.392875 0.392826 2.04333e-15
0.36 0.406656 0.406499 2.04333e-15
0.37 0.420653 0.420425 2.04333e-15
0.38 0.434872 0.43462 2.04333e-15
0.39 0.449319 0.449089 2.04333e-15
0.4 0.464 0.463832 2.04333e-15
0.41 0.478921 0.478839 2.04333e-15
0.42 0.494088 0.4941 2.04333e-15
0.43 0.509507 0.509603 2.04333e-15
0.44 0.525184 0.525339 2.04333e-15
0.45 0.541125 0.541306 2.04333e-15
0.46 0.557336 0.557505 2.04333e-15
0.47 0.573823 0.57395 2.04333e-15
0.48 0.590592 0.590654 2.04333e-15
0.49 0.607649 0.607639 2.04333e-15
0.5 0.625 0.624925 2.04333e-15
0.51 0.642651 0.642531 2.04333e-15
0.52 0.660608 0.66047 2.04333e-15
0.53 0.678877 0.678752 2.04333e-15
0.54 0.697464 0.697377 2.04333e-15
0.55 0.716375 0.716342 2.04333e-15
0.56 0.735616 0.735641 2.04333e-15
0.57 0.755193 0.755267 2.04333e-15
0.58 0.775112 0.775216 2.04333e-15
0.59 0.795379 0.795487 2.04333e-15
0.6 0.816 0.816086 2.04333e-15
0.61 0.836981 0.837026 2.04333e-15
0.62 0.858328 0.858323 2.04333e-15
0.63 0.880047 0.879997 2.04333e-15
0.64 0.902144 0.902063 2.04333e-15
0.65 0.924625 0.924536 2.04333e-15
0.66 0.947496 0.947422 2.04333e-15
0.67 0.970763 0.970724 2.04333e-15
0.68 0.994432 0.994437 2.04333e-15
0.69 1.01851 1.01855 2.04333e-15
0.7 1.043 1.04307 2.04333e-15
0.71 1.06791 1.06799 2.04333e-15
0.72 1.09325 1.0933 2.04333e-15
0.73 1.11902 1.11903 2.04333e-15
0.74 1.14522 1.1452 2.04333e-15
0.75 1.17188 1.17182 2.04333e-15
0.76 1.19898 1.19891 2.04333e-15
0.77 1.22653 1.22648 2.04333e-15
0.78 1.25455 1.25453 2.04333e-15
0.79 1.28304 1.28306 2.04333e-15
0.8 1.312 1.31205 2.04333e-15
0.81 1.34144 1.3415 2.04333e-15
0.82 1.37137 1.37141 2.04333e-15
0.83 1.40179 1.40179 2.04333e-15
0.84 1.4327 1.43267 2.04333e-15
0.85 1.46413 1.46407 2.04333e-15
0.86 1.49606 1.49601 2.04333e-15
0.87 1.5285 1.52849 2.04333e-15
0.88 1.56147 1.5615 2.04333e-15
0.89 1.59497 1.59502 2.04333e-15
0.9 1.629 1.62903 2.04333e-15
0.91 1.66357 1.66356 2.04333e-15
0.92 1.69869 1.69865 2.04333e-15
0.93 1.73436 1.73432 2.04333e-15
0.94 1.77058 1.77059 2.04333e-15
0.95 1.80738 1.80742 2.04333e-15
0.96 1.84474 1.84475 2.04333e-15
0.97 1.88267 1.88264 2.04333e-15
0.98 1.92119 1.92119 2.04333e-15
0.99 1.9603 1.96033 2.04333e-15
