-1 2 2.00085 0.00169752
-0.99 1.9603 1.96114 0.00169752
-0.98 1.92119 1.9206 0.00169752
-0.97 1.88267 1.8823 0.00169752
-0.96 1.84474 1.84556 0.00169752
-0.95 1.80737 1.80779 0.00169752
-0.94 1.77058 1.76992 0.00169752
-0.93 1.73436 1.73355 0.00169752
-0.92 1.69869 1.69872 0.00169752
-0.91 1.66357 1.6644 0.00169752
-0.9 1.629 1.6298 0.00169752
-0.89 1.59497 1.59503 0.00169752
-0.88 1.56147 1.56074 0.00169752
-0.87 1.5285 1.52755 0.00169752
-0.86 1.49606 1.49556 0.00169752
-0.85 1.46412 1.46441 0.00169752
-0.84 1.4327 1.4336 0.00169752
-0.83 1.40179 1.40276 0.00169752
-0.82 1.37137 1.37186 0.00169752
-0.81 1.34144 1.34119 0.00169752
-0.8 1.312 1.31113 0.00169752
-0.79 1.28304 1.28198 0.00169752
-0.78 1.25455 1.2538 0.00169752
-0.77 1.22653 1.22643 0.00169752
-0.76 1.19898 1.19958 0.00169752
-0.75 1.17187 1.17294 0.00169752
-0.74 1.14522 1.14631 0.00169752
-0.73 1.11902 1.1197 0.00169752
-0.72 1.09325 1.09326 0.00169752
-0.71 1.06791 1.06723 0.00169752
-0.7 1.043 1.04187 0.00169752
-0.69 1.01851 1.01732 0.00169752
-0.68 0.994432 0.993597 0.00169752
-0.67 0.970763 0.970569 0.00169752
-0.66 0.947496 0.948018 0.00169752
-0.65 0.924625 0.92571 0.00169752
-0.64 0.902144 0.903462 0.00169752
-0.63 0.880047 0.881196 0.00169752
-0.62 0.858328 0.858958 0.00169752
-0.61 0.836981 0.836893 0.00169752
-0.6 0.816 0.815203 0.00169752
-0.59 0.795379 0.794082 0.00169752
-0.58 0.775112 0.773667 0.00169752
-0.57 0.755193 0.753994 0.00169752
-0.56 0.735616 0.734995 0.00169752
-0.55 0.716375 0.716514 0.00169752
-0.54 0.697464 0.698349 0.00169752
-0.53 0.678877 0.6803 0.00169752
-0.52 0.660608 0.662223 0.00169752
-0.51 0.642651 0.644057 0.00169752
-0.5 0.625 0.62584 0.00169752
-0.49 0.607649 0.607698 0.00169752
-0.48 0.590592 0.589811 0.00169752
-0.47 0.573823 0.572369 0.00169752
-0.46 0.557336 0.555529 0.00169752
-0.45 0.541125 0.539375 0.00169752
-0.44 0.525184 0.523899 0.00169752
-0.43 0.509507 0.509 0.00169752
-0.42 0.494088 0.494506 0.00169752
-0.41 0.478921 0.48021 0.00169752
-0.4 0.464 0.46591 0.00169752
-0.39 0.449319 0.451457 0.00169752
-0.38 0.434872 0.43678 0.00169752
-0.37 0.420653 0.421905 0.00169752
-0.36 0.406656 0.40695 0.00169752
-0.35 0.392875 0.3921 0.00169752
-0.34 0.379304 0.377568 0.00169752
-0.33 0.365937 0.363554 0.00169752
-0.32 0.352768 0.350201 0.00169752
-0.31 0.339791 0.337564 0.00169752
-0.3 0.327 0.325595 0.00169752
-0.29 0.314389 0.314147 0.00169752
-0.28 0.301952 0.302996 0.00169752
-0.27 0.289683 0.291887 0.00169752
-0.26 0.277576 0.280573 0.00169752
-0.25 0.265625 0.268866 0.00169752
-0.24 0.253824 0.256676 0.00169752
-0.23 0.242167 0.244027 0.00169752
-0.22 0.230648 0.231064 0.00169752
-0.21 0.219261 0.218028 0.00169752
-0.2 0.208 0.205217 0.00169752
-0.19 0.196859 0.192936 0.00169752
-0.18 0.185832 0.181434 0.00169752
-0.17 0.174913 0.170862 0.00169752
-0.16 0.164096 0.16123 0.00169752
-0.15 0.153375 0.152393 0.00169752
-0.14 0.142744 0.144064 0.00169752
-0.13 0.132197 0.135848 0.00169752
-0.12 0.121728 0.1273 0.00169752
-0.11 0.111331 0.117992 0.00169752
-0.1 0.101 0.107591 0.00169752
-0.09 0.090729 0.095923 0.00169752
-0.08 0.080512 0.0830222 0.00169752
-0.07 0.070343 0.0691538 0.00169752
-0.06 0.060216 0.0548068 0.00169752
-0.05 0.050125 0.0406556 0.00169752
-0.04 0.040064 0.0274945 0.00169752
-0.03 0.030027 0.0161544 0.00169752
-0.02 0.020008 0.00740924 0.00169752
-0.01 0.010001 0.00188786 0.00169752
7.5287e-16 7.5287e-16 1.33227e-15 0.00169752
0.01 0.010001 0.00188786 0.00169752
0.02 0.020008 0.00740924 0.00169752
0.03 0.030027 0.0161544 0.00169752
0.04 0.040064 0.0274945 0.00169752
0.05 0.050125 0.0406556 0.00169752
0.06 0.060216 0.0548068 0.00169752
0.07 0.070343 0.0691538 0.00169752
0.08 0.080512 0.0830222 0.00169752
0.09 0.090729 0.095923 0.00169752
0.1 0.101 0.107591 0.00169752
0.11 0.111331 0.117992 0.00169752
0.12 0.121728 0.1273 0.00169752
0.13 0.132197 0.135848 0.00169752
0.14 0.142744 0.144064 0.00169752
0.15 0.153375 0.152393 0.00169752
0.16 0.164096 0.16123 0.00169752
0.17 0.174913 0.170862 0.00169752
0.18 0.185832 0.181434 0.00169752
0.19 0.196859 0.192936 0.00169752
0.2 0.208 0.205217 0.00169752
0.21 0.219261 0.218028 0.00169752
0.22 0.230648 0.231064 0.00169752
0.23 0.242167 0.244027 0.00169752
0.24 0.253824 0.256676 0.00169752
0.25 0.265625 0.268866 0.00169752
0.26 0.277576 0.280573 0.00169752
0.27 0.289683 0.291887 0.00169752
0.28 0.301952 0.302996 0.00169752
0.29 0.314389 0.314147 0.00169752
0.3 0.327 0.325595 0.00169752
0.31 0.339791 0.337564 0.00169752
0.32 0.352768 0.350201 0.00169752
0.33 0.365937 0.363554 0.00169752
0.34 0.379304 0.377568 0.00169752
0.35 0.392875 0.3921 0.00169752
0.36 0.406656 0.40695 0.00169752
0.37 0.420653 0.421905 0.00169752
0.38 0.434872 0.43678 0.00169752
0.39 0.449319 0.451457 0.00169752
0.4 0.464 0.46591 0.00169752
0.41 0.478921 0.48021 0.00169752
0.42 0.494088 0.494506 0.00169752
0.43 0.509507 0.509 0.00169752
0.44 0.525184 0.523899 0.00169752
0.45 0.541125 0.539375 0.00169752
0.46 0.557336 0.555529 0.00169752
0.47 0.573823 0.572369 0.00169752
0.48 0.590592 0.589811 0.00169752
0.49 0.607649 0.607698 0.00169752
0.5 0.625 0.62584 0.00169752
0.51 0.642651 0.644057 0.00169752
0.52 0.660608 0.662223 0.00169752
0.53 0.678877 0.6803 0.00169752
0.54 0.697464 0.698349 0.00169752
0.55 0.716375 0.716514 0.00169752
0.56 0.735616 0.734995 0.00169752
0.57 0.755193 0.753994 0.00169752
0.58 0.775112 0.773667 0.00169752
0.59 0.795379 0.794082 0.00169752
0.6 0.816 0.815203 0.00169752
0.61 0.836981 0.836893 0.00169752
0.62 0.858328 0.858958 0.00169752
0.63 0.880047 0.881196 0.00169752
0.64 0.902144 0.903462 0.00169752
0.65 0.924625 0.92571 0.00169752
0.66 0.947496 0.948018 0.00169752
0.67 0.970763 0.970569 0.00169752
0.68 0.994432 0.993597 0.00169752
0.69 1.01851 1.01732 0.00169752
0.7 1.043 1.04187 0.00169752
0.71 1.06791 1.06723 0.00169752
0.72 1.09325 1.09326 0.00169752
0.73 1.11902 1.1197 0.00169752
0.74 1.14522 1.14631 0.00169752
0.75 1.17188 1.17294 0.00169752
0.76 1.19898 1.19958 0.00169752
0.77 1.22653 1.22643 0.00169752
0.78 1.25455 1.2538 0.00169752
0.79 1.28304 1.28198 0.00169752
0.8 1.312 1.31113 0.00169752
0.81 1.34144 1.34119 0.00169752
0.82 1.37137 1.37186 0.00169752
0.83 1.40179 1.40276 0.00169752
0.84 1.4327 1.4336 0.00169752
0.85 1.46413 1.46441 0.00169752
0.86 1.49606 1.49556 0.00169752
0.87 1.5285 1.52755 0.00169752
0.88 1.56147 1.56074 0.00169752
0.89 1.59497 1.59503 0.00169752
0.9 1.629 1.6298 0.00169752
0.91 1.66357 1.6644 0.00169752
0.92 1.69869 1.69872 0.00169752
0.93 1.73436 1.73355 0.00169752
0.94 1.77058 1.76992 0.00169752
0.95 1.80738 1.80779 0.00169752
0.96 1.84474 1.84556 0.00169752
0.97 1.88267 1.8823 0.00169752
0.98 1.92119 1.9206 0.00169752
0.99 1.9603 1.96114 0.00169752
