-1 2 2.00011 1.12038e-15
-0.99 1.9603 1.96022 1.12038e-15
-0.98 1.92119 1.92128 1.12038e-15
-0.97 1.88267 1.88277 1.12038e-15
-0.96 1.84474 1.84472 1.12038e-15
-0.95 1.80737 1.80727 1.12038e-15
-0.94 1.77058 1.77047 1.12038e-15
-0.93 1.73436 1.7343 1.12038e-15
-0.92 1.69869 1.69872 1.12038e-15
-0.91 1.66357 1.66368 1.12038e-15
-0.9 1.629 1.62914 1.12038e-15
-0.89 1.59497 1.59508 1.12038e-15
-0.88 1.56147 1.56151 1.12038e-15
-0.87 1.5285 1.52846 1.12038e-15
-0.86 1.49606 1.49594 1.12038e-15
-0.85 1.46412 1.46398 1.12038e-15
-0.84 1.4327 1.43256 1.12038e-15
-0.83 1.40179 1.40168 1.12038e-15
-0.82 1.37137 1.37133 1.12038e-15
-0.81 1.34144 1.34149 1.12038e-15
-0.8 1.312 1.31212 1.12038e-15
-0.79 1.28304 1.2832 1.12038e-15
-0.78 1.25455 1.25473 1.12038e-15
-0.77 1.22653 1.22669 1.12038e-15
-0.76 1.19898 1.19908 1.12038e-15
-0.75 1.17187 1.17191 1.12038e-15
-0.74 1.14522 1.14518 1.12038e-15
-0.73 1.11902 1.11889 1.12038e-15
-0.72 1.09325 1.09307 1.12038e-15
-0.71 1.06791 1.0677 1.12038e-15
-0.7 1.043 1.04279 1.12038e-15
-0.69 1.01851 1.01833 1.12038e-15
-0.68 0.994432 0.994316 1.12038e-15
-0.67 0.970763 0.97073 1.12038e-15
-0.66 0.947496 0.947554 1.12038e-15
-0.65 0.924625 0.924771 1.12038e-15
-0.64 0.902144 0.902362 1.12038e-15
-0.63 0.880047 0.880312 1.12038e-15
-0.62 0.858328 0.858606 1.12038e-15
-0.61 0.836981 0.837238 1.12038e-15
-0.6 0.816 0.816201 1.12038e-15
-0.59 0.795379 0.795497 1.12038e-15
-0.58 0.775112 0.775127 1.12038e-15
-0.57 0.755193 0.755097 1.12038e-15
-0.56 0.735616 0.735413 1.12038e-15
-0.55 0.716375 0.716083 1.12038e-15
-0.54 0.697464 0.697111 1.12038e-15
-0.53 0.678877 0.678499 1.12038e-15
-0.52 0.660608 0.660246 1.12038e-15
-0.51 0.642651 0.642345 1.12038e-15
-0.5 0.625 0.624788 1.12038e-15
-0.49 0.607649 0.607561 1.12038e-15
-0.48 0.590592 0.590646 1.12038e-15
-0.47 0.573823 0.574024 1.12038e-15
-0.46 0.557336 0.557675 1.12038e-15
-0.45 0.541125 0.541577 1.12038e-15
-0.44 0.525184 0.525713 1.12038e-15
-0.43 0.509507 0.510065 1.12038e-15
-0.42 0.494088 0.494622 1.12038e-15
-0.41 0.478921 0.479376 1.12038e-15
-0.4 0.464 0.464323 1.12038e-15
-0.39 0.449319 0.449467 1.12038e-15
-0.38 0.434872 0.434815 1.12038e-15
-0.37 0.420653 0.420375 1.12038e-15
-0.36 0.406656 0.406163 1.12038e-15
-0.35 0.392875 0.392191 1.12038e-15
-0.34 0.379304 0.378474 1.12038e-15
-0.33 0.365937 0.365023 1.12038e-15
-0.32 0.352768 0.351847 1.12038e-15
-0.31 0.339791 0.338947 1.12038e-15
-0.3 0.327 0.326321 1.12038e-15
-0.29 0.314389 0.313958 1.12038e-15
-0.28 0.301952 0.301839 1.12038e-15
-0.27 0.289683 0.289941 1.12038e-15
-0.26 0.277576 0.27823 1.12038e-15
-0.25 0.265625 0.26667 1.12038e-15
-0.24 0.253824 0.255221 1.12038e-15
-0.23 0.242167 0.24384 1.12038e-15
-0.22 0.230648 0.232487 1.12038e-15
-0.21 0.219261 0.221125 1.12038e-15
-0.2 0.208 0.209722 1.12038e-15
-0.19 0.196859 0.198256 1.12038e-15
-0.18 0.185832 0.186718 1.12038e-15
-0.17 0.174913 0.17511 1.12038e-15
-0.16 0.164096 0.163451 1.12038e-15
-0.15 0.153375 0.151774 1.12038e-15
-0.14 0.142744 0.140133 1.12038e-15
-0.13 0.132197 0.128593 1.12038e-15
-0.12 0.121728 0.117239 1.12038e-15
-0.11 0.111331 0.106168 1.12038e-15
-0.1 0.101 0.095488 1.12038e-15
-0.09 0.090729 0.0853171 1.12038e-15
-0.08 0.080512 0.0757777 1.12038e-15
-0.07 0.070343 0.0669939 1.12038e-15
-0.06 0.060216 0.0590878 1.12038e-15
-0.05 0.050125 0.0521748 1.12038e-15
-0.04 0.040064 0.0463604 1.12038e-15
-0.03 0.030027 0.0417365 1.12038e-15
-0.02 0.020008 0.0383778 1.12038e-15
-0.01 0.010001 0.0363398 1.12038e-15
7.5287e-16 7.5287e-16 0.0356567 1.12038e-15
0.01 0.010001 0.0363398 1.12038e-15
0.02 0.020008 0.0383778 1.12038e-15
0.03 0.030027 0.0417365 1.12038e-15
0.04 0.040064 0.0463604 1.12038e-15
0.05 0.050125 0.0521748 1.12038e-15
0.06 0.060216 0.0590878 1.12038e-15
0.07 0.070343 0.0669939 1.12038e-15
0.08 0.080512 0.0757777 1.12038e-15
0.09 0.090729 0.0853171 1.12038e-15
0.1 0.101 0.095488 1.12038e-15
0.11 0.111331 0.106168 1.12038e-15
0.12 0.121728 0.117239 1.12038e-15
0.13 0.132197 0.128593 1.12038e-15
0.14 0.142744 0.140133 1.12038e-15
0.15 0.153375 0.151774 1.12038e-15
0.16 0.164096 0.163451 1.12038e-15
0.17 0.174913 0.17511 1.12038e-15
0.18 0.185832 0.186718 1.12038e-15
0.19 0.196859 0.198256 1.12038e-15
0.2 0.208 0.209722 1.12038e-15
0.21 0.219261 0.221125 1.12038e-15
0.22 0.230648 0.232487 1.12038e-15
0.23 0.242167 0.24384 1.12038e-15
0.24 0.253824 0.255221 1.12038e-15
0.25 0.265625 0.26667 1.12038e-15
0.26 0.277576 0.27823 1.12038e-15
0.27 0.289683 0.289941 1.12038e-15
0.28 0.301952 0.301839 1.12038e-15
0.29 0.314389 0.313958 1.12038e-15
0.3 0.327 0.326321 1.12038e-15
0.31 0.339791 0.338947 1.12038e-15
0.32 0.352768 0.351847 1.12038e-15
0.33 0.365937 0.365023 1.12038e-15
0.34 0.379304 0.378474 1.12038e-15
0.35 0.392875 0.392191 1.12038e-15
0.36 0.406656 0.406163 1.12038e-15
0.37 0.420653 0.420375 1.12038e-15
0.38 0.434872 0.434815 1.12038e-15
0.39 0.449319 0.449467 1.12038e-15
0.4 0.464 0.464323 1.12038e-15
0.41 0.478921 0.479376 1.12038e-15
0.42 0.494088 0.494622 1.12038e-15
0.43 0.509507 0.510065 1.12038e-15
0.44 0.525184 0.525713 1.12038e-15
0.45 0.541125 0.541577 1.12038e-15
0.46 0.557336 0.557675 1.12038e-15
0.47 0.573823 0.574024 1.12038e-15
0.48 0.590592 0.590646 1.12038e-15
0.49 0.607649 0.607561 1.12038e-15
0.5 0.625 0.624788 1.12038e-15
0.51 0.642651 0.642345 1.12038e-15
0.52 0.660608 0.660246 1.12038e-15
0.53 0.678877 0.678499 1.12038e-15
0.54 0.697464 0.697111 1.12038e-15
0.55 0.716375 0.716083 1.12038e-15
0.56 0.735616 0.735413 1.12038e-15
0.57 0.755193 0.755097 1.12038e-15
0.58 0.775112 0.775127 1.12038e-15
0.59 0.795379 0.795497 1.12038e-15
0.6 0.816 0.816201 1.12038e-15
0.61 0.836981 0.837238 1.12038e-15
0.62 0.858328 0.858606 1.12038e-15
0.63 0.880047 0.880312 1.12038e-15
0.64 0.902144 0.902362 1.12038e-15
0.65 0.924625 0.924771 1.12038e-15
0.66 0.947496 0.947554 1.12038e-15
0.67 0.970763 0.97073 1.12038e-15
0.68 0.994432 0.994316 1.12038e-15
0.69 1.01851 1.01833 1.12038e-15
0.7 1.043 1.04279 1.12038e-15
0.71 1.06791 1.0677 1.12038e-15
0.72 1.09325 1.09307 1.12038e-15
0.73 1.11902 1.11889 1.12038e-15
0.74 1.14522 1.14518 1.12038e-15
0.75 1.17188 1.17191 1.12038e-15
0.76 1.19898 1.19908 1.12038e-15
0.77 1.22653 1.22669 1.12038e-15
0.78 1.25455 1.25473 1.12038e-15
0.79 1.28304 1.2832 1.12038e-15
0.8 1.312 1.31212 1.12038e-15
0.81 1.34144 1.34149 1.12038e-15
0.82 1.37137 1.37133 1.12038e-15
0.83 1.40179 1.40168 1.12038e-15
0.84 1.4327 1.43256 1.12038e-15
0.85 1.46413 1.46398 1.12038e-15
0.86 1.49606 1.49594 1.12038e-15
0.87 1.5285 1.52846 1.12038e-15
0.88 1.56147 1.56151 1.12038e-15
0.89 1.59497 1.59508 1.12038e-15
0.9 1.629 1.62914 1.12038e-15
0.91 1.66357 1.66368 1.12038e-15
0.92 1.69869 1.69872 1.12038e-15
0.93 1.73436 1.7343 1.12038e-15
0.94 1.77058 1.77047 1.12038e-15
0.95 1.80738 1.80727 1.12038e-15
0.96 1.84474 1.84472 1.12038e-15
0.97 1.88267 1.88277 1.12038e-15
0.98 1.92119 1.92128 1.12038e-15
0.99 1.9603 1.96022 1.12038e-15
