-1 2 1.95357 0.0640786
-0.99 1.9603 1.92469 0.0640786
-0.98 1.92119 1.8957 0.0640786
-0.97 1.88267 1.86662 0.0640786
-0.96 1.84474 1.83745 0.0640786
-0.95 1.80737 1.8082 0.0640786
-0.94 1.77058 1.7789 0.0640786
-0.93 1.73436 1.74954 0.0640786
-0.92 1.69869 1.72014 0.0640786
-0.91 1.66357 1.69072 0.0640786
-0.9 1.629 1.66128 0.0640786
-0.89 1.59497 1.63184 0.0640786
-0.88 1.56147 1.6024 0.0640786
-0.87 1.5285 1.57298 0.0640786
-0.86 1.49606 1.54359 0.0640786
-0.85 1.46412 1.51423 0.0640786
-0.84 1.4327 1.48492 0.0640786
-0.83 1.40179 1.45568 0.0640786
-0.82 1.37137 1.4265 0.0640786
-0.81 1.34144 1.3974 0.0640786
-0.8 1.312 1.36839 0.0640786
-0.79 1.28304 1.33948 0.0640786
-0.78 1.25455 1.31068 0.0640786
-0.77 1.22653 1.282 0.0640786
-0.76 1.19898 1.25345 0.0640786
-0.75 1.17187 1.22504 0.0640786
-0.74 1.14522 1.19677 0.0640786
-0.73 1.11902 1.16866 0.0640786
-0.72 1.09325 1.14071 0.0640786
-0.71 1.06791 1.11294 0.0640786
-0.7 1.043 1.08535 0.0640786
-0.69 1.01851 1.05796 0.0640786
-0.68 0.994432 1.03076 0.0640786
-0.67 0.970763 1.00377 0.0640786
-0.66 0.947496 0.977005 0.0640786
-0.65 0.924625 0.95046 0.0640786
-0.64 0.902144 0.924149 0.0640786
-0.63 0.880047 0.898079 0.0640786
-0.62 0.858328 0.872258 0.0640786
-0.61 0.836981 0.846694 0.0640786
-0.6 0.816 0.821394 0.0640786
-0.59 0.795379 0.796366 0.0640786
-0.58 0.775112 0.771617 0.0640786
-0.57 0.755193 0.747154 0.0640786
-0.56 0.735616 0.722985 0.0640786
-0.55 0.716375 0.699115 0.0640786
-0.54 0.697464 0.675554 0.0640786
-0.53 0.678877 0.652306 0.0640786
-0.52 0.660608 0.629378 0.0640786
-0.51 0.642651 0.606777 0.0640786
-0.5 0.625 0.58451 0.0640786
-0.49 0.607649 0.562582 0.0640786
-0.48 0.590592 0.540999 0.0640786
-0.47 0.573823 0.519768 0.0640786
-0.46 0.557336 0.498894 0.0640786
-0.45 0.541125 0.478384 0.0640786
-0.44 0.525184 0.458242 0.0640786
-0.43 0.509507 0.438474 0.0640786
-0.42 0.494088 0.419085 0.0640786
-0.41 0.478921 0.400082 0.0640786
-0.4 0.464 0.381468 0.0640786
-0.39 0.449319 0.363249 0.0640786
-0.38 0.434872 0.34543 0.0640786
-0.37 0.420653 0.328015 0.0640786
-0.36 0.406656 0.311009 0.0640786
-0.35 0.392875 0.294416 0.0640786
-0.34 0.379304 0.278242 0.0640786
-0.33 0.365937 0.262489 0.0640786
-0.32 0.352768 0.247163 0.0640786
-0.31 0.339791 0.232267 0.0640786
-0.3 0.327 0.217805 0.0640786
-0.29 0.314389 0.203781 0.0640786
-0.28 0.301952 0.190199 0.0640786
-0.27 0.289683 0.177061 0.0640786
-0.26 0.277576 0.164372 0.0640786
-0.25 0.265625 0.152135 0.0640786
-0.24 0.253824 0.140352 0.0640786
-0.23 0.242167 0.129027 0.0640786
-0.22 0.230648 0.118163 0.0640786
-0.21 0.219261 0.107762 0.0640786
-0.2 0.208 0.0978276 0.0640786
-0.19 0.196859 0.0883616 0.0640786
-0.18 0.185832 0.0793666 0.0640786
-0.17 0.174913 0.0708449 0.0640786
-0.16 0.164096 0.0627987 0.0640786
-0.15 0.153375 0.0552299 0.0640786
-0.14 0.142744 0.0481405 0.0640786
-0.13 0.132197 0.0415323 0.0640786
-0.12 0.121728 0.0354069 0.0640786
-0.11 0.111331 0.0297659 0.0640786
-0.1 0.101 0.0246107 0.0640786
-0.09 0.090729 0.0199426 0.0640786
-0.08 0.080512 0.0157627 0.0640786
-0.07 0.070343 0.0120721 0.0640786
-0.06 0.060216 0.00887166 0.0640786
-0.05 0.050125 0.00616229 0.0640786
-0.04 0.040064 0.0039446 0.0640786
-0.03 0.030027 0.00221916 0.0640786
-0.02 0.020008 0.000986396 0.0640786
-0.01 0.010001 0.000246614 0.0640786
7.5287e-16 7.5287e-16 -2.22045e-16 0.0640786
0.01 0.010001 0.000246614 0.0640786
0.02 0.020008 0.000986396 0.0640786
0.03 0.030027 0.00221916 0.0640786
0.04 0.040064 0.0039446 0.0640786
0.05 0.050125 0.00616229 0.0640786
0.06 0.060216 0.00887166 0.0640786
0.07 0.070343 0.0120721 0.0640786
0.08 0.080512 0.0157627 0.0640786
0.09 0.090729 0.0199426 0.0640786
0.1 0.101 0.0246107 0.0640786
0.11 0.111331 0.0297659 0.0640786
0.12 0.121728 0.0354069 0.0640786
0.13 0.132197 0.0415323 0.0640786
0.14 0.142744 0.0481405 0.0640786
0.15 0.153375 0.0552299 0.0640786
0.16 0.164096 0.0627987 0.0640786
0.17 0.174913 0.0708449 0.0640786
0.18 0.185832 0.0793666 0.0640786
0.19 0.196859 0.0883616 0.0640786
0.2 0.208 0.0978276 0.0640786
0.21 0.219261 0.107762 0.0640786
0.22 0.230648 0.118163 0.0640786
0.23 0.242167 0.129027 0.0640786
0.24 0.253824 0.140352 0.0640786
0.25 0.265625 0.152135 0.0640786
0.26 0.277576 0.164372 0.0640786
0.27 0.289683 0.177061 0.0640786
0.28 0.301952 0.190199 0.0640786
0.29 0.314389 0.203781 0.0640786
0.3 0.327 0.217805 0.0640786
0.31 0.339791 0.232267 0.0640786
0.32 0.352768 0.247163 0.0640786
0.33 0.365937 0.262489 0.0640786
0.34 0.379304 0.278242 0.0640786
0.35 0.392875 0.294416 0.0640786
0.36 0.406656 0.311009 0.0640786
0.37 0.420653 0.328015 0.0640786
0.38 0.434872 0.34543 0.0640786
0.39 0.449319 0.363249 0.0640786
0.4 0.464 0.381468 0.0640786
0.41 0.478921 0.400082 0.0640786
0.42 0.494088 0.419085 0.0640786
0.43 0.509507 0.438474 0.0640786
0.44 0.525184 0.458242 0.0640786
0.45 0.541125 0.478384 0.0640786
0.46 0.557336 0.498894 0.0640786
0.47 0.573823 0.519768 0.0640786
0.48 0.590592 0.540999 0.0640786
0.49 0.607649 0.562582 0.0640786
0.5 0.625 0.58451 0.0640786
0.51 0.642651 0.606777 0.0640786
0.52 0.660608 0.629378 0.0640786
0.53 0.678877 0.652306 0.0640786
0.54 0.697464 0.675554 0.0640786
0.55 0.716375 0.699115 0.0640786
0.56 0.735616 0.722985 0.0640786
0.57 0.755193 0.747154 0.0640786
0.58 0.775112 0.771617 0.0640786
0.59 0.795379 0.796366 0.0640786
0.6 0.816 0.821394 0.0640786
0.61 0.836981 0.846694 0.0640786
0.62 0.858328 0.872258 0.0640786
0.63 0.880047 0.898079 0.0640786
0.64 0.902144 0.924149 0.0640786
0.65 0.924625 0.95046 0.0640786
0.66 0.947496 0.977005 0.0640786
0.67 0.970763 1.00377 0.0640786
0.68 0.994432 1.03076 0.0640786
0.69 1.01851 1.05796 0.0640786
0.7 1.043 1.08535 0.0640786
0.71 1.06791 1.11294 0.0640786
0.72 1.09325 1.14071 0.0640786
0.73 1.11902 1.16866 0.0640786
0.74 1.14522 1.19677 0.0640786
0.75 1.17188 1.22504 0.0640786
0.76 1.19898 1.25345 0.0640786
0.77 1.22653 1.282 0.0640786
0.78 1.25455 1.31068 0.0640786
0.79 1.28304 1.33948 0.0640786
0.8 1.312 1.36839 0.0640786
0.81 1.34144 1.3974 0.0640786
0.82 1.37137 1.4265 0.0640786
0.83 1.40179 1.45568 0.0640786
0.84 1.4327 1.48492 0.0640786
0.85 1.46413 1.51423 0.0640786
0.86 1.49606 1.54359 0.0640786
0.87 1.5285 1.57298 0.0640786
0.88 1.56147 1.6024 0.0640786
0.89 1.59497 1.63184 0.0640786
0.9 1.629 1.66128 0.0640786
0.91 1.66357 1.69072 0.0640786
0.92 1.69869 1.72014 0.0640786
0.93 1.73436 1.74954 0.0640786
0.94 1.77058 1.7789 0.0640786
0.95 1.80738 1.8082 0.0640786
0.96 1.84474 1.83745 0.0640786
0.97 1.88267 1.86662 0.0640786
0.98 1.92119 1.8957 0.0640786
0.99 1.9603 1.92469 0.0640786
