-1 2 1.99996 8.14286e-16
-0.99 1.9603 1.96027 8.14286e-16
-0.98 1.92119 1.92118 8.14286e-16
-0.97 1.88267 1.88272 8.14286e-16
-0.96 1.84474 1.84475 8.14286e-16
-0.95 1.80737 1.80733 8.14286e-16
-0.94 1.77058 1.77054 8.14286e-16
-0.93 1.73436 1.73437 8.14286e-16
-0.92 1.69869 1.69874 8.14286e-16
-0.91 1.66357 1.66362 8.14286e-16
-0.9 1.629 1.62901 8.14286e-16
-0.89 1.59497 1.59493 8.14286e-16
-0.88 1.56147 1.56141 8.14286e-16
-0.87 1.5285 1.52846 8.14286e-16
-0.86 1.49606 1.49605 8.14286e-16
-0.85 1.46412 1.46416 8.14286e-16
-0.84 1.4327 1.43277 8.14286e-16
-0.83 1.40179 1.40184 8.14286e-16
-0.82 1.37137 1.37139 8.14286e-16
-0.81 1.34144 1.34142 8.14286e-16
-0.8 1.312 1.31195 8.14286e-16
-0.79 1.28304 1.28297 8.14286e-16
-0.78 1.25455 1.25449 8.14286e-16
-0.77 1.22653 1.2265 8.14286e-16
-0.76 1.19898 1.19899 8.14286e-16
-0.75 1.17187 1.17193 8.14286e-16
-0.74 1.14522 1.1453 8.14286e-16
-0.73 1.11902 1.1191 8.14286e-16
-0.72 1.09325 1.0933 8.14286e-16
-0.71 1.06791 1.06792 8.14286e-16
-0.7 1.043 1.04297 8.14286e-16
-0.69 1.01851 1.01844 8.14286e-16
-0.68 0.994432 0.994338 8.14286e-16
-0.67 0.970763 0.970672 8.14286e-16
-0.66 0.947496 0.947432 8.14286e-16
-0.65 0.924625 0.924606 8.14286e-16
-0.64 0.902144 0.902177 8.14286e-16
-0.63 0.880047 0.880127 8.14286e-16
-0.62 0.858328 0.858438 8.14286e-16
-0.61 0.836981 0.837097 8.14286e-16
-0.6 0.816 0.816095 8.14286e-16
-0.59 0.795379 0.79543 8.14286e-16
-0.58 0.775112 0.775105 8.14286e-16
-0.57 0.755193 0.755127 8.14286e-16
-0.56 0.735616 0.735501 8.14286e-16
-0.55 0.716375 0.716232 8.14286e-16
-0.54 0.697464 0.697322 8.14286e-16
-0.53 0.678877 0.678765 8.14286e-16
-0.52 0.660608 0.660551 8.14286e-16
-0.51 0.642651 0.642665 8.14286e-16
-0.5 0.625 0.625087 8.14286e-16
-0.49 0.607649 0.607797 8.14286e-16
-0.48 0.590592 0.590777 8.14286e-16
-0.47 0.573823 0.574013 8.14286e-16
-0.46 0.557336 0.557494 8.14286e-16
-0.45 0.541125 0.541219 8.14286e-16
-0.44 0.525184 0.525192 8.14286e-16
-0.43 0.509507 0.509419 8.14286e-16
-0.42 0.494088 0.493912 8.14286e-16
-0.41 0.478921 0.478681 8.14286e-16
-0.4 0.464 0.463733 8.14286e-16
-0.39 0.449319 0.449071 8.14286e-16
-0.38 0.434872 0.434688 8.14286e-16
-0.37 0.420653 0.420572 8.14286e-16
-0.36 0.406656 0.406703 8.14286e-16
-0.35 0.392875 0.393055 8.14286e-16
-0.34 0.379304 0.379601 8.14286e-16
-0.33 0.365937 0.366313 8.14286e-16
-0.32 0.352768 0.353168 8.14286e-16
-0.31 0.339791 0.34015 8.14286e-16
-0.3 0.327 0.327253 8.14286e-16
-0.29 0.314389 0.314479 8.14286e-16
-0.28 0.301952 0.301843 8.14286e-16
-0.27 0.289683 0.289365 8.14286e-16
-0.26 0.277576 0.277073 8.14286e-16
-0.25 0.265625 0.264993 8.14286e-16
-0.24 0.253824 0.253149 8.14286e-16
-0.23 0.242167 0.241554 8.14286e-16
-0.22 0.230648 0.230209 8.14286e-16
-0.21 0.219261 0.219099 8.14286e-16
-0.2 0.208 0.208192 8.14286e-16
-0.19 0.196859 0.197438 8.14286e-16
-0.18 0.185832 0.186778 8.14286e-16
-0.17 0.174913 0.176143 8.14286e-16
-0.16 0.164096 0.165465 8.14286e-16
-0.15 0.153375 0.154683 8.14286e-16
-0.14 0.142744 0.143754 8.14286e-16
-0.13 0.132197 0.132661 8.14286e-16
-0.12 0.121728 0.121419 8.14286e-16
-0.11 0.111331 0.110081 8.14286e-16
-0.1 0.101 0.0987436 8.14286e-16
-0.09 0.090729 0.0875416 8.14286e-16
-0.08 0.080512 0.0766486 8.14286e-16
-0.07 0.070343 0.0662684 8.14286e-16
-0.06 0.060216 0.0566257 8.14286e-16
-0.05 0.050125 0.0479539 8.14286e-16
-0.04 0.040064 0.0404824 8.14286e-16
-0.03 0.030027 0.0344225 8.14286e-16
-0.02 0.020008 0.0299543 8.14286e-16
-0.01 0.010001 0.0272157 8.14286e-16
7.5287e-16 7.5287e-16 0.026293 8.14286e-16
0.01 0.010001 0.0272157 8.14286e-16
0.02 0.020008 0.0299543 8.14286e-16
0.03 0.030027 0.0344225 8.14286e-16
0.04 0.040064 0.0404824 8.14286e-16
0.05 0.050125 0.0479539 8.14286e-16
0.06 0.060216 0.0566257 8.14286e-16
0.07 0.070343 0.0662684 8.14286e-16
0.08 0.080512 0.0766486 8.14286e-16
0.09 0.090729 0.0875416 8.14286e-16
0.1 0.101 0.0987436 8.14286e-16
0.11 0.111331 0.110081 8.14286e-16
0.12 0.121728 0.121419 8.14286e-16
0.13 0.132197 0.132661 8.14286e-16
0.14 0.142744 0.143754 8.14286e-16
0.15 0.153375 0.154683 8.14286e-16
0.16 0.164096 0.165465 8.14286e-16
0.17 0.174913 0.176143 8.14286e-16
0.18 0.185832 0.186778 8.14286e-16
0.19 0.196859 0.197438 8.14286e-16
0.2 0.208 0.208192 8.14286e-16
0.21 0.219261 0.219099 8.14286e-16
0.22 0.230648 0.230209 8.14286e-16
0.23 0.242167 0.241554 8.14286e-16
0.24 0.253824 0.253149 8.14286e-16
0.25 0.265625 0.264993 8.14286e-16
0.26 0.277576 0.277073 8.14286e-16
0.27 0.289683 0.289365 8.14286e-16
0.28 0.301952 0.301843 8.14286e-16
0.29 0.314389 0.314479 8.14286e-16
0.3 0.327 0.327253 8.14286e-16
0.31 0.339791 0.34015 8.14286e-16
0.32 0.352768 0.353168 8.14286e-16
0.33 0.365937 0.366313 8.14286e-16
0.34 0.379304 0.379601 8.14286e-16
0.35 0.392875 0.393055 8.14286e-16
0.36 0.406656 0.406703 8.14286e-16
0.37 0.420653 0.420572 8.14286e-16
0.38 0.434872 0.434688 8.14286e-16
0.39 0.449319 0.449071 8.14286e-16
0.4 0.464 0.463733 8.14286e-16
0.41 0.478921 0.478681 8.14286e-16
0.42 0.494088 0.493912 8.14286e-16
0.43 0.509507 0.509419 8.14286e-16
0.44 0.525184 0.525192 8.14286e-16
0.45 0.541125 0.541219 8.14286e-16
0.46 0.557336 0.557494 8.14286e-16
0.47 0.573823 0.574013 8.14286e-16
0.48 0.590592 0.590777 8.14286e-16
0.49 0.607649 0.607797 8.14286e-16
0.5 0.625 0.625087 8.14286e-16
0.51 0.642651 0.642665 8.14286e-16
0.52 0.660608 0.660551 8.14286e-16
0.53 0.678877 0.678765 8.14286e-16
0.54 0.697464 0.697322 8.14286e-16
0.55 0.716375 0.716232 8.14286e-16
0.56 0.735616 0.735501 8.14286e-16
0.57 0.755193 0.755127 8.14286e-16
0.58 0.775112 0.775105 8.14286e-16
0.59 0.795379 0.79543 8.14286e-16
0.6 0.816 0.816095 8.14286e-16
0.61 0.836981 0.837097 8.14286e-16
0.62 0.858328 0.858438 8.14286e-16
0.63 0.880047 0.880127 8.14286e-16
0.64 0.902144 0.902177 8.14286e-16
0.65 0.924625 0.924606 8.14286e-16
0.66 0.947496 0.947432 8.14286e-16
0.67 0.970763 0.970672 8.14286e-16
0.68 0.994432 0.994338 8.14286e-16
0.69 1.01851 1.01844 8.14286e-16
0.7 1.043 1.04297 8.14286e-16
0.71 1.06791 1.06792 8.14286e-16
0.72 1.09325 1.0933 8.14286e-16
0.73 1.11902 1.1191 8.14286e-16
0.74 1.14522 1.1453 8.14286e-16
0.75 1.17188 1.17193 8.14286e-16
0.76 1.19898 1.19899 8.14286e-16
0.77 1.22653 1.2265 8.14286e-16
0.78 1.25455 1.25449 8.14286e-16
0.79 1.28304 1.28297 8.14286e-16
0.8 1.312 1.31195 8.14286e-16
0.81 1.34144 1.34142 8.14286e-16
0.82 1.37137 1.37139 8.14286e-16
0.83 1.40179 1.40184 8.14286e-16
0.84 1.4327 1.43277 8.14286e-16
0.85 1.46413 1.46416 8.14286e-16
0.86 1.49606 1.49605 8.14286e-16
0.87 1.5285 1.52846 8.14286e-16
0.88 1.56147 1.56141 8.14286e-16
0.89 1.59497 1.59493 8.14286e-16
0.9 1.629 1.62901 8.14286e-16
0.91 1.66357 1.66362 8.14286e-16
0.92 1.69869 1.69874 8.14286e-16
0.93 1.73436 1.73437 8.14286e-16
0.94 1.77058 1.77054 8.14286e-16
0.95 1.80738 1.80733 8.14286e-16
0.96 1.84474 1.84475 8.14286e-16
0.97 1.88267 1.88272 8.14286e-16
0.98 1.92119 1.92118 8.14286e-16
0.99 1.9603 1.96027 8.14286e-16
