-1 2 2.00017 3.82036e-15
-0.99 1.9603 1.96013 3.82036e-15
-0.98 1.92119 1.92121 3.82036e-15
-0.97 1.88267 1.88284 3.82036e-15
-0.96 1.84474 1.8449 3.82036e-15
-0.95 1.80737 1.80742 3.82036e-15
-0.94 1.77058 1.77049 3.82036e-15
-0.93 1.73436 1.73417 3.82036e-15
-0.92 1.69869 1.69849 3.82036e-15
-0.91 1.66357 1.66343 3.82036e-15
-0.9 1.629 1.62896 3.82036e-15
-0.89 1.59497 1.59505 3.82036e-15
-0.88 1.56147 1.56164 3.82036e-15
-0.87 1.5285 1.52873 3.82036e-15
-0.86 1.49606 1.49628 3.82036e-15
-0.85 1.46412 1.4643 3.82036e-15
-0.84 1.4327 1.43279 3.82036e-15
-0.83 1.40179 1.40177 3.82036e-15
-0.82 1.37137 1.37125 3.82036e-15
-0.81 1.34144 1.34124 3.82036e-15
-0.8 1.312 1.31174 3.82036e-15
-0.79 1.28304 1.28277 3.82036e-15
-0.78 1.25455 1.25431 3.82036e-15
-0.77 1.22653 1.22635 3.82036e-15
-0.76 1.19898 1.19889 3.82036e-15
-0.75 1.17187 1.1719 3.82036e-15
-0.74 1.14522 1.14535 3.82036e-15
-0.73 1.11902 1.11924 3.82036e-15
-0.72 1.09325 1.09355 3.82036e-15
-0.71 1.06791 1.06825 3.82036e-15
-0.7 1.043 1.04334 3.82036e-15
-0.69 1.01851 1.01881 3.82036e-15
-0.68 0.994432 0.99466 3.82036e-15
-0.67 0.970763 0.97089 3.82036e-15
-0.66 0.947496 0.947504 3.82036e-15
-0.65 0.924625 0.924508 3.82036e-15
-0.64 0.902144 0.901907 3.82036e-15
-0.63 0.880047 0.879708 3.82036e-15
-0.62 0.858328 0.857914 3.82036e-15
-0.61 0.836981 0.836528 3.82036e-15
-0.6 0.816 0.815549 3.82036e-15
-0.59 0.795379 0.794971 3.82036e-15
-0.58 0.775112 0.774786 3.82036e-15
-0.57 0.755193 0.754983 3.82036e-15
-0.56 0.735616 0.735548 3.82036e-15
-0.55 0.716375 0.716463 3.82036e-15
-0.54 0.697464 0.69771 3.82036e-15
-0.53 0.678877 0.679271 3.82036e-15
-0.52 0.660608 0.661127 3.82036e-15
-0.51 0.642651 0.643262 3.82036e-15
-0.5 0.625 0.625659 3.82036e-15
-0.49 0.607649 0.608307 3.82036e-15
-0.48 0.590592 0.591198 3.82036e-15
-0.47 0.573823 0.574326 3.82036e-15
-0.46 0.557336 0.557689 3.82036e-15
-0.45 0.541125 0.54129 3.82036e-15
-0.44 0.525184 0.525133 3.82036e-15
-0.43 0.509507 0.509227 3.82036e-15
-0.42 0.494088 0.49358 3.82036e-15
-0.41 0.478921 0.478203 3.82036e-15
-0.4 0.464 0.463106 3.82036e-15
-0.39 0.449319 0.448298 3.82036e-15
-0.38 0.434872 0.433785 3.82036e-15
-0.37 0.420653 0.419571 3.82036e-15
-0.36 0.406656 0.405656 3.82036e-15
-0.35 0.392875 0.392036 3.82036e-15
-0.34 0.379304 0.3787 3.82036e-15
-0.33 0.365937 0.365635 3.82036e-15
-0.32 0.352768 0.352822 3.82036e-15
-0.31 0.339791 0.340236 3.82036e-15
-0.3 0.327 0.327851 3.82036e-15
-0.29 0.314389 0.315635 3.82036e-15
-0.28 0.301952 0.303556 3.82036e-15
-0.27 0.289683 0.291581 3.82036e-15
-0.26 0.277576 0.279678 3.82036e-15
-0.25 0.265625 0.267815 3.82036e-15
-0.24 0.253824 0.255966 3.82036e-15
-0.23 0.242167 0.24411 3.82036e-15
-0.22 0.230648 0.23223 3.82036e-15
-0.21 0.219261 0.220321 3.82036e-15
-0.2 0.208 0.208384 3.82036e-15
-0.19 0.196859 0.196429 3.82036e-15
-0.18 0.185832 0.184479 3.82036e-15
-0.17 0.174913 0.172565 3.82036e-15
-0.16 0.164096 0.16073 3.82036e-15
-0.15 0.153375 0.149027 3.82036e-15
-0.14 0.142744 0.137518 3.82036e-15
-0.13 0.132197 0.126274 3.82036e-15
-0.12 0.121728 0.115372 3.82036e-15
-0.11 0.111331 0.104897 3.82036e-15
-0.1 0.101 0.0949357 3.82036e-15
-0.09 0.090729 0.0855772 3.82036e-15
-0.08 0.080512 0.0769109 3.82036e-15
-0.07 0.070343 0.069024 3.82036e-15
-0.06 0.060216 0.0619991 3.82036e-15
-0.05 0.050125 0.0559128 3.82036e-15
-0.04 0.040064 0.0508333 3.82036e-15
-0.03 0.030027 0.046819 3.82036e-15
-0.02 0.020008 0.043917 3.82036e-15
-0.01 0.010001 0.0421618 3.82036e-15
7.5287e-16 7.5287e-16 0.0415743 3.82036e-15
0.01 0.010001 0.0421618 3.82036e-15
0.02 0.020008 0.043917 3.82036e-15
0.03 0.030027 0.046819 3.82036e-15
0.04 0.040064 0.0508333 3.82036e-15
0.05 0.050125 0.0559128 3.82036e-15
0.06 0.060216 0.0619991 3.82036e-15
0.07 0.070343 0.069024 3.82036e-15
0.08 0.080512 0.0769109 3.82036e-15
0.09 0.090729 0.0855772 3.82036e-15
0.1 0.101 0.0949357 3.82036e-15
0.11 0.111331 0.104897 3.82036e-15
0.12 0.121728 0.115372 3.82036e-15
0.13 0.132197 0.126274 3.82036e-15
0.14 0.142744 0.137518 3.82036e-15
0.15 0.153375 0.149027 3.82036e-15
0.16 0.164096 0.16073 3.82036e-15
0.17 0.174913 0.172565 3.82036e-15
0.18 0.185832 0.184479 3.82036e-15
0.19 0.196859 0.196429 3.82036e-15
0.2 0.208 0.208384 3.82036e-15
0.21 0.219261 0.220321 3.82036e-15
0.22 0.230648 0.23223 3.82036e-15
0.23 0.242167 0.24411 3.82036e-15
0.24 0.253824 0.255966 3.82036e-15
0.25 0.265625 0.267815 3.82036e-15
0.26 0.277576 0.279678 3.82036e-15
0.27 0.289683 0.291581 3.82036e-15
0.28 0.301952 0.303556 3.82036e-15
0.29 0.314389 0.315635 3.82036e-15
0.3 0.327 0.327851 3.82036e-15
0.31 0.339791 0.340236 3.82036e-15
0.32 0.352768 0.352822 3.82036e-15
0.33 0.365937 0.365635 3.82036e-15
0.34 0.379304 0.3787 3.82036e-15
0.35 0.392875 0.392036 3.82036e-15
0.36 0.406656 0.405656 3.82036e-15
0.37 0.420653 0.419571 3.82036e-15
0.38 0.434872 0.433785 3.82036e-15
0.39 0.449319 0.448298 3.82036e-15
0.4 0.464 0.463106 3.82036e-15
0.41 0.478921 0.478203 3.82036e-15
0.42 0.494088 0.49358 3.82036e-15
0.43 0.509507 0.509227 3.82036e-15
0.44 0.525184 0.525133 3.82036e-15
0.45 0.541125 0.54129 3.82036e-15
0.46 0.557336 0.557689 3.82036e-15
0.47 0.573823 0.574326 3.82036e-15
0.48 0.590592 0.591198 3.82036e-15
0.49 0.607649 0.608307 3.82036e-15
0.5 0.625 0.625659 3.82036e-15
0.51 0.642651 0.643262 3.82036e-15
0.52 0.660608 0.661127 3.82036e-15
0.53 0.678877 0.679271 3.82036e-15
0.54 0.697464 0.69771 3.82036e-15
0.55 0.716375 0.716463 3.82036e-15
0.56 0.735616 0.735548 3.82036e-15
0.57 0.755193 0.754983 3.82036e-15
0.58 0.775112 0.774786 3.82036e-15
0.59 0.795379 0.794971 3.82036e-15
0.6 0.816 0.815549 3.82036e-15
0.61 0.836981 0.836528 3.82036e-15
0.62 0.858328 0.857914 3.82036e-15
0.63 0.880047 0.879708 3.82036e-15
0.64 0.902144 0.901907 3.82036e-15
0.65 0.924625 0.924508 3.82036e-15
0.66 0.947496 0.947504 3.82036e-15
0.67 0.970763 0.97089 3.82036e-15
0.68 0.994432 0.99466 3.82036e-15
0.69 1.01851 1.01881 3.82036e-15
0.7 1.043 1.04334 3.82036e-15
0.71 1.06791 1.06825 3.82036e-15
0.72 1.09325 1.09355 3.82036e-15
0.73 1.11902 1.11924 3.82036e-15
0.74 1.14522 1.14535 3.82036e-15
0.75 1.17188 1.1719 3.82036e-15
0.76 1.19898 1.19889 3.82036e-15
0.77 1.22653 1.22635 3.82036e-15
0.78 1.25455 1.25431 3.82036e-15
0.79 1.28304 1.28277 3.82036e-15
0.8 1.312 1.31174 3.82036e-15
0.81 1.34144 1.34124 3.82036e-15
0.82 1.37137 1.37125 3.82036e-15
0.83 1.40179 1.40177 3.82036e-15
0.84 1.4327 1.43279 3.82036e-15
0.85 1.46413 1.4643 3.82036e-15
0.86 1.49606 1.49628 3.82036e-15
0.87 1.5285 1.52873 3.82036e-15
0.88 1.56147 1.56164 3.82036e-15
0.89 1.59497 1.59505 3.82036e-15
0.9 1.629 1.62896 3.82036e-15
0.91 1.66357 1.66343 3.82036e-15
0.92 1.69869 1.69849 3.82036e-15
0.93 1.73436 1.73417 3.82036e-15
0.94 1.77058 1.77049 3.82036e-15
0.95 1.80738 1.80742 3.82036e-15
0.96 1.84474 1.8449 3.82036e-15
0.97 1.88267 1.88284 3.82036e-15
0.98 1.92119 1.92121 3.82036e-15
0.99 1.9603 1.96013 3.82036e-15
