-1 2 1.99978 2.69548e-15
-0.99 1.9603 1.96053 2.69548e-15
-0.98 1.92119 1.92126 2.69548e-15
-0.97 1.88267 1.88252 2.69548e-15
-0.96 1.84474 1.84449 2.69548e-15
-0.95 1.80737 1.80719 2.69548e-15
-0.94 1.77058 1.77054 2.69548e-15
-0.93 1.73436 1.73446 2.69548e-15
-0.92 1.69869 1.69891 2.69548e-15
-0.91 1.66357 1.66384 2.69548e-15
-0.9 1.629 1.62924 2.69548e-15
-0.89 1.59497 1.59512 2.69548e-15
-0.88 1.56147 1.5615 2.69548e-15
-0.87 1.5285 1.5284 2.69548e-15
-0.86 1.49606 1.49584 2.69548e-15
-0.85 1.46412 1.46384 2.69548e-15
-0.84 1.4327 1.43239 2.69548e-15
-0.83 1.40179 1.4015 2.69548e-15
-0.82 1.37137 1.37115 2.69548e-15
-0.81 1.34144 1.34132 2.69548e-15
-0.8 1.312 1.31201 2.69548e-15
-0.79 1.28304 1.28317 2.69548e-15
-0.78 1.25455 1.2548 2.69548e-15
-0.77 1.22653 1.22686 2.69548e-15
-0.76 1.19898 1.19935 2.69548e-15
-0.75 1.17187 1.17226 2.69548e-15
-0.74 1.14522 1.14557 2.69548e-15
-0.73 1.11902 1.11929 2.69548e-15
-0.72 1.09325 1.09342 2.69548e-15
-0.71 1.06791 1.06795 2.69548e-15
-0.7 1.043 1.0429 2.69548e-15
-0.69 1.01851 1.01828 2.69548e-15
-0.68 0.994432 0.994083 2.69548e-15
-0.67 0.970763 0.970323 2.69548e-15
-0.66 0.947496 0.947 2.69548e-15
-0.65 0.924625 0.924114 2.69548e-15
-0.64 0.902144 0.901661 2.69548e-15
-0.63 0.880047 0.879633 2.69548e-15
-0.62 0.858328 0.858021 2.69548e-15
-0.61 0.836981 0.836811 2.69548e-15
-0.6 0.816 0.815988 2.69548e-15
-0.59 0.795379 0.795535 2.69548e-15
-0.58 0.775112 0.775433 2.69548e-15
-0.57 0.755193 0.755665 2.69548e-15
-0.56 0.735616 0.736213 2.69548e-15
-0.55 0.716375 0.717061 2.69548e-15
-0.54 0.697464 0.698196 2.69548e-15
-0.53 0.678877 0.679606 2.69548e-15
-0.52 0.660608 0.661283 2.69548e-15
-0.51 0.642651 0.643222 2.69548e-15
-0.5 0.625 0.625422 2.69548e-15
-0.49 0.607649 0.607883 2.69548e-15
-0.48 0.590592 0.590609 2.69548e-15
-0.47 0.573823 0.573606 2.69548e-15
-0.46 0.557336 0.556882 2.69548e-15
-0.45 0.541125 0.540445 2.69548e-15
-0.44 0.525184 0.524303 2.69548e-15
-0.43 0.509507 0.508464 2.69548e-15
-0.42 0.494088 0.492935 2.69548e-15
-0.41 0.478921 0.47772 2.69548e-15
-0.4 0.464 0.46282 2.69548e-15
-0.39 0.449319 0.448234 2.69548e-15
-0.38 0.434872 0.433956 2.69548e-15
-0.37 0.420653 0.419976 2.69548e-15
-0.36 0.406656 0.406282 2.69548e-15
-0.35 0.392875 0.392855 2.69548e-15
-0.34 0.379304 0.379675 2.69548e-15
-0.33 0.365937 0.366717 2.69548e-15
-0.32 0.352768 0.353955 2.69548e-15
-0.31 0.339791 0.341361 2.69548e-15
-0.3 0.327 0.328905 2.69548e-15
-0.29 0.314389 0.316557 2.69548e-15
-0.28 0.301952 0.304291 2.69548e-15
-0.27 0.289683 0.292079 2.69548e-15
-0.26 0.277576 0.2799 2.69548e-15
-0.25 0.265625 0.267734 2.69548e-15
-0.24 0.253824 0.255569 2.69548e-15
-0.23 0.242167 0.243399 2.69548e-15
-0.22 0.230648 0.231222 2.69548e-15
-0.21 0.219261 0.219048 2.69548e-15
-0.2 0.208 0.20689 2.69548e-15
-0.19 0.196859 0.194774 2.69548e-15
-0.18 0.185832 0.18273 2.69548e-15
-0.17 0.174913 0.170799 2.69548e-15
-0.16 0.164096 0.159027 2.69548e-15
-0.15 0.153375 0.14747 2.69548e-15
-0.14 0.142744 0.136187 2.69548e-15
-0.13 0.132197 0.125245 2.69548e-15
-0.12 0.121728 0.114712 2.69548e-15
-0.11 0.111331 0.104663 2.69548e-15
-0.1 0.101 0.0951692 2.69548e-15
-0.09 0.090729 0.0863065 2.69548e-15
-0.08 0.080512 0.0781469 2.69548e-15
-0.07 0.070343 0.0707603 2.69548e-15
-0.06 0.060216 0.0642119 2.69548e-15
-0.05 0.050125 0.0585617 2.69548e-15
-0.04 0.040064 0.0538624 2.69548e-15
-0.03 0.030027 0.0501589 2.69548e-15
-0.02 0.020008 0.0474872 2.69548e-15
-0.01 0.010001 0.0458736 2.69548e-15
7.5287e-16 7.5287e-16 0.0453339 2.69548e-15
0.01 0.010001 0.0458736 2.69548e-15
0.02 0.020008 0.0474872 2.69548e-15
0.03 0.030027 0.0501589 2.69548e-15
0.04 0.040064 0.0538624 2.69548e-15
0.05 0.050125 0.0585617 2.69548e-15
0.06 0.060216 0.0642119 2.69548e-15
0.07 0.070343 0.0707603 2.69548e-15
0.08 0.080512 0.0781469 2.69548e-15
0.09 0.090729 0.0863065 2.69548e-15
0.1 0.101 0.0951692 2.69548e-15
0.11 0.111331 0.104663 2.69548e-15
0.12 0.121728 0.114712 2.69548e-15
0.13 0.132197 0.125245 2.69548e-15
0.14 0.142744 0.136187 2.69548e-15
0.15 0.153375 0.14747 2.69548e-15
0.16 0.164096 0.159027 2.69548e-15
0.17 0.174913 0.170799 2.69548e-15
0.18 0.185832 0.18273 2.69548e-15
0.19 0.196859 0.194774 2.69548e-15
0.2 0.208 0.20689 2.69548e-15
0.21 0.219261 0.219048 2.69548e-15
0.22 0.230648 0.231222 2.69548e-15
0.23 0.242167 0.243399 2.69548e-15
0.24 0.253824 0.255569 2.69548e-15
0.25 0.265625 0.267734 2.69548e-15
0.26 0.277576 0.2799 2.69548e-15
0.27 0.289683 0.292079 2.69548e-15
0.28 0.301952 0.304291 2.69548e-15
0.29 0.314389 0.316557 2.69548e-15
0.3 0.327 0.328905 2.69548e-15
0.31 0.339791 0.341361 2.69548e-15
0.32 0.352768 0.353955 2.69548e-15
0.33 0.365937 0.366717 2.69548e-15
0.34 0.379304 0.379675 2.69548e-15
0.35 0.392875 0.392855 2.69548e-15
0.36 0.406656 0.406282 2.69548e-15
0.37 0.420653 0.419976 2.69548e-15
0.38 0.434872 0.433956 2.69548e-15
0.39 0.449319 0.448234 2.69548e-15
0.4 0.464 0.46282 2.69548e-15
0.41 0.478921 0.47772 2.69548e-15
0.42 0.494088 0.492935 2.69548e-15
0.43 0.509507 0.508464 2.69548e-15
0.44 0.525184 0.524303 2.69548e-15
0.45 0.541125 0.540445 2.69548e-15
0.46 0.557336 0.556882 2.69548e-15
0.47 0.573823 0.573606 2.69548e-15
0.48 0.590592 0.590609 2.69548e-15
0.49 0.607649 0.607883 2.69548e-15
0.5 0.625 0.625422 2.69548e-15
0.51 0.642651 0.643222 2.69548e-15
0.52 0.660608 0.661283 2.69548e-15
0.53 0.678877 0.679606 2.69548e-15
0.54 0.697464 0.698196 2.69548e-15
0.55 0.716375 0.717061 2.69548e-15
0.56 0.735616 0.736213 2.69548e-15
0.57 0.755193 0.755665 2.69548e-15
0.58 0.775112 0.775433 2.69548e-15
0.59 0.795379 0.795535 2.69548e-15
0.6 0.816 0.815988 2.69548e-15
0.61 0.836981 0.836811 2.69548e-15
0.62 0.858328 0.858021 2.69548e-15
0.63 0.880047 0.879633 2.69548e-15
0.64 0.902144 0.901661 2.69548e-15
0.65 0.924625 0.924114 2.69548e-15
0.66 0.947496 0.947 2.69548e-15
0.67 0.970763 0.970323 2.69548e-15
0.68 0.994432 0.994083 2.69548e-15
0.69 1.01851 1.01828 2.69548e-15
0.7 1.043 1.0429 2.69548e-15
0.71 1.06791 1.06795 2.69548e-15
0.72 1.09325 1.09342 2.69548e-15
0.73 1.11902 1.11929 2.69548e-15
0.74 1.14522 1.14557 2.69548e-15
0.75 1.17188 1.17226 2.69548e-15
0.76 1.19898 1.19935 2.69548e-15
0.77 1.22653 1.22686 2.69548e-15
0.78 1.25455 1.2548 2.69548e-15
0.79 1.28304 1.28317 2.69548e-15
0.8 1.312 1.31201 2.69548e-15
0.81 1.34144 1.34132 2.69548e-15
0.82 1.37137 1.37115 2.69548e-15
0.83 1.40179 1.4015 2.69548e-15
0.84 1.4327 1.43239 2.69548e-15
0.85 1.46413 1.46384 2.69548e-15
0.86 1.49606 1.49584 2.69548e-15
0.87 1.5285 1.5284 2.69548e-15
0.88 1.56147 1.5615 2.69548e-15
0.89 1.59497 1.59512 2.69548e-15
0.9 1.629 1.62924 2.69548e-15
0.91 1.66357 1.66384 2.69548e-15
0.92 1.69869 1.69891 2.69548e-15
0.93 1.73436 1.73446 2.69548e-15
0.94 1.77058 1.77054 2.69548e-15
0.95 1.80738 1.80719 2.69548e-15
0.96 1.84474 1.84449 2.69548e-15
0.97 1.88267 1.88252 2.69548e-15
0.98 1.92119 1.92126 2.69548e-15
0.99 1.9603 1.96053 2.69548e-15
