-1 2 1.99387 1.23498e-15
-0.99 1.9603 1.95617 1.23498e-15
-0.98 1.92119 1.91889 1.23498e-15
-0.97 1.88267 1.88204 1.23498e-15
-0.96 1.84474 1.84561 1.23498e-15
-0.95 1.80737 1.8096 1.23498e-15
-0.94 1.77058 1.774 1.23498e-15
-0.93 1.73436 1.73883 1.23498e-15
-0.92 1.69869 1.70407 1.23498e-15
-0.91 1.66357 1.66973 1.23498e-15
-0.9 1.629 1.6358 1.23498e-15
-0.89 1.59497 1.60228 1.23498e-15
-0.88 1.56147 1.56918 1.23498e-15
-0.87 1.5285 1.53648 1.23498e-15
-0.86 1.49606 1.5042 1.23498e-15
-0.85 1.46412 1.47232 1.23498e-15
-0.84 1.4327 1.44085 1.23498e-15
-0.83 1.40179 1.40978 1.23498e-15
-0.82 1.37137 1.37912 1.23498e-15
-0.81 1.34144 1.34886 1.23498e-15
-0.8 1.312 1.31901 1.23498e-15
-0.79 1.28304 1.28955 1.23498e-15
-0.78 1.25455 1.26049 1.23498e-15
-0.77 1.22653 1.23183 1.23498e-15
-0.76 1.19898 1.20357 1.23498e-15
-0.75 1.17187 1.17571 1.23498e-15
-0.74 1.14522 1.14824 1.23498e-15
-0.73 1.11902 1.12116 1.23498e-15
-0.72 1.09325 1.09448 1.23498e-15
-0.71 1.06791 1.06819 1.23498e-15
-0.7 1.043 1.04229 1.23498e-15
-0.69 1.01851 1.01679 1.23498e-15
-0.68 0.994432 0.991667 1.23498e-15
-0.67 0.970763 0.966937 1.23498e-15
-0.66 0.947496 0.942593 1.23498e-15
-0.65 0.924625 0.918636 1.23498e-15
-0.64 0.902144 0.895064 1.23498e-15
-0.63 0.880047 0.871877 1.23498e-15
-0.62 0.858328 0.849073 1.23498e-15
-0.61 0.836981 0.826652 1.23498e-15
-0.6 0.816 0.804613 1.23498e-15
-0.59 0.795379 0.782955 1.23498e-15
-0.58 0.775112 0.761677 1.23498e-15
-0.57 0.755193 0.740778 1.23498e-15
-0.56 0.735616 0.720258 1.23498e-15
-0.55 0.716375 0.700116 1.23498e-15
-0.54 0.697464 0.680351 1.23498e-15
-0.53 0.678877 0.660962 1.23498e-15
-0.52 0.660608 0.641948 1.23498e-15
-0.51 0.642651 0.62331 1.23498e-15
-0.5 0.625 0.605045 1.23498e-15
-0.49 0.607649 0.587153 1.23498e-15
-0.48 0.590592 0.569634 1.23498e-15
-0.47 0.573823 0.552487 1.23498e-15
-0.46 0.557336 0.535711 1.23498e-15
-0.45 0.541125 0.519306 1.23498e-15
-0.44 0.525184 0.503271 1.23498e-15
-0.43 0.509507 0.487605 1.23498e-15
-0.42 0.494088 0.472308 1.23498e-15
-0.41 0.478921 0.457379 1.23498e-15
-0.4 0.464 0.442817 1.23498e-15
-0.39 0.449319 0.428622 1.23498e-15
-0.38 0.434872 0.414794 1.23498e-15
-0.37 0.420653 0.401332 1.23498e-15
-0.36 0.406656 0.388235 1.23498e-15
-0.35 0.392875 0.375502 1.23498e-15
-0.34 0.379304 0.363134 1.23498e-15
-0.33 0.365937 0.35113 1.23498e-15
-0.32 0.352768 0.33949 1.23498e-15
-0.31 0.339791 0.328212 1.23498e-15
-0.3 0.327 0.317296 1.23498e-15
-0.29 0.314389 0.306743 1.23498e-15
-0.28 0.301952 0.296551 1.23498e-15
-0.27 0.289683 0.286721 1.23498e-15
-0.26 0.277576 0.277251 1.23498e-15
-0.25 0.265625 0.268142 1.23498e-15
-0.24 0.253824 0.259393 1.23498e-15
-0.23 0.242167 0.251003 1.23498e-15
-0.22 0.230648 0.242973 1.23498e-15
-0.21 0.219261 0.235303 1.23498e-15
-0.2 0.208 0.227991 1.23498e-15
-0.19 0.196859 0.221037 1.23498e-15
-0.18 0.185832 0.214442 1.23498e-15
-0.17 0.174913 0.208204 1.23498e-15
-0.16 0.164096 0.202325 1.23498e-15
-0.15 0.153375 0.196803 1.23498e-15
-0.14 0.142744 0.191638 1.23498e-15
-0.13 0.132197 0.18683 1.23498e-15
-0.12 0.121728 0.182379 1.23498e-15
-0.11 0.111331 0.178285 1.23498e-15
-0.1 0.101 0.174548 1.23498e-15
-0.09 0.090729 0.171167 1.23498e-15
-0.08 0.080512 0.168142 1.23498e-15
-0.07 0.070343 0.165473 1.23498e-15
-0.06 0.060216 0.16316 1.23498e-15
-0.05 0.050125 0.161204 1.23498e-15
-0.04 0.040064 0.159603 1.23498e-15
-0.03 0.030027 0.158358 1.23498e-15
-0.02 0.020008 0.157468 1.23498e-15
-0.01 0.010001 0.156935 1.23498e-15
7.5287e-16 7.5287e-16 0.156757 1.23498e-15
0.01 0.010001 0.156935 1.23498e-15
0.02 0.020008 0.157468 1.23498e-15
0.03 0.030027 0.158358 1.23498e-15
0.04 0.040064 0.159603 1.23498e-15
0.05 0.050125 0.161204 1.23498e-15
0.06 0.060216 0.16316 1.23498e-15
0.07 0.070343 0.165473 1.23498e-15
0.08 0.080512 0.168142 1.23498e-15
0.09 0.090729 0.171167 1.23498e-15
0.1 0.101 0.174548 1.23498e-15
0.11 0.111331 0.178285 1.23498e-15
0.12 0.121728 0.182379 1.23498e-15
0.13 0.132197 0.18683 1.23498e-15
0.14 0.142744 0.191638 1.23498e-15
0.15 0.153375 0.196803 1.23498e-15
0.16 0.164096 0.202325 1.23498e-15
0.17 0.174913 0.208204 1.23498e-15
0.18 0.185832 0.214442 1.23498e-15
0.19 0.196859 0.221037 1.23498e-15
0.2 0.208 0.227991 1.23498e-15
0.21 0.219261 0.235303 1.23498e-15
0.22 0.230648 0.242973 1.23498e-15
0.23 0.242167 0.251003 1.23498e-15
0.24 0.253824 0.259393 1.23498e-15
0.25 0.265625 0.268142 1.23498e-15
0.26 0.277576 0.277251 1.23498e-15
0.27 0.289683 0.286721 1.23498e-15
0.28 0.301952 0.296551 1.23498e-15
0.29 0.314389 0.306743 1.23498e-15
0.3 0.327 0.317296 1.23498e-15
0.31 0.339791 0.328212 1.23498e-15
0.32 0.352768 0.33949 1.23498e-15
0.33 0.365937 0.35113 1.23498e-15
0.34 0.379304 0.363134 1.23498e-15
0.35 0.392875 0.375502 1.23498e-15
0.36 0.406656 0.388235 1.23498e-15
0.37 0.420653 0.401332 1.23498e-15
0.38 0.434872 0.414794 1.23498e-15
0.39 0.449319 0.428622 1.23498e-15
0.4 0.464 0.442817 1.23498e-15
0.41 0.478921 0.457379 1.23498e-15
0.42 0.494088 0.472308 1.23498e-15
0.43 0.509507 0.487605 1.23498e-15
0.44 0.525184 0.503271 1.23498e-15
0.45 0.541125 0.519306 1.23498e-15
0.46 0.557336 0.535711 1.23498e-15
0.47 0.573823 0.552487 1.23498e-15
0.48 0.590592 0.569634 1.23498e-15
0.49 0.607649 0.587153 1.23498e-15
0.5 0.625 0.605045 1.23498e-15
0.51 0.642651 0.62331 1.23498e-15
0.52 0.660608 0.641948 1.23498e-15
0.53 0.678877 0.660962 1.23498e-15
0.54 0.697464 0.680351 1.23498e-15
0.55 0.716375 0.700116 1.23498e-15
0.56 0.735616 0.720258 1.23498e-15
0.57 0.755193 0.740778 1.23498e-15
0.58 0.775112 0.761677 1.23498e-15
0.59 0.795379 0.782955 1.23498e-15
0.6 0.816 0.804613 1.23498e-15
0.61 0.836981 0.826652 1.23498e-15
0.62 0.858328 0.849073 1.23498e-15
0.63 0.880047 0.871877 1.23498e-15
0.64 0.902144 0.895064 1.23498e-15
0.65 0.924625 0.918636 1.23498e-15
0.66 0.947496 0.942593 1.23498e-15
0.67 0.970763 0.966937 1.23498e-15
0.68 0.994432 0.991667 1.23498e-15
0.69 1.01851 1.01679 1.23498e-15
0.7 1.043 1.04229 1.23498e-15
0.71 1.06791 1.06819 1.23498e-15
0.72 1.09325 1.09448 1.23498e-15
0.73 1.11902 1.12116 1.23498e-15
0.74 1.14522 1.14824 1.23498e-15
0.75 1.17188 1.17571 1.23498e-15
0.76 1.19898 1.20357 1.23498e-15
0.77 1.22653 1.23183 1.23498e-15
0.78 1.25455 1.26049 1.23498e-15
0.79 1.28304 1.28955 1.23498e-15
0.8 1.312 1.31901 1.23498e-15
0.81 1.34144 1.34886 1.23498e-15
0.82 1.37137 1.37912 1.23498e-15
0.83 1.40179 1.40978 1.23498e-15
0.84 1.4327 1.44085 1.23498e-15
0.85 1.46413 1.47232 1.23498e-15
0.86 1.49606 1.5042 1.23498e-15
0.87 1.5285 1.53648 1.23498e-15
0.88 1.56147 1.56918 1.23498e-15
0.89 1.59497 1.60228 1.23498e-15
0.9 1.629 1.6358 1.23498e-15
0.91 1.66357 1.66973 1.23498e-15
0.92 1.69869 1.70407 1.23498e-15
0.93 1.73436 1.73883 1.23498e-15
0.94 1.77058 1.774 1.23498e-15
0.95 1.80738 1.8096 1.23498e-15
0.96 1.84474 1.84561 1.23498e-15
0.97 1.88267 1.88204 1.23498e-15
0.98 1.92119 1.91889 1.23498e-15
0.99 1.9603 1.95617 1.23498e-15
