-1 2 1.99917 1.42546e-15
-0.99 1.9603 1.96064 1.42546e-15
-0.98 1.92119 1.92201 1.42546e-15
-0.97 1.88267 1.88352 1.42546e-15
-0.96 1.84474 1.84534 1.42546e-15
-0.95 1.80737 1.80762 1.42546e-15
-0.94 1.77058 1.77043 1.42546e-15
-0.93 1.73436 1.73385 1.42546e-15
-0.92 1.69869 1.69791 1.42546e-15
-0.91 1.66357 1.66262 1.42546e-15
-0.9 1.629 1.62799 1.42546e-15
-0.89 1.59497 1.59399 1.42546e-15
-0.88 1.56147 1.56063 1.42546e-15
-0.87 1.5285 1.52786 1.42546e-15
-0.86 1.49606 1.49567 1.42546e-15
-0.85 1.46412 1.46403 1.42546e-15
-0.84 1.4327 1.43291 1.42546e-15
-0.83 1.40179 1.40228 1.42546e-15
-0.82 1.37137 1.37213 1.42546e-15
-0.81 1.34144 1.34242 1.42546e-15
-0.8 1.312 1.31316 1.42546e-15
-0.79 1.28304 1.28431 1.42546e-15
-0.78 1.25455 1.25588 1.42546e-15
-0.77 1.22653 1.22784 1.42546e-15
-0.76 1.19898 1.20021 1.42546e-15
-0.75 1.17187 1.17297 1.42546e-15
-0.74 1.14522 1.14613 1.42546e-15
-0.73 1.11902 1.11968 1.42546e-15
-0.72 1.09325 1.09364 1.42546e-15
-0.71 1.06791 1.068 1.42546e-15
-0.7 1.043 1.04277 1.42546e-15
-0.69 1.01851 1.01796 1.42546e-15
-0.68 0.994432 0.993575 1.42546e-15
-0.67 0.970763 0.969614 1.42546e-15
-0.66 0.947496 0.946083 1.42546e-15
-0.65 0.924625 0.922987 1.42546e-15
-0.64 0.902144 0.900328 1.42546e-15
-0.63 0.880047 0.878106 1.42546e-15
-0.62 0.858328 0.856321 1.42546e-15
-0.61 0.836981 0.83497 1.42546e-15
-0.6 0.816 0.81405 1.42546e-15
-0.59 0.795379 0.793554 1.42546e-15
-0.58 0.775112 0.773476 1.42546e-15
-0.57 0.755193 0.753805 1.42546e-15
-0.56 0.735616 0.734531 1.42546e-15
-0.55 0.716375 0.715643 1.42546e-15
-0.54 0.697464 0.697126 1.42546e-15
-0.53 0.678877 0.678966 1.42546e-15
-0.52 0.660608 0.661147 1.42546e-15
-0.51 0.642651 0.643652 1.42546e-15
-0.5 0.625 0.626464 1.42546e-15
-0.49 0.607649 0.609566 1.42546e-15
-0.48 0.590592 0.592939 1.42546e-15
-0.47 0.573823 0.576566 1.42546e-15
-0.46 0.557336 0.56043 1.42546e-15
-0.45 0.541125 0.544513 1.42546e-15
-0.44 0.525184 0.528799 1.42546e-15
-0.43 0.509507 0.513272 1.42546e-15
-0.42 0.494088 0.497918 1.42546e-15
-0.41 0.478921 0.482724 1.42546e-15
-0.4 0.464 0.467679 1.42546e-15
-0.39 0.449319 0.452772 1.42546e-15
-0.38 0.434872 0.437995 1.42546e-15
-0.37 0.420653 0.423342 1.42546e-15
-0.36 0.406656 0.408809 1.42546e-15
-0.35 0.392875 0.394393 1.42546e-15
-0.34 0.379304 0.380094 1.42546e-15
-0.33 0.365937 0.365913 1.42546e-15
-0.32 0.352768 0.351856 1.42546e-15
-0.31 0.339791 0.337928 1.42546e-15
-0.3 0.327 0.324138 1.42546e-15
-0.29 0.314389 0.310497 1.42546e-15
-0.28 0.301952 0.297016 1.42546e-15
-0.27 0.289683 0.283711 1.42546e-15
-0.26 0.277576 0.270598 1.42546e-15
-0.25 0.265625 0.257695 1.42546e-15
-0.24 0.253824 0.245021 1.42546e-15
-0.23 0.242167 0.232599 1.42546e-15
-0.22 0.230648 0.220449 1.42546e-15
-0.21 0.219261 0.208596 1.42546e-15
-0.2 0.208 0.197065 1.42546e-15
-0.19 0.196859 0.185879 1.42546e-15
-0.18 0.185832 0.175065 1.42546e-15
-0.17 0.174913 0.164649 1.42546e-15
-0.16 0.164096 0.154656 1.42546e-15
-0.15 0.153375 0.145113 1.42546e-15
-0.14 0.142744 0.136046 1.42546e-15
-0.13 0.132197 0.127478 1.42546e-15
-0.12 0.121728 0.119435 1.42546e-15
-0.11 0.111331 0.11194 1.42546e-15
-0.1 0.101 0.105015 1.42546e-15
-0.09 0.090729 0.0986821 1.42546e-15
-0.08 0.080512 0.0929598 1.42546e-15
-0.07 0.070343 0.0878663 1.42546e-15
-0.06 0.060216 0.083418 1.42546e-15
-0.05 0.050125 0.0796291 1.42546e-15
-0.04 0.040064 0.076512 1.42546e-15
-0.03 0.030027 0.0740768 1.42546e-15
-0.02 0.020008 0.0723315 1.42546e-15
-0.01 0.010001 0.0712821 1.42546e-15
7.5287e-16 7.5287e-16 0.0709319 1.42546e-15
0.01 0.010001 0.0712821 1.42546e-15
0.02 0.020008 0.0723315 1.42546e-15
0.03 0.030027 0.0740768 1.42546e-15
0.04 0.040064 0.076512 1.42546e-15
0.05 0.050125 0.0796291 1.42546e-15
0.06 0.060216 0.083418 1.42546e-15
0.07 0.070343 0.0878663 1.42546e-15
0.08 0.080512 0.0929598 1.42546e-15
0.09 0.090729 0.0986821 1.42546e-15
0.1 0.101 0.105015 1.42546e-15
0.11 0.111331 0.11194 1.42546e-15
0.12 0.121728 0.119435 1.42546e-15
0.13 0.132197 0.127478 1.42546e-15
0.14 0.142744 0.136046 1.42546e-15
0.15 0.153375 0.145113 1.42546e-15
0.16 0.164096 0.154656 1.42546e-15
0.17 0.174913 0.164649 1.42546e-15
0.18 0.185832 0.175065 1.42546e-15
0.19 0.196859 0.185879 1.42546e-15
0.2 0.208 0.197065 1.42546e-15
0.21 0.219261 0.208596 1.42546e-15
0.22 0.230648 0.220449 1.42546e-15
0.23 0.242167 0.232599 1.42546e-15
0.24 0.253824 0.245021 1.42546e-15
0.25 0.265625 0.257695 1.42546e-15
0.26 0.277576 0.270598 1.42546e-15
0.27 0.289683 0.283711 1.42546e-15
0.28 0.301952 0.297016 1.42546e-15
0.29 0.314389 0.310497 1.42546e-15
0.3 0.327 0.324138 1.42546e-15
0.31 0.339791 0.337928 1.42546e-15
0.32 0.352768 0.351856 1.42546e-15
0.33 0.365937 0.365913 1.42546e-15
0.34 0.379304 0.380094 1.42546e-15
0.35 0.392875 0.394393 1.42546e-15
0.36 0.406656 0.408809 1.42546e-15
0.37 0.420653 0.423342 1.42546e-15
0.38 0.434872 0.437995 1.42546e-15
0.39 0.449319 0.452772 1.42546e-15
0.4 0.464 0.467679 1.42546e-15
0.41 0.478921 0.482724 1.42546e-15
0.42 0.494088 0.497918 1.42546e-15
0.43 0.509507 0.513272 1.42546e-15
0.44 0.525184 0.528799 1.42546e-15
0.45 0.541125 0.544513 1.42546e-15
0.46 0.557336 0.56043 1.42546e-15
0.47 0.573823 0.576566 1.42546e-15
0.48 0.590592 0.592939 1.42546e-15
0.49 0.607649 0.609566 1.42546e-15
0.5 0.625 0.626464 1.42546e-15
0.51 0.642651 0.643652 1.42546e-15
0.52 0.660608 0.661147 1.42546e-15
0.53 0.678877 0.678966 1.42546e-15
0.54 0.697464 0.697126 1.42546e-15
0.55 0.716375 0.715643 1.42546e-15
0.56 0.735616 0.734531 1.42546e-15
0.57 0.755193 0.753805 1.42546e-15
0.58 0.775112 0.773476 1.42546e-15
0.59 0.795379 0.793554 1.42546e-15
0.6 0.816 0.81405 1.42546e-15
0.61 0.836981 0.83497 1.42546e-15
0.62 0.858328 0.856321 1.42546e-15
0.63 0.880047 0.878106 1.42546e-15
0.64 0.902144 0.900328 1.42546e-15
0.65 0.924625 0.922987 1.42546e-15
0.66 0.947496 0.946083 1.42546e-15
0.67 0.970763 0.969614 1.42546e-15
0.68 0.994432 0.993575 1.42546e-15
0.69 1.01851 1.01796 1.42546e-15
0.7 1.043 1.04277 1.42546e-15
0.71 1.06791 1.068 1.42546e-15
0.72 1.09325 1.09364 1.42546e-15
0.73 1.11902 1.11968 1.42546e-15
0.74 1.14522 1.14613 1.42546e-15
0.75 1.17188 1.17297 1.42546e-15
0.76 1.19898 1.20021 1.42546e-15
0.77 1.22653 1.22784 1.42546e-15
0.78 1.25455 1.25588 1.42546e-15
0.79 1.28304 1.28431 1.42546e-15
0.8 1.312 1.31316 1.42546e-15
0.81 1.34144 1.34242 1.42546e-15
0.82 1.37137 1.37213 1.42546e-15
0.83 1.40179 1.40228 1.42546e-15
0.84 1.4327 1.43291 1.42546e-15
0.85 1.46413 1.46403 1.42546e-15
0.86 1.49606 1.49567 1.42546e-15
0.87 1.5285 1.52786 1.42546e-15
0.88 1.56147 1.56063 1.42546e-15
0.89 1.59497 1.59399 1.42546e-15
0.9 1.629 1.62799 1.42546e-15
0.91 1.66357 1.66262 1.42546e-15
0.92 1.69869 1.69791 1.42546e-15
0.93 1.73436 1.73385 1.42546e-15
0.94 1.77058 1.77043 1.42546e-15
0.95 1.80738 1.80762 1.42546e-15
0.96 1.84474 1.84534 1.42546e-15
0.97 1.88267 1.88352 1.42546e-15
0.98 1.92119 1.92201 1.42546e-15
0.99 1.9603 1.96064 1.42546e-15
