-1 2 2.00002 1.64131e-15
-0.99 1.9603 1.96032 1.64131e-15
-0.98 1.92119 1.92117 1.64131e-15
-0.97 1.88267 1.88269 1.64131e-15
-0.96 1.84474 1.84475 1.64131e-15
-0.95 1.80737 1.80735 1.64131e-15
-0.94 1.77058 1.77057 1.64131e-15
-0.93 1.73436 1.73438 1.64131e-15
-0.92 1.69869 1.69871 1.64131e-15
-0.91 1.66357 1.66357 1.64131e-15
-0.9 1.629 1.62897 1.64131e-15
-0.89 1.59497 1.59495 1.64131e-15
-0.88 1.56147 1.56148 1.64131e-15
-0.87 1.5285 1.52853 1.64131e-15
-0.86 1.49606 1.49608 1.64131e-15
-0.85 1.46412 1.46413 1.64131e-15
-0.84 1.4327 1.43268 1.64131e-15
-0.83 1.40179 1.40176 1.64131e-15
-0.82 1.37137 1.37135 1.64131e-15
-0.81 1.34144 1.34145 1.64131e-15
-0.8 1.312 1.31203 1.64131e-15
-0.79 1.28304 1.28307 1.64131e-15
-0.78 1.25455 1.25457 1.64131e-15
-0.77 1.22653 1.22652 1.64131e-15
-0.76 1.19898 1.19894 1.64131e-15
-0.75 1.17187 1.17184 1.64131e-15
-0.74 1.14522 1.1452 1.64131e-15
-0.73 1.11902 1.11902 1.64131e-15
-0.72 1.09325 1.09328 1.64131e-15
-0.71 1.06791 1.06795 1.64131e-15
-0.7 1.043 1.04304 1.64131e-15
-0.69 1.01851 1.01853 1.64131e-15
-0.68 0.994432 0.994421 1.64131e-15
-0.67 0.970763 0.970725 1.64131e-15
-0.66 0.947496 0.947445 1.64131e-15
-0.65 0.924625 0.924582 1.64131e-15
-0.64 0.902144 0.902126 1.64131e-15
-0.63 0.880047 0.880062 1.64131e-15
-0.62 0.858328 0.858372 1.64131e-15
-0.61 0.836981 0.83704 1.64131e-15
-0.6 0.816 0.816053 1.64131e-15
-0.59 0.795379 0.795406 1.64131e-15
-0.58 0.775112 0.775102 1.64131e-15
-0.57 0.755193 0.755148 1.64131e-15
-0.56 0.735616 0.735548 1.64131e-15
-0.55 0.716375 0.716306 1.64131e-15
-0.54 0.697464 0.697417 1.64131e-15
-0.53 0.678877 0.678869 1.64131e-15
-0.52 0.660608 0.660644 1.64131e-15
-0.51 0.642651 0.642722 1.64131e-15
-0.5 0.625 0.625087 1.64131e-15
-0.49 0.607649 0.607726 1.64131e-15
-0.48 0.590592 0.590635 1.64131e-15
-0.47 0.573823 0.573816 1.64131e-15
-0.46 0.557336 0.557276 1.64131e-15
-0.45 0.541125 0.541027 1.64131e-15
-0.44 0.525184 0.525073 1.64131e-15
-0.43 0.509507 0.509414 1.64131e-15
-0.42 0.494088 0.494042 1.64131e-15
-0.41 0.478921 0.478939 1.64131e-15
-0.4 0.464 0.464084 1.64131e-15
-0.39 0.449319 0.449451 1.64131e-15
-0.38 0.434872 0.43502 1.64131e-15
-0.37 0.420653 0.420777 1.64131e-15
-0.36 0.406656 0.40672 1.64131e-15
-0.35 0.392875 0.392855 1.64131e-15
-0.34 0.379304 0.379196 1.64131e-15
-0.33 0.365937 0.36576 1.64131e-15
-0.32 0.352768 0.352561 1.64131e-15
-0.31 0.339791 0.339606 1.64131e-15
-0.3 0.327 0.32689 1.64131e-15
-0.29 0.314389 0.314393 1.64131e-15
-0.28 0.301952 0.302084 1.64131e-15
-0.27 0.289683 0.289926 1.64131e-15
-0.26 0.277576 0.277883 1.64131e-15
-0.25 0.265625 0.265925 1.64131e-15
-0.24 0.253824 0.254037 1.64131e-15
-0.23 0.242167 0.242222 1.64131e-15
-0.22 0.230648 0.230505 1.64131e-15
-0.21 0.219261 0.218921 1.64131e-15
-0.2 0.208 0.207516 1.64131e-15
-0.19 0.196859 0.196329 1.64131e-15
-0.18 0.185832 0.185386 1.64131e-15
-0.17 0.174913 0.174687 1.64131e-15
-0.16 0.164096 0.1642 1.64131e-15
-0.15 0.153375 0.153861 1.64131e-15
-0.14 0.142744 0.14358 1.64131e-15
-0.13 0.132197 0.133252 1.64131e-15
-0.12 0.121728 0.122779 1.64131e-15
-0.11 0.111331 0.112088 1.64131e-15
-0.1 0.101 0.101153 1.64131e-15
-0.09 0.090729 0.0900184 1.64131e-15
-0.08 0.080512 0.0788041 1.64131e-15
-0.07 0.070343 0.0677148 1.64131e-15
-0.06 0.060216 0.0570306 1.64131e-15
-0.05 0.050125 0.0470902 1.64131e-15
-0.04 0.040064 0.0382649 1.64131e-15
-0.03 0.030027 0.0309258 1.64131e-15
-0.02 0.020008 0.0254094 1.64131e-15
-0.01 0.010001 0.0219838 1.64131e-15
7.5287e-16 7.5287e-16 0.0208221 1.64131e-15
0.01 0.010001 0.0219838 1.64131e-15
0.02 0.020008 0.0254094 1.64131e-15
0.03 0.030027 0.0309258 1.64131e-15
0.04 0.040064 0.0382649 1.64131e-15
0.05 0.050125 0.0470902 1.64131e-15
0.06 0.060216 0.0570306 1.64131e-15
0.07 0.070343 0.0677148 1.64131e-15
0.08 0.080512 0.0788041 1.64131e-15
0.09 0.090729 0.0900184 1.64131e-15
0.1 0.101 0.101153 1.64131e-15
0.11 0.111331 0.112088 1.64131e-15
0.12 0.121728 0.122779 1.64131e-15
0.13 0.132197 0.133252 1.64131e-15
0.14 0.142744 0.14358 1.64131e-15
0.15 0.153375 0.153861 1.64131e-15
0.16 0.164096 0.1642 1.64131e-15
0.17 0.174913 0.174687 1.64131e-15
0.18 0.185832 0.185386 1.64131e-15
0.19 0.196859 0.196329 1.64131e-15
0.2 0.208 0.207516 1.64131e-15
0.21 0.219261 0.218921 1.64131e-15
0.22 0.230648 0.230505 1.64131e-15
0.23 0.242167 0.242222 1.64131e-15
0.24 0.253824 0.254037 1.64131e-15
0.25 0.265625 0.265925 1.64131e-15
0.26 0.277576 0.277883 1.64131e-15
0.27 0.289683 0.289926 1.64131e-15
0.28 0.301952 0.302084 1.64131e-15
0.29 0.314389 0.314393 1.64131e-15
0.3 0.327 0.32689 1.64131e-15
0.31 0.339791 0.339606 1.64131e-15
0.32 0.352768 0.352561 1.64131e-15
0.33 0.365937 0.36576 1.64131e-15
0.34 0.379304 0.379196 1.64131e-15
0.35 0.392875 0.392855 1.64131e-15
0.36 0.406656 0.40672 1.64131e-15
0.37 0.420653 0.420777 1.64131e-15
0.38 0.434872 0.43502 1.64131e-15
0.39 0.449319 0.449451 1.64131e-15
0.4 0.464 0.464084 1.64131e-15
0.41 0.478921 0.478939 1.64131e-15
0.42 0.494088 0.494042 1.64131e-15
0.43 0.509507 0.509414 1.64131e-15
0.44 0.525184 0.525073 1.64131e-15
0.45 0.541125 0.541027 1.64131e-15
0.46 0.557336 0.557276 1.64131e-15
0.47 0.573823 0.573816 1.64131e-15
0.48 0.590592 0.590635 1.64131e-15
0.49 0.607649 0.607726 1.64131e-15
0.5 0.625 0.625087 1.64131e-15
0.51 0.642651 0.642722 1.64131e-15
0.52 0.660608 0.660644 1.64131e-15
0.53 0.678877 0.678869 1.64131e-15
0.54 0.697464 0.697417 1.64131e-15
0.55 0.716375 0.716306 1.64131e-15
0.56 0.735616 0.735548 1.64131e-15
0.57 0.755193 0.755148 1.64131e-15
0.58 0.775112 0.775102 1.64131e-15
0.59 0.795379 0.795406 1.64131e-15
0.6 0.816 0.816053 1.64131e-15
0.61 0.836981 0.83704 1.64131e-15
0.62 0.858328 0.858372 1.64131e-15
0.63 0.880047 0.880062 1.64131e-15
0.64 0.902144 0.902126 1.64131e-15
0.65 0.924625 0.924582 1.64131e-15
0.66 0.947496 0.947445 1.64131e-15
0.67 0.970763 0.970725 1.64131e-15
0.68 0.994432 0.994421 1.64131e-15
0.69 1.01851 1.01853 1.64131e-15
0.7 1.043 1.04304 1.64131e-15
0.71 1.06791 1.06795 1.64131e-15
0.72 1.09325 1.09328 1.64131e-15
0.73 1.11902 1.11902 1.64131e-15
0.74 1.14522 1.1452 1.64131e-15
0.75 1.17188 1.17184 1.64131e-15
0.76 1.19898 1.19894 1.64131e-15
0.77 1.22653 1.22652 1.64131e-15
0.78 1.25455 1.25457 1.64131e-15
0.79 1.28304 1.28307 1.64131e-15
0.8 1.312 1.31203 1.64131e-15
0.81 1.34144 1.34145 1.64131e-15
0.82 1.37137 1.37135 1.64131e-15
0.83 1.40179 1.40176 1.64131e-15
0.84 1.4327 1.43268 1.64131e-15
0.85 1.46413 1.46413 1.64131e-15
0.86 1.49606 1.49608 1.64131e-15
0.87 1.5285 1.52853 1.64131e-15
0.88 1.56147 1.56148 1.64131e-15
0.89 1.59497 1.59495 1.64131e-15
0.9 1.629 1.62897 1.64131e-15
0.91 1.66357 1.66357 1.64131e-15
0.92 1.69869 1.69871 1.64131e-15
0.93 1.73436 1.73438 1.64131e-15
0.94 1.77058 1.77057 1.64131e-15
0.95 1.80738 1.80735 1.64131e-15
0.96 1.84474 1.84475 1.64131e-15
0.97 1.88267 1.88269 1.64131e-15
0.98 1.92119 1.92117 1.64131e-15
0.99 1.9603 1.96032 1.64131e-15
