-1 2 1.9996 2.74587e-15
-0.99 1.9603 1.96064 2.74587e-15
-0.98 1.92119 1.92157 2.74587e-15
-0.97 1.88267 1.8828 2.74587e-15
-0.96 1.84474 1.84457 2.74587e-15
-0.95 1.80737 1.807 2.74587e-15
-0.94 1.77058 1.77013 2.74587e-15
-0.93 1.73436 1.73395 2.74587e-15
-0.92 1.69869 1.69842 2.74587e-15
-0.91 1.66357 1.66349 2.74587e-15
-0.9 1.629 1.62913 2.74587e-15
-0.89 1.59497 1.59528 2.74587e-15
-0.88 1.56147 1.56192 2.74587e-15
-0.87 1.5285 1.52903 2.74587e-15
-0.86 1.49606 1.49658 2.74587e-15
-0.85 1.46412 1.46459 2.74587e-15
-0.84 1.4327 1.43306 2.74587e-15
-0.83 1.40179 1.40198 2.74587e-15
-0.82 1.37137 1.37138 2.74587e-15
-0.81 1.34144 1.34127 2.74587e-15
-0.8 1.312 1.31166 2.74587e-15
-0.79 1.28304 1.28255 2.74587e-15
-0.78 1.25455 1.25395 2.74587e-15
-0.77 1.22653 1.22587 2.74587e-15
-0.76 1.19898 1.1983 2.74587e-15
-0.75 1.17187 1.17124 2.74587e-15
-0.74 1.14522 1.14468 2.74587e-15
-0.73 1.11902 1.11861 2.74587e-15
-0.72 1.09325 1.093 2.74587e-15
-0.71 1.06791 1.06785 2.74587e-15
-0.7 1.043 1.04314 2.74587e-15
-0.69 1.01851 1.01885 2.74587e-15
-0.68 0.994432 0.99496 2.74587e-15
-0.67 0.970763 0.971453 2.74587e-15
-0.66 0.947496 0.948313 2.74587e-15
-0.65 0.924625 0.925528 2.74587e-15
-0.64 0.902144 0.903085 2.74587e-15
-0.63 0.880047 0.880975 2.74587e-15
-0.62 0.858328 0.859192 2.74587e-15
-0.61 0.836981 0.83773 2.74587e-15
-0.6 0.816 0.816589 2.74587e-15
-0.59 0.795379 0.795769 2.74587e-15
-0.58 0.775112 0.775272 2.74587e-15
-0.57 0.755193 0.755101 2.74587e-15
-0.56 0.735616 0.735263 2.74587e-15
-0.55 0.716375 0.715763 2.74587e-15
-0.54 0.697464 0.696607 2.74587e-15
-0.53 0.678877 0.6778 2.74587e-15
-0.52 0.660608 0.659348 2.74587e-15
-0.51 0.642651 0.641253 2.74587e-15
-0.5 0.625 0.62352 2.74587e-15
-0.49 0.607649 0.606147 2.74587e-15
-0.48 0.590592 0.589134 2.74587e-15
-0.47 0.573823 0.572475 2.74587e-15
-0.46 0.557336 0.556166 2.74587e-15
-0.45 0.541125 0.540195 2.74587e-15
-0.44 0.525184 0.524553 2.74587e-15
-0.43 0.509507 0.509224 2.74587e-15
-0.42 0.494088 0.494193 2.74587e-15
-0.41 0.478921 0.47944 2.74587e-15
-0.4 0.464 0.464946 2.74587e-15
-0.39 0.449319 0.45069 2.74587e-15
-0.38 0.434872 0.436649 2.74587e-15
-0.37 0.420653 0.4228 2.74587e-15
-0.36 0.406656 0.40912 2.74587e-15
-0.35 0.392875 0.395588 2.74587e-15
-0.34 0.379304 0.382183 2.74587e-15
-0.33 0.365937 0.368883 2.74587e-15
-0.32 0.352768 0.355673 2.74587e-15
-0.31 0.339791 0.342537 2.74587e-15
-0.3 0.327 0.329463 2.74587e-15
-0.29 0.314389 0.316442 2.74587e-15
-0.28 0.301952 0.303471 2.74587e-15
-0.27 0.289683 0.290546 2.74587e-15
-0.26 0.277576 0.277673 2.74587e-15
-0.25 0.265625 0.264859 2.74587e-15
-0.24 0.253824 0.252116 2.74587e-15
-0.23 0.242167 0.239462 2.74587e-15
-0.22 0.230648 0.226916 2.74587e-15
-0.21 0.219261 0.214506 2.74587e-15
-0.2 0.208 0.202261 2.74587e-15
-0.19 0.196859 0.190214 2.74587e-15
-0.18 0.185832 0.178402 2.74587e-15
-0.17 0.174913 0.166865 2.74587e-15
-0.16 0.164096 0.155646 2.74587e-15
-0.15 0.153375 0.14479 2.74587e-15
-0.14 0.142744 0.134343 2.74587e-15
-0.13 0.132197 0.124351 2.74587e-15
-0.12 0.121728 0.114863 2.74587e-15
-0.11 0.111331 0.105925 2.74587e-15
-0.1 0.101 0.0975844 2.74587e-15
-0.09 0.090729 0.0898847 2.74587e-15
-0.08 0.080512 0.0828688 2.74587e-15
-0.07 0.070343 0.0765765 2.74587e-15
-0.06 0.060216 0.0710444 2.74587e-15
-0.05 0.050125 0.0663051 2.74587e-15
-0.04 0.040064 0.0623872 2.74587e-15
-0.03 0.030027 0.0593145 2.74587e-15
-0.02 0.020008 0.057106 2.74587e-15
-0.01 0.010001 0.0557754 2.74587e-15
7.5287e-16 7.5287e-16 0.0553309 2.74587e-15
0.01 0.010001 0.0557754 2.74587e-15
0.02 0.020008 0.057106 2.74587e-15
0.03 0.030027 0.0593145 2.74587e-15
0.04 0.040064 0.0623872 2.74587e-15
0.05 0.050125 0.0663051 2.74587e-15
0.06 0.060216 0.0710444 2.74587e-15
0.07 0.070343 0.0765765 2.74587e-15
0.08 0.080512 0.0828688 2.74587e-15
0.09 0.090729 0.0898847 2.74587e-15
0.1 0.101 0.0975844 2.74587e-15
0.11 0.111331 0.105925 2.74587e-15
0.12 0.121728 0.114863 2.74587e-15
0.13 0.132197 0.124351 2.74587e-15
0.14 0.142744 0.134343 2.74587e-15
0.15 0.153375 0.14479 2.74587e-15
0.16 0.164096 0.155646 2.74587e-15
0.17 0.174913 0.166865 2.74587e-15
0.18 0.185832 0.178402 2.74587e-15
0.19 0.196859 0.190214 2.74587e-15
0.2 0.208 0.202261 2.74587e-15
0.21 0.219261 0.214506 2.74587e-15
0.22 0.230648 0.226916 2.74587e-15
0.23 0.242167 0.239462 2.74587e-15
0.24 0.253824 0.252116 2.74587e-15
0.25 0.265625 0.264859 2.74587e-15
0.26 0.277576 0.277673 2.74587e-15
0.27 0.289683 0.290546 2.74587e-15
0.28 0.301952 0.303471 2.74587e-15
0.29 0.314389 0.316442 2.74587e-15
0.3 0.327 0.329463 2.74587e-15
0.31 0.339791 0.342537 2.74587e-15
0.32 0.352768 0.355673 2.74587e-15
0.33 0.365937 0.368883 2.74587e-15
0.34 0.379304 0.382183 2.74587e-15
0.35 0.392875 0.395588 2.74587e-15
0.36 0.406656 0.40912 2.74587e-15
0.37 0.420653 0.4228 2.74587e-15
0.38 0.434872 0.436649 2.74587e-15
0.39 0.449319 0.45069 2.74587e-15
0.4 0.464 0.464946 2.74587e-15
0.41 0.478921 0.47944 2.74587e-15
0.42 0.494088 0.494193 2.74587e-15
0.43 0.509507 0.509224 2.74587e-15
0.44 0.525184 0.524553 2.74587e-15
0.45 0.541125 0.540195 2.74587e-15
0.46 0.557336 0.556166 2.74587e-15
0.47 0.573823 0.572475 2.74587e-15
0.48 0.590592 0.589134 2.74587e-15
0.49 0.607649 0.606147 2.74587e-15
0.5 0.625 0.62352 2.74587e-15
0.51 0.642651 0.641253 2.74587e-15
0.52 0.660608 0.659348 2.74587e-15
0.53 0.678877 0.6778 2.74587e-15
0.54 0.697464 0.696607 2.74587e-15
0.55 0.716375 0.715763 2.74587e-15
0.56 0.735616 0.735263 2.74587e-15
0.57 0.755193 0.755101 2.74587e-15
0.58 0.775112 0.775272 2.74587e-15
0.59 0.795379 0.795769 2.74587e-15
0.6 0.816 0.816589 2.74587e-15
0.61 0.836981 0.83773 2.74587e-15
0.62 0.858328 0.859192 2.74587e-15
0.63 0.880047 0.880975 2.74587e-15
0.64 0.902144 0.903085 2.74587e-15
0.65 0.924625 0.925528 2.74587e-15
0.66 0.947496 0.948313 2.74587e-15
0.67 0.970763 0.971453 2.74587e-15
0.68 0.994432 0.99496 2.74587e-15
0.69 1.01851 1.01885 2.74587e-15
0.7 1.043 1.04314 2.74587e-15
0.71 1.06791 1.06785 2.74587e-15
0.72 1.09325 1.093 2.74587e-15
0.73 1.11902 1.11861 2.74587e-15
0.74 1.14522 1.14468 2.74587e-15
0.75 1.17188 1.17124 2.74587e-15
0.76 1.19898 1.1983 2.74587e-15
0.77 1.22653 1.22587 2.74587e-15
0.78 1.25455 1.25395 2.74587e-15
0.79 1.28304 1.28255 2.74587e-15
0.8 1.312 1.31166 2.74587e-15
0.81 1.34144 1.34127 2.74587e-15
0.82 1.37137 1.37138 2.74587e-15
0.83 1.40179 1.40198 2.74587e-15
0.84 1.4327 1.43306 2.74587e-15
0.85 1.46413 1.46459 2.74587e-15
0.86 1.49606 1.49658 2.74587e-15
0.87 1.5285 1.52903 2.74587e-15
0.88 1.56147 1.56192 2.74587e-15
0.89 1.59497 1.59528 2.74587e-15
0.9 1.629 1.62913 2.74587e-15
0.91 1.66357 1.66349 2.74587e-15
0.92 1.69869 1.69842 2.74587e-15
0.93 1.73436 1.73395 2.74587e-15
0.94 1.77058 1.77013 2.74587e-15
0.95 1.80738 1.807 2.74587e-15
0.96 1.84474 1.84457 2.74587e-15
0.97 1.88267 1.8828 2.74587e-15
0.98 1.92119 1.92157 2.74587e-15
0.99 1.9603 1.96064 2.74587e-15
