-1 2 2.00678 0.0138352
-0.99 1.9603 1.95671 0.0138352
-0.98 1.92119 1.91434 0.0138352
-0.97 1.88267 1.87669 0.0138352
-0.96 1.84474 1.84163 0.0138352
-0.95 1.80737 1.80774 0.0138352
-0.94 1.77058 1.7741 0.0138352
-0.93 1.73436 1.7402 0.0138352
-0.92 1.69869 1.70582 0.0138352
-0.91 1.66357 1.67093 0.0138352
-0.9 1.629 1.63564 0.0138352
-0.89 1.59497 1.60015 0.0138352
-0.88 1.56147 1.56467 0.0138352
-0.87 1.5285 1.52943 0.0138352
-0.86 1.49606 1.49466 0.0138352
-0.85 1.46412 1.46055 0.0138352
-0.84 1.4327 1.42725 0.0138352
-0.83 1.40179 1.39488 0.0138352
-0.82 1.37137 1.3635 0.0138352
-0.81 1.34144 1.33316 0.0138352
-0.8 1.312 1.30383 0.0138352
-0.79 1.28304 1.27549 0.0138352
-0.78 1.25455 1.24808 0.0138352
-0.77 1.22653 1.22151 0.0138352
-0.76 1.19898 1.19568 0.0138352
-0.75 1.17187 1.1705 0.0138352
-0.74 1.14522 1.14586 0.0138352
-0.73 1.11902 1.12164 0.0138352
-0.72 1.09325 1.09776 0.0138352
-0.71 1.06791 1.07412 0.0138352
-0.7 1.043 1.05065 0.0138352
-0.69 1.01851 1.02728 0.0138352
-0.68 0.994432 1.00396 0.0138352
-0.67 0.970763 0.980659 0.0138352
-0.66 0.947496 0.957364 0.0138352
-0.65 0.924625 0.93407 0.0138352
-0.64 0.902144 0.910791 0.0138352
-0.63 0.880047 0.88755 0.0138352
-0.62 0.858328 0.864386 0.0138352
-0.61 0.836981 0.841342 0.0138352
-0.6 0.816 0.818473 0.0138352
-0.59 0.795379 0.795836 0.0138352
-0.58 0.775112 0.773493 0.0138352
-0.57 0.755193 0.751505 0.0138352
-0.56 0.735616 0.729935 0.0138352
-0.55 0.716375 0.708839 0.0138352
-0.54 0.697464 0.688271 0.0138352
-0.53 0.678877 0.668278 0.0138352
-0.52 0.660608 0.6489 0.0138352
-0.51 0.642651 0.630167 0.0138352
-0.5 0.625 0.612101 0.0138352
-0.49 0.607649 0.594714 0.0138352
-0.48 0.590592 0.578006 0.0138352
-0.47 0.573823 0.561969 0.0138352
-0.46 0.557336 0.546583 0.0138352
-0.45 0.541125 0.531818 0.0138352
-0.44 0.525184 0.517638 0.0138352
-0.43 0.509507 0.503995 0.0138352
-0.42 0.494088 0.490836 0.0138352
-0.41 0.478921 0.4781 0.0138352
-0.4 0.464 0.465723 0.0138352
-0.39 0.449319 0.453636 0.0138352
-0.38 0.434872 0.441767 0.0138352
-0.37 0.420653 0.430045 0.0138352
-0.36 0.406656 0.418399 0.0138352
-0.35 0.392875 0.406759 0.0138352
-0.34 0.379304 0.395059 0.0138352
-0.33 0.365937 0.383238 0.0138352
-0.32 0.352768 0.371239 0.0138352
-0.31 0.339791 0.359015 0.0138352
-0.3 0.327 0.346524 0.0138352
-0.29 0.314389 0.333734 0.0138352
-0.28 0.301952 0.320622 0.0138352
-0.27 0.289683 0.307176 0.0138352
-0.26 0.277576 0.293393 0.0138352
-0.25 0.265625 0.279281 0.0138352
-0.24 0.253824 0.264859 0.0138352
-0.23 0.242167 0.250157 0.0138352
-0.22 0.230648 0.235214 0.0138352
-0.21 0.219261 0.220079 0.0138352
-0.2 0.208 0.20481 0.0138352
-0.19 0.196859 0.189476 0.0138352
-0.18 0.185832 0.174149 0.0138352
-0.17 0.174913 0.158911 0.0138352
-0.16 0.164096 0.143849 0.0138352
-0.15 0.153375 0.129054 0.0138352
-0.14 0.142744 0.114619 0.0138352
-0.13 0.132197 0.100642 0.0138352
-0.12 0.121728 0.0872193 0.0138352
-0.11 0.111331 0.0744462 0.0138352
-0.1 0.101 0.0624173 0.0138352
-0.09 0.090729 0.0512235 0.0138352
-0.08 0.080512 0.0409511 0.0138352
-0.07 0.070343 0.031681 0.0138352
-0.06 0.060216 0.0234872 0.0138352
-0.05 0.050125 0.0164361 0.0138352
-0.04 0.040064 0.0105855 0.0138352
-0.03 0.030027 0.00598358 0.0138352
-0.02 0.020008 0.0026687 0.0138352
-0.01 0.010001 0.00066858 0.0138352
7.5287e-16 7.5287e-16 3.10862e-15 0.0138352
0.01 0.010001 0.00066858 0.0138352
0.02 0.020008 0.0026687 0.0138352
0.03 0.030027 0.00598358 0.0138352
0.04 0.040064 0.0105855 0.0138352
0.05 0.050125 0.0164361 0.0138352
0.06 0.060216 0.0234872 0.0138352
0.07 0.070343 0.031681 0.0138352
0.08 0.080512 0.0409511 0.0138352
0.09 0.090729 0.0512235 0.0138352
0.1 0.101 0.0624173 0.0138352
0.11 0.111331 0.0744462 0.0138352
0.12 0.121728 0.0872193 0.0138352
0.13 0.132197 0.100642 0.0138352
0.14 0.142744 0.114619 0.0138352
0.15 0.153375 0.129054 0.0138352
0.16 0.164096 0.143849 0.0138352
0.17 0.174913 0.158911 0.0138352
0.18 0.185832 0.174149 0.0138352
0.19 0.196859 0.189476 0.0138352
0.2 0.208 0.20481 0.0138352
0.21 0.219261 0.220079 0.0138352
0.22 0.230648 0.235214 0.0138352
0.23 0.242167 0.250157 0.0138352
0.24 0.253824 0.264859 0.0138352
0.25 0.265625 0.279281 0.0138352
0.26 0.277576 0.293393 0.0138352
0.27 0.289683 0.307176 0.0138352
0.28 0.301952 0.320622 0.0138352
0.29 0.314389 0.333734 0.0138352
0.3 0.327 0.346524 0.0138352
0.31 0.339791 0.359015 0.0138352
0.32 0.352768 0.371239 0.0138352
0.33 0.365937 0.383238 0.0138352
0.34 0.379304 0.395059 0.0138352
0.35 0.392875 0.406759 0.0138352
0.36 0.406656 0.418399 0.0138352
0.37 0.420653 0.430045 0.0138352
0.38 0.434872 0.441767 0.0138352
0.39 0.449319 0.453636 0.0138352
0.4 0.464 0.465723 0.0138352
0.41 0.478921 0.4781 0.0138352
0.42 0.494088 0.490836 0.0138352
0.43 0.509507 0.503995 0.0138352
0.44 0.525184 0.517638 0.0138352
0.45 0.541125 0.531818 0.0138352
0.46 0.557336 0.546583 0.0138352
0.47 0.573823 0.561969 0.0138352
0.48 0.590592 0.578006 0.0138352
0.49 0.607649 0.594714 0.0138352
0.5 0.625 0.612101 0.0138352
0.51 0.642651 0.630167 0.0138352
0.52 0.660608 0.6489 0.0138352
0.53 0.678877 0.668278 0.0138352
0.54 0.697464 0.688271 0.0138352
0.55 0.716375 0.708839 0.0138352
0.56 0.735616 0.729935 0.0138352
0.57 0.755193 0.751505 0.0138352
0.58 0.775112 0.773493 0.0138352
0.59 0.795379 0.795836 0.0138352
0.6 0.816 0.818473 0.0138352
0.61 0.836981 0.841342 0.0138352
0.62 0.858328 0.864386 0.0138352
0.63 0.880047 0.88755 0.0138352
0.64 0.902144 0.910791 0.0138352
0.65 0.924625 0.93407 0.0138352
0.66 0.947496 0.957364 0.0138352
0.67 0.970763 0.980659 0.0138352
0.68 0.994432 1.00396 0.0138352
0.69 1.01851 1.02728 0.0138352
0.7 1.043 1.05065 0.0138352
0.71 1.06791 1.07412 0.0138352
0.72 1.09325 1.09776 0.0138352
0.73 1.11902 1.12164 0.0138352
0.74 1.14522 1.14586 0.0138352
0.75 1.17188 1.1705 0.0138352
0.76 1.19898 1.19568 0.0138352
0.77 1.22653 1.22151 0.0138352
0.78 1.25455 1.24808 0.0138352
0.79 1.28304 1.27549 0.0138352
0.8 1.312 1.30383 0.0138352
0.81 1.34144 1.33316 0.0138352
0.82 1.37137 1.3635 0.0138352
0.83 1.40179 1.39488 0.0138352
0.84 1.4327 1.42725 0.0138352
0.85 1.46413 1.46055 0.0138352
0.86 1.49606 1.49466 0.0138352
0.87 1.5285 1.52943 0.0138352
0.88 1.56147 1.56467 0.0138352
0.89 1.59497 1.60015 0.0138352
0.9 1.629 1.63564 0.0138352
0.91 1.66357 1.67093 0.0138352
0.92 1.69869 1.70582 0.0138352
0.93 1.73436 1.7402 0.0138352
0.94 1.77058 1.7741 0.0138352
0.95 1.80738 1.80774 0.0138352
0.96 1.84474 1.84163 0.0138352
0.97 1.88267 1.87669 0.0138352
0.98 1.92119 1.91434 0.0138352
0.99 1.9603 1.95671 0.0138352
