-1 2 1.99994 2.21799e-15
-0.99 1.9603 1.96029 2.21799e-15
-0.98 1.92119 1.92114 2.21799e-15
-0.97 1.88267 1.8827 2.21799e-15
-0.96 1.84474 1.8448 2.21799e-15
-0.95 1.80737 1.80739 2.21799e-15
-0.94 1.77058 1.77053 2.21799e-15
-0.93 1.73436 1.73429 2.21799e-15
-0.92 1.69869 1.69866 2.21799e-15
-0.91 1.66357 1.6636 2.21799e-15
-0.9 1.629 1.62907 2.21799e-15
-0.89 1.59497 1.59504 2.21799e-15
-0.88 1.56147 1.56151 2.21799e-15
-0.87 1.5285 1.52848 2.21799e-15
-0.86 1.49606 1.49599 2.21799e-15
-0.85 1.46412 1.46404 2.21799e-15
-0.84 1.4327 1.43263 2.21799e-15
-0.83 1.40179 1.40176 2.21799e-15
-0.82 1.37137 1.3714 2.21799e-15
-0.81 1.34144 1.34151 2.21799e-15
-0.8 1.312 1.3121 2.21799e-15
-0.79 1.28304 1.28313 2.21799e-15
-0.78 1.25455 1.25461 2.21799e-15
-0.77 1.22653 1.22654 2.21799e-15
-0.76 1.19898 1.19893 2.21799e-15
-0.75 1.17187 1.17178 2.21799e-15
-0.74 1.14522 1.14511 2.21799e-15
-0.73 1.11902 1.11891 2.21799e-15
-0.72 1.09325 1.09318 2.21799e-15
-0.71 1.06791 1.06789 2.21799e-15
-0.7 1.043 1.04304 2.21799e-15
-0.69 1.01851 1.0186 2.21799e-15
-0.68 0.994432 0.994559 2.21799e-15
-0.67 0.970763 0.970897 2.21799e-15
-0.66 0.947496 0.94761 2.21799e-15
-0.65 0.924625 0.924694 2.21799e-15
-0.64 0.902144 0.902152 2.21799e-15
-0.63 0.880047 0.879989 2.21799e-15
-0.62 0.858328 0.858211 2.21799e-15
-0.61 0.836981 0.836825 2.21799e-15
-0.6 0.816 0.815832 2.21799e-15
-0.59 0.795379 0.795229 2.21799e-15
-0.58 0.775112 0.775008 2.21799e-15
-0.57 0.755193 0.755156 2.21799e-15
-0.56 0.735616 0.735657 2.21799e-15
-0.55 0.716375 0.716491 2.21799e-15
-0.54 0.697464 0.697641 2.21799e-15
-0.53 0.678877 0.67909 2.21799e-15
-0.52 0.660608 0.660824 2.21799e-15
-0.51 0.642651 0.642835 2.21799e-15
-0.5 0.625 0.62512 2.21799e-15
-0.49 0.607649 0.607682 2.21799e-15
-0.48 0.590592 0.590526 2.21799e-15
-0.47 0.573823 0.57366 2.21799e-15
-0.46 0.557336 0.557094 2.21799e-15
-0.45 0.541125 0.540834 2.21799e-15
-0.44 0.525184 0.524884 2.21799e-15
-0.43 0.509507 0.509241 2.21799e-15
-0.42 0.494088 0.493898 2.21799e-15
-0.41 0.478921 0.478842 2.21799e-15
-0.4 0.464 0.464053 2.21799e-15
-0.39 0.449319 0.44951 2.21799e-15
-0.38 0.434872 0.435186 2.21799e-15
-0.37 0.420653 0.421058 2.21799e-15
-0.36 0.406656 0.407105 2.21799e-15
-0.35 0.392875 0.39331 2.21799e-15
-0.34 0.379304 0.379663 2.21799e-15
-0.33 0.365937 0.366162 2.21799e-15
-0.32 0.352768 0.352812 2.21799e-15
-0.31 0.339791 0.339628 2.21799e-15
-0.3 0.327 0.326626 2.21799e-15
-0.29 0.314389 0.313828 2.21799e-15
-0.28 0.301952 0.301256 2.21799e-15
-0.27 0.289683 0.288927 2.21799e-15
-0.26 0.277576 0.276853 2.21799e-15
-0.25 0.265625 0.265037 2.21799e-15
-0.24 0.253824 0.25347 2.21799e-15
-0.23 0.242167 0.24213 2.21799e-15
-0.22 0.230648 0.230984 2.21799e-15
-0.21 0.219261 0.219988 2.21799e-15
-0.2 0.208 0.20909 2.21799e-15
-0.19 0.196859 0.198231 2.21799e-15
-0.18 0.185832 0.187356 2.21799e-15
-0.17 0.174913 0.176414 2.21799e-15
-0.16 0.164096 0.165366 2.21799e-15
-0.15 0.153375 0.154191 2.21799e-15
-0.14 0.142744 0.142889 2.21799e-15
-0.13 0.132197 0.131488 2.21799e-15
-0.12 0.121728 0.120042 2.21799e-15
-0.11 0.111331 0.108639 2.21799e-15
-0.1 0.101 0.0973917 2.21799e-15
-0.09 0.090729 0.0864419 2.21799e-15
-0.08 0.080512 0.0759515 2.21799e-15
-0.07 0.070343 0.0660979 2.21799e-15
-0.06 0.060216 0.0570665 2.21799e-15
-0.05 0.050125 0.0490419 2.21799e-15
-0.04 0.040064 0.0421996 2.21799e-15
-0.03 0.030027 0.0366972 2.21799e-15
-0.02 0.020008 0.0326664 2.21799e-15
-0.01 0.010001 0.0302067 2.21799e-15
7.5287e-16 7.5287e-16 0.0293798 2.21799e-15
0.01 0.010001 0.0302067 2.21799e-15
0.02 0.020008 0.0326664 2.21799e-15
0.03 0.030027 0.0366972 2.21799e-15
0.04 0.040064 0.0421996 2.21799e-15
0.05 0.050125 0.0490419 2.21799e-15
0.06 0.060216 0.0570665 2.21799e-15
0.07 0.070343 0.0660979 2.21799e-15
0.08 0.080512 0.0759515 2.21799e-15
0.09 0.090729 0.0864419 2.21799e-15
0.1 0.101 0.0973917 2.21799e-15
0.11 0.111331 0.108639 2.21799e-15
0.12 0.121728 0.120042 2.21799e-15
0.13 0.132197 0.131488 2.21799e-15
0.14 0.142744 0.142889 2.21799e-15
0.15 0.153375 0.154191 2.21799e-15
0.16 0.164096 0.165366 2.21799e-15
0.17 0.174913 0.176414 2.21799e-15
0.18 0.185832 0.187356 2.21799e-15
0.19 0.196859 0.198231 2.21799e-15
0.2 0.208 0.20909 2.21799e-15
0.21 0.219261 0.219988 2.21799e-15
0.22 0.230648 0.230984 2.21799e-15
0.23 0.242167 0.24213 2.21799e-15
0.24 0.253824 0.25347 2.21799e-15
0.25 0.265625 0.265037 2.21799e-15
0.26 0.277576 0.276853 2.21799e-15
0.27 0.289683 0.288927 2.21799e-15
0.28 0.301952 0.301256 2.21799e-15
0.29 0.314389 0.313828 2.21799e-15
0.3 0.327 0.326626 2.21799e-15
0.31 0.339791 0.339628 2.21799e-15
0.32 0.352768 0.352812 2.21799e-15
0.33 0.365937 0.366162 2.21799e-15
0.34 0.379304 0.379663 2.21799e-15
0.35 0.392875 0.39331 2.21799e-15
0.36 0.406656 0.407105 2.21799e-15
0.37 0.420653 0.421058 2.21799e-15
0.38 0.434872 0.435186 2.21799e-15
0.39 0.449319 0.44951 2.21799e-15
0.4 0.464 0.464053 2.21799e-15
0.41 0.478921 0.478842 2.21799e-15
0.42 0.494088 0.493898 2.21799e-15
0.43 0.509507 0.509241 2.21799e-15
0.44 0.525184 0.524884 2.21799e-15
0.45 0.541125 0.540834 2.21799e-15
0.46 0.557336 0.557094 2.21799e-15
0.47 0.573823 0.57366 2.21799e-15
0.48 0.590592 0.590526 2.21799e-15
0.49 0.607649 0.607682 2.21799e-15
0.5 0.625 0.62512 2.21799e-15
0.51 0.642651 0.642835 2.21799e-15
0.52 0.660608 0.660824 2.21799e-15
0.53 0.678877 0.67909 2.21799e-15
0.54 0.697464 0.697641 2.21799e-15
0.55 0.716375 0.716491 2.21799e-15
0.56 0.735616 0.735657 2.21799e-15
0.57 0.755193 0.755156 2.21799e-15
0.58 0.775112 0.775008 2.21799e-15
0.59 0.795379 0.795229 2.21799e-15
0.6 0.816 0.815832 2.21799e-15
0.61 0.836981 0.836825 2.21799e-15
0.62 0.858328 0.858211 2.21799e-15
0.63 0.880047 0.879989 2.21799e-15
0.64 0.902144 0.902152 2.21799e-15
0.65 0.924625 0.924694 2.21799e-15
0.66 0.947496 0.94761 2.21799e-15
0.67 0.970763 0.970897 2.21799e-15
0.68 0.994432 0.994559 2.21799e-15
0.69 1.01851 1.0186 2.21799e-15
0.7 1.043 1.04304 2.21799e-15
0.71 1.06791 1.06789 2.21799e-15
0.72 1.09325 1.09318 2.21799e-15
0.73 1.11902 1.11891 2.21799e-15
0.74 1.14522 1.14511 2.21799e-15
0.75 1.17188 1.17178 2.21799e-15
0.76 1.19898 1.19893 2.21799e-15
0.77 1.22653 1.22654 2.21799e-15
0.78 1.25455 1.25461 2.21799e-15
0.79 1.28304 1.28313 2.21799e-15
0.8 1.312 1.3121 2.21799e-15
0.81 1.34144 1.34151 2.21799e-15
0.82 1.37137 1.3714 2.21799e-15
0.83 1.40179 1.40176 2.21799e-15
0.84 1.4327 1.43263 2.21799e-15
0.85 1.46413 1.46404 2.21799e-15
0.86 1.49606 1.49599 2.21799e-15
0.87 1.5285 1.52848 2.21799e-15
0.88 1.56147 1.56151 2.21799e-15
0.89 1.59497 1.59504 2.21799e-15
0.9 1.629 1.62907 2.21799e-15
0.91 1.66357 1.6636 2.21799e-15
0.92 1.69869 1.69866 2.21799e-15
0.93 1.73436 1.73429 2.21799e-15
0.94 1.77058 1.77053 2.21799e-15
0.95 1.80738 1.80739 2.21799e-15
0.96 1.84474 1.8448 2.21799e-15
0.97 1.88267 1.8827 2.21799e-15
0.98 1.92119 1.92114 2.21799e-15
0.99 1.9603 1.96029 2.21799e-15
