-1 2 2.00128 8.74704e-16
-0.99 1.9603 1.96013 8.74704e-16
-0.98 1.92119 1.92021 8.74704e-16
-0.97 1.88267 1.88134 8.74704e-16
-0.96 1.84474 1.8434 8.74704e-16
-0.95 1.80737 1.80627 8.74704e-16
-0.94 1.77058 1.76985 8.74704e-16
-0.93 1.73436 1.73407 8.74704e-16
-0.92 1.69869 1.69887 8.74704e-16
-0.91 1.66357 1.66419 8.74704e-16
-0.9 1.629 1.63 8.74704e-16
-0.89 1.59497 1.59628 8.74704e-16
-0.88 1.56147 1.563 8.74704e-16
-0.87 1.5285 1.53016 8.74704e-16
-0.86 1.49606 1.49773 8.74704e-16
-0.85 1.46412 1.46574 8.74704e-16
-0.84 1.4327 1.43417 8.74704e-16
-0.83 1.40179 1.40303 8.74704e-16
-0.82 1.37137 1.37232 8.74704e-16
-0.81 1.34144 1.34206 8.74704e-16
-0.8 1.312 1.31225 8.74704e-16
-0.79 1.28304 1.28291 8.74704e-16
-0.78 1.25455 1.25403 8.74704e-16
-0.77 1.22653 1.22563 8.74704e-16
-0.76 1.19898 1.19772 8.74704e-16
-0.75 1.17187 1.17029 8.74704e-16
-0.74 1.14522 1.14335 8.74704e-16
-0.73 1.11902 1.11691 8.74704e-16
-0.72 1.09325 1.09097 8.74704e-16
-0.71 1.06791 1.06552 8.74704e-16
-0.7 1.043 1.04056 8.74704e-16
-0.69 1.01851 1.01609 8.74704e-16
-0.68 0.994432 0.992103 8.74704e-16
-0.67 0.970763 0.968591 8.74704e-16
-0.66 0.947496 0.945547 8.74704e-16
-0.65 0.924625 0.922958 8.74704e-16
-0.64 0.902144 0.900814 8.74704e-16
-0.63 0.880047 0.879103 8.74704e-16
-0.62 0.858328 0.85781 8.74704e-16
-0.61 0.836981 0.836922 8.74704e-16
-0.6 0.816 0.816424 8.74704e-16
-0.59 0.795379 0.796299 8.74704e-16
-0.58 0.775112 0.776533 8.74704e-16
-0.57 0.755193 0.757108 8.74704e-16
-0.56 0.735616 0.738009 8.74704e-16
-0.55 0.716375 0.71922 8.74704e-16
-0.54 0.697464 0.700724 8.74704e-16
-0.53 0.678877 0.682507 8.74704e-16
-0.52 0.660608 0.664554 8.74704e-16
-0.51 0.642651 0.646849 8.74704e-16
-0.5 0.625 0.62938 8.74704e-16
-0.49 0.607649 0.612134 8.74704e-16
-0.48 0.590592 0.595099 8.74704e-16
-0.47 0.573823 0.578265 8.74704e-16
-0.46 0.557336 0.561621 8.74704e-16
-0.45 0.541125 0.545161 8.74704e-16
-0.44 0.525184 0.528876 8.74704e-16
-0.43 0.509507 0.512761 8.74704e-16
-0.42 0.494088 0.496812 8.74704e-16
-0.41 0.478921 0.481026 8.74704e-16
-0.4 0.464 0.465401 8.74704e-16
-0.39 0.449319 0.449937 8.74704e-16
-0.38 0.434872 0.434636 8.74704e-16
-0.37 0.420653 0.4195 8.74704e-16
-0.36 0.406656 0.404533 8.74704e-16
-0.35 0.392875 0.389741 8.74704e-16
-0.34 0.379304 0.37513 8.74704e-16
-0.33 0.365937 0.360708 8.74704e-16
-0.32 0.352768 0.346485 8.74704e-16
-0.31 0.339791 0.332471 8.74704e-16
-0.3 0.327 0.318677 8.74704e-16
-0.29 0.314389 0.305115 8.74704e-16
-0.28 0.301952 0.2918 8.74704e-16
-0.27 0.289683 0.278744 8.74704e-16
-0.26 0.277576 0.265964 8.74704e-16
-0.25 0.265625 0.253474 8.74704e-16
-0.24 0.253824 0.241291 8.74704e-16
-0.23 0.242167 0.229431 8.74704e-16
-0.22 0.230648 0.217911 8.74704e-16
-0.21 0.219261 0.206748 8.74704e-16
-0.2 0.208 0.19596 8.74704e-16
-0.19 0.196859 0.185563 8.74704e-16
-0.18 0.185832 0.175575 8.74704e-16
-0.17 0.174913 0.166013 8.74704e-16
-0.16 0.164096 0.156895 8.74704e-16
-0.15 0.153375 0.148235 8.74704e-16
-0.14 0.142744 0.140051 8.74704e-16
-0.13 0.132197 0.132358 8.74704e-16
-0.12 0.121728 0.12517 8.74704e-16
-0.11 0.111331 0.118501 8.74704e-16
-0.1 0.101 0.112366 8.74704e-16
-0.09 0.090729 0.106775 8.74704e-16
-0.08 0.080512 0.101742 8.74704e-16
-0.07 0.070343 0.0972748 8.74704e-16
-0.06 0.060216 0.0933843 8.74704e-16
-0.05 0.050125 0.0900781 8.74704e-16
-0.04 0.040064 0.0873635 8.74704e-16
-0.03 0.030027 0.085246 8.74704e-16
-0.02 0.020008 0.0837302 8.74704e-16
-0.01 0.010001 0.0828195 8.74704e-16
7.5287e-16 7.5287e-16 0.0825157 8.74704e-16
0.01 0.010001 0.0828195 8.74704e-16
0.02 0.020008 0.0837302 8.74704e-16
0.03 0.030027 0.085246 8.74704e-16
0.04 0.040064 0.0873635 8.74704e-16
0.05 0.050125 0.0900781 8.74704e-16
0.06 0.060216 0.0933843 8.74704e-16
0.07 0.070343 0.0972748 8.74704e-16
0.08 0.080512 0.101742 8.74704e-16
0.09 0.090729 0.106775 8.74704e-16
0.1 0.101 0.112366 8.74704e-16
0.11 0.111331 0.118501 8.74704e-16
0.12 0.121728 0.12517 8.74704e-16
0.13 0.132197 0.132358 8.74704e-16
0.14 0.142744 0.140051 8.74704e-16
0.15 0.153375 0.148235 8.74704e-16
0.16 0.164096 0.156895 8.74704e-16
0.17 0.174913 0.166013 8.74704e-16
0.18 0.185832 0.175575 8.74704e-16
0.19 0.196859 0.185563 8.74704e-16
0.2 0.208 0.19596 8.74704e-16
0.21 0.219261 0.206748 8.74704e-16
0.22 0.230648 0.217911 8.74704e-16
0.23 0.242167 0.229431 8.74704e-16
0.24 0.253824 0.241291 8.74704e-16
0.25 0.265625 0.253474 8.74704e-16
0.26 0.277576 0.265964 8.74704e-16
0.27 0.289683 0.278744 8.74704e-16
0.28 0.301952 0.2918 8.74704e-16
0.29 0.314389 0.305115 8.74704e-16
0.3 0.327 0.318677 8.74704e-16
0.31 0.339791 0.332471 8.74704e-16
0.32 0.352768 0.346485 8.74704e-16
0.33 0.365937 0.360708 8.74704e-16
0.34 0.379304 0.37513 8.74704e-16
0.35 0.392875 0.389741 8.74704e-16
0.36 0.406656 0.404533 8.74704e-16
0.37 0.420653 0.4195 8.74704e-16
0.38 0.434872 0.434636 8.74704e-16
0.39 0.449319 0.449937 8.74704e-16
0.4 0.464 0.465401 8.74704e-16
0.41 0.478921 0.481026 8.74704e-16
0.42 0.494088 0.496812 8.74704e-16
0.43 0.509507 0.512761 8.74704e-16
0.44 0.525184 0.528876 8.74704e-16
0.45 0.541125 0.545161 8.74704e-16
0.46 0.557336 0.561621 8.74704e-16
0.47 0.573823 0.578265 8.74704e-16
0.48 0.590592 0.595099 8.74704e-16
0.49 0.607649 0.612134 8.74704e-16
0.5 0.625 0.62938 8.74704e-16
0.51 0.642651 0.646849 8.74704e-16
0.52 0.660608 0.664554 8.74704e-16
0.53 0.678877 0.682507 8.74704e-16
0.54 0.697464 0.700724 8.74704e-16
0.55 0.716375 0.71922 8.74704e-16
0.56 0.735616 0.738009 8.74704e-16
0.57 0.755193 0.757108 8.74704e-16
0.58 0.775112 0.776533 8.74704e-16
0.59 0.795379 0.796299 8.74704e-16
0.6 0.816 0.816424 8.74704e-16
0.61 0.836981 0.836922 8.74704e-16
0.62 0.858328 0.85781 8.74704e-16
0.63 0.880047 0.879103 8.74704e-16
0.64 0.902144 0.900814 8.74704e-16
0.65 0.924625 0.922958 8.74704e-16
0.66 0.947496 0.945547 8.74704e-16
0.67 0.970763 0.968591 8.74704e-16
0.68 0.994432 0.992103 8.74704e-16
0.69 1.01851 1.01609 8.74704e-16
0.7 1.043 1.04056 8.74704e-16
0.71 1.06791 1.06552 8.74704e-16
0.72 1.09325 1.09097 8.74704e-16
0.73 1.11902 1.11691 8.74704e-16
0.74 1.14522 1.14335 8.74704e-16
0.75 1.17188 1.17029 8.74704e-16
0.76 1.19898 1.19772 8.74704e-16
0.77 1.22653 1.22563 8.74704e-16
0.78 1.25455 1.25403 8.74704e-16
0.79 1.28304 1.28291 8.74704e-16
0.8 1.312 1.31225 8.74704e-16
0.81 1.34144 1.34206 8.74704e-16
0.82 1.37137 1.37232 8.74704e-16
0.83 1.40179 1.40303 8.74704e-16
0.84 1.4327 1.43417 8.74704e-16
0.85 1.46413 1.46574 8.74704e-16
0.86 1.49606 1.49773 8.74704e-16
0.87 1.5285 1.53016 8.74704e-16
0.88 1.56147 1.563 8.74704e-16
0.89 1.59497 1.59628 8.74704e-16
0.9 1.629 1.63 8.74704e-16
0.91 1.66357 1.66419 8.74704e-16
0.92 1.69869 1.69887 8.74704e-16
0.93 1.73436 1.73407 8.74704e-16
0.94 1.77058 1.76985 8.74704e-16
0.95 1.80738 1.80627 8.74704e-16
0.96 1.84474 1.8434 8.74704e-16
0.97 1.88267 1.88134 8.74704e-16
0.98 1.92119 1.92021 8.74704e-16
0.99 1.9603 1.96013 8.74704e-16
