-1 2 1.97626 8.99692e-16
-0.99 1.9603 1.94041 8.99692e-16
-0.98 1.92119 1.90493 8.99692e-16
-0.97 1.88267 1.8698 8.99692e-16
-0.96 1.84474 1.83503 8.99692e-16
-0.95 1.80737 1.80063 8.99692e-16
-0.94 1.77058 1.76658 8.99692e-16
-0.93 1.73436 1.7329 8.99692e-16
-0.92 1.69869 1.69957 8.99692e-16
-0.91 1.66357 1.66661 8.99692e-16
-0.9 1.629 1.63401 8.99692e-16
-0.89 1.59497 1.60176 8.99692e-16
-0.88 1.56147 1.56988 8.99692e-16
-0.87 1.5285 1.53836 8.99692e-16
-0.86 1.49606 1.50719 8.99692e-16
-0.85 1.46412 1.47639 8.99692e-16
-0.84 1.4327 1.44595 8.99692e-16
-0.83 1.40179 1.41586 8.99692e-16
-0.82 1.37137 1.38614 8.99692e-16
-0.81 1.34144 1.35678 8.99692e-16
-0.8 1.312 1.32778 8.99692e-16
-0.79 1.28304 1.29914 8.99692e-16
-0.78 1.25455 1.27086 8.99692e-16
-0.77 1.22653 1.24294 8.99692e-16
-0.76 1.19898 1.21538 8.99692e-16
-0.75 1.17187 1.18818 8.99692e-16
-0.74 1.14522 1.16134 8.99692e-16
-0.73 1.11902 1.13486 8.99692e-16
-0.72 1.09325 1.10874 8.99692e-16
-0.71 1.06791 1.08298 8.99692e-16
-0.7 1.043 1.05758 8.99692e-16
-0.69 1.01851 1.03254 8.99692e-16
-0.68 0.994432 1.00786 8.99692e-16
-0.67 0.970763 0.983545 8.99692e-16
-0.66 0.947496 0.959587 8.99692e-16
-0.65 0.924625 0.93599 8.99692e-16
-0.64 0.902144 0.912753 8.99692e-16
-0.63 0.880047 0.889876 8.99692e-16
-0.62 0.858328 0.867359 8.99692e-16
-0.61 0.836981 0.845203 8.99692e-16
-0.6 0.816 0.823407 8.99692e-16
-0.59 0.795379 0.801971 8.99692e-16
-0.58 0.775112 0.780895 8.99692e-16
-0.57 0.755193 0.76018 8.99692e-16
-0.56 0.735616 0.739825 8.99692e-16
-0.55 0.716375 0.71983 8.99692e-16
-0.54 0.697464 0.700196 8.99692e-16
-0.53 0.678877 0.680921 8.99692e-16
-0.52 0.660608 0.662007 8.99692e-16
-0.51 0.642651 0.643454 8.99692e-16
-0.5 0.625 0.62526 8.99692e-16
-0.49 0.607649 0.607427 8.99692e-16
-0.48 0.590592 0.589954 8.99692e-16
-0.47 0.573823 0.572841 8.99692e-16
-0.46 0.557336 0.556089 8.99692e-16
-0.45 0.541125 0.539697 8.99692e-16
-0.44 0.525184 0.523665 8.99692e-16
-0.43 0.509507 0.507993 8.99692e-16
-0.42 0.494088 0.492682 8.99692e-16
-0.41 0.478921 0.477731 8.99692e-16
-0.4 0.464 0.46314 8.99692e-16
-0.39 0.449319 0.44891 8.99692e-16
-0.38 0.434872 0.43504 8.99692e-16
-0.37 0.420653 0.42153 8.99692e-16
-0.36 0.406656 0.40838 8.99692e-16
-0.35 0.392875 0.39559 8.99692e-16
-0.34 0.379304 0.383161 8.99692e-16
-0.33 0.365937 0.371092 8.99692e-16
-0.32 0.352768 0.359384 8.99692e-16
-0.31 0.339791 0.348035 8.99692e-16
-0.3 0.327 0.337047 8.99692e-16
-0.29 0.314389 0.326419 8.99692e-16
-0.28 0.301952 0.316152 8.99692e-16
-0.27 0.289683 0.306244 8.99692e-16
-0.26 0.277576 0.296697 8.99692e-16
-0.25 0.265625 0.28751 8.99692e-16
-0.24 0.253824 0.278684 8.99692e-16
-0.23 0.242167 0.270218 8.99692e-16
-0.22 0.230648 0.262112 8.99692e-16
-0.21 0.219261 0.254366 8.99692e-16
-0.2 0.208 0.24698 8.99692e-16
-0.19 0.196859 0.239955 8.99692e-16
-0.18 0.185832 0.23329 8.99692e-16
-0.17 0.174913 0.226986 8.99692e-16
-0.16 0.164096 0.221041 8.99692e-16
-0.15 0.153375 0.215457 8.99692e-16
-0.14 0.142744 0.210233 8.99692e-16
-0.13 0.132197 0.20537 8.99692e-16
-0.12 0.121728 0.200866 8.99692e-16
-0.11 0.111331 0.196723 8.99692e-16
-0.1 0.101 0.192941 8.99692e-16
-0.09 0.090729 0.189518 8.99692e-16
-0.08 0.080512 0.186456 8.99692e-16
-0.07 0.070343 0.183754 8.99692e-16
-0.06 0.060216 0.181412 8.99692e-16
-0.05 0.050125 0.179431 8.99692e-16
-0.04 0.040064 0.177809 8.99692e-16
-0.03 0.030027 0.176548 8.99692e-16
-0.02 0.020008 0.175648 8.99692e-16
-0.01 0.010001 0.175107 8.99692e-16
7.5287e-16 7.5287e-16 0.174927 8.99692e-16
0.01 0.010001 0.175107 8.99692e-16
0.02 0.020008 0.175648 8.99692e-16
0.03 0.030027 0.176548 8.99692e-16
0.04 0.040064 0.177809 8.99692e-16
0.05 0.050125 0.179431 8.99692e-16
0.06 0.060216 0.181412 8.99692e-16
0.07 0.070343 0.183754 8.99692e-16
0.08 0.080512 0.186456 8.99692e-16
0.09 0.090729 0.189518 8.99692e-16
0.1 0.101 0.192941 8.99692e-16
0.11 0.111331 0.196723 8.99692e-16
0.12 0.121728 0.200866 8.99692e-16
0.13 0.132197 0.20537 8.99692e-16
0.14 0.142744 0.210233 8.99692e-16
0.15 0.153375 0.215457 8.99692e-16
0.16 0.164096 0.221041 8.99692e-16
0.17 0.174913 0.226986 8.99692e-16
0.18 0.185832 0.23329 8.99692e-16
0.19 0.196859 0.239955 8.99692e-16
0.2 0.208 0.24698 8.99692e-16
0.21 0.219261 0.254366 8.99692e-16
0.22 0.230648 0.262112 8.99692e-16
0.23 0.242167 0.270218 8.99692e-16
0.24 0.253824 0.278684 8.99692e-16
0.25 0.265625 0.28751 8.99692e-16
0.26 0.277576 0.296697 8.99692e-16
0.27 0.289683 0.306244 8.99692e-16
0.28 0.301952 0.316152 8.99692e-16
0.29 0.314389 0.326419 8.99692e-16
0.3 0.327 0.337047 8.99692e-16
0.31 0.339791 0.348035 8.99692e-16
0.32 0.352768 0.359384 8.99692e-16
0.33 0.365937 0.371092 8.99692e-16
0.34 0.379304 0.383161 8.99692e-16
0.35 0.392875 0.39559 8.99692e-16
0.36 0.406656 0.40838 8.99692e-16
0.37 0.420653 0.42153 8.99692e-16
0.38 0.434872 0.43504 8.99692e-16
0.39 0.449319 0.44891 8.99692e-16
0.4 0.464 0.46314 8.99692e-16
0.41 0.478921 0.477731 8.99692e-16
0.42 0.494088 0.492682 8.99692e-16
0.43 0.509507 0.507993 8.99692e-16
0.44 0.525184 0.523665 8.99692e-16
0.45 0.541125 0.539697 8.99692e-16
0.46 0.557336 0.556089 8.99692e-16
0.47 0.573823 0.572841 8.99692e-16
0.48 0.590592 0.589954 8.99692e-16
0.49 0.607649 0.607427 8.99692e-16
0.5 0.625 0.62526 8.99692e-16
0.51 0.642651 0.643454 8.99692e-16
0.52 0.660608 0.662007 8.99692e-16
0.53 0.678877 0.680921 8.99692e-16
0.54 0.697464 0.700196 8.99692e-16
0.55 0.716375 0.71983 8.99692e-16
0.56 0.735616 0.739825 8.99692e-16
0.57 0.755193 0.76018 8.99692e-16
0.58 0.775112 0.780895 8.99692e-16
0.59 0.795379 0.801971 8.99692e-16
0.6 0.816 0.823407 8.99692e-16
0.61 0.836981 0.845203 8.99692e-16
0.62 0.858328 0.867359 8.99692e-16
0.63 0.880047 0.889876 8.99692e-16
0.64 0.902144 0.912753 8.99692e-16
0.65 0.924625 0.93599 8.99692e-16
0.66 0.947496 0.959587 8.99692e-16
0.67 0.970763 0.983545 8.99692e-16
0.68 0.994432 1.00786 8.99692e-16
0.69 1.01851 1.03254 8.99692e-16
0.7 1.043 1.05758 8.99692e-16
0.71 1.06791 1.08298 8.99692e-16
0.72 1.09325 1.10874 8.99692e-16
0.73 1.11902 1.13486 8.99692e-16
0.74 1.14522 1.16134 8.99692e-16
0.75 1.17188 1.18818 8.99692e-16
0.76 1.19898 1.21538 8.99692e-16
0.77 1.22653 1.24294 8.99692e-16
0.78 1.25455 1.27086 8.99692e-16
0.79 1.28304 1.29914 8.99692e-16
0.8 1.312 1.32778 8.99692e-16
0.81 1.34144 1.35678 8.99692e-16
0.82 1.37137 1.38614 8.99692e-16
0.83 1.40179 1.41586 8.99692e-16
0.84 1.4327 1.44595 8.99692e-16
0.85 1.46413 1.47639 8.99692e-16
0.86 1.49606 1.50719 8.99692e-16
0.87 1.5285 1.53836 8.99692e-16
0.88 1.56147 1.56988 8.99692e-16
0.89 1.59497 1.60176 8.99692e-16
0.9 1.629 1.63401 8.99692e-16
0.91 1.66357 1.66661 8.99692e-16
0.92 1.69869 1.69957 8.99692e-16
0.93 1.73436 1.7329 8.99692e-16
0.94 1.77058 1.76658 8.99692e-16
0.95 1.80738 1.80063 8.99692e-16
0.96 1.84474 1.83503 8.99692e-16
0.97 1.88267 1.8698 8.99692e-16
0.98 1.92119 1.90493 8.99692e-16
0.99 1.9603 1.94041 8.99692e-16
