-1 2 1.99991 9.39215e-16
-0.99 1.9603 1.96034 9.39215e-16
-0.98 1.92119 1.9211 9.39215e-16
-0.97 1.88267 1.88263 9.39215e-16
-0.96 1.84474 1.8448 9.39215e-16
-0.95 1.80737 1.80747 9.39215e-16
-0.94 1.77058 1.77064 9.39215e-16
-0.93 1.73436 1.73433 9.39215e-16
-0.92 1.69869 1.69859 9.39215e-16
-0.91 1.66357 1.66347 9.39215e-16
-0.9 1.629 1.62894 9.39215e-16
-0.89 1.59497 1.59498 9.39215e-16
-0.88 1.56147 1.56155 9.39215e-16
-0.87 1.5285 1.52862 9.39215e-16
-0.86 1.49606 1.49617 9.39215e-16
-0.85 1.46412 1.4642 9.39215e-16
-0.84 1.4327 1.43271 9.39215e-16
-0.83 1.40179 1.40173 9.39215e-16
-0.82 1.37137 1.37126 9.39215e-16
-0.81 1.34144 1.34131 9.39215e-16
-0.8 1.312 1.31187 9.39215e-16
-0.79 1.28304 1.28296 9.39215e-16
-0.78 1.25455 1.25453 9.39215e-16
-0.77 1.22653 1.22658 9.39215e-16
-0.76 1.19898 1.19909 9.39215e-16
-0.75 1.17187 1.17203 9.39215e-16
-0.74 1.14522 1.14538 9.39215e-16
-0.73 1.11902 1.11916 9.39215e-16
-0.72 1.09325 1.09334 9.39215e-16
-0.71 1.06791 1.06793 9.39215e-16
-0.7 1.043 1.04295 9.39215e-16
-0.69 1.01851 1.01839 9.39215e-16
-0.68 0.994432 0.994259 9.39215e-16
-0.67 0.970763 0.970566 9.39215e-16
-0.66 0.947496 0.947306 9.39215e-16
-0.65 0.924625 0.924474 9.39215e-16
-0.64 0.902144 0.902057 9.39215e-16
-0.63 0.880047 0.880041 9.39215e-16
-0.62 0.858328 0.858408 9.39215e-16
-0.61 0.836981 0.83714 9.39215e-16
-0.6 0.816 0.816219 9.39215e-16
-0.59 0.795379 0.79563 9.39215e-16
-0.58 0.775112 0.775362 9.39215e-16
-0.57 0.755193 0.755407 9.39215e-16
-0.56 0.735616 0.735763 9.39215e-16
-0.55 0.716375 0.71643 9.39215e-16
-0.54 0.697464 0.697415 9.39215e-16
-0.53 0.678877 0.678723 9.39215e-16
-0.52 0.660608 0.660361 9.39215e-16
-0.51 0.642651 0.642337 9.39215e-16
-0.5 0.625 0.624653 9.39215e-16
-0.49 0.607649 0.60731 9.39215e-16
-0.48 0.590592 0.590303 9.39215e-16
-0.47 0.573823 0.573622 9.39215e-16
-0.46 0.557336 0.557254 9.39215e-16
-0.45 0.541125 0.541182 9.39215e-16
-0.44 0.525184 0.525384 9.39215e-16
-0.43 0.509507 0.509839 9.39215e-16
-0.42 0.494088 0.494525 9.39215e-16
-0.41 0.478921 0.479423 9.39215e-16
-0.4 0.464 0.464515 9.39215e-16
-0.39 0.449319 0.449792 9.39215e-16
-0.38 0.434872 0.435246 9.39215e-16
-0.37 0.420653 0.420876 9.39215e-16
-0.36 0.406656 0.40669 9.39215e-16
-0.35 0.392875 0.392696 9.39215e-16
-0.34 0.379304 0.378908 9.39215e-16
-0.33 0.365937 0.365344 9.39215e-16
-0.32 0.352768 0.352019 9.39215e-16
-0.31 0.339791 0.338948 9.39215e-16
-0.3 0.327 0.326141 9.39215e-16
-0.29 0.314389 0.313603 9.39215e-16
-0.28 0.301952 0.301332 9.39215e-16
-0.27 0.289683 0.289315 9.39215e-16
-0.26 0.277576 0.277534 9.39215e-16
-0.25 0.265625 0.265958 9.39215e-16
-0.24 0.253824 0.254553 9.39215e-16
-0.23 0.242167 0.243275 9.39215e-16
-0.22 0.230648 0.232078 9.39215e-16
-0.21 0.219261 0.220916 9.39215e-16
-0.2 0.208 0.209746 9.39215e-16
-0.19 0.196859 0.198528 9.39215e-16
-0.18 0.185832 0.187234 9.39215e-16
-0.17 0.174913 0.175849 9.39215e-16
-0.16 0.164096 0.164373 9.39215e-16
-0.15 0.153375 0.152825 9.39215e-16
-0.14 0.142744 0.141244 9.39215e-16
-0.13 0.132197 0.129687 9.39215e-16
-0.12 0.121728 0.118234 9.39215e-16
-0.11 0.111331 0.106984 9.39215e-16
-0.1 0.101 0.0960502 9.39215e-16
-0.09 0.090729 0.0855625 9.39215e-16
-0.08 0.080512 0.0756583 9.39215e-16
-0.07 0.070343 0.0664806 9.39215e-16
-0.06 0.060216 0.0581722 9.39215e-16
-0.05 0.050125 0.0508708 9.39215e-16
-0.04 0.040064 0.0447032 9.39215e-16
-0.03 0.030027 0.0397812 9.39215e-16
-0.02 0.020008 0.0361966 9.39215e-16
-0.01 0.010001 0.0340177 9.39215e-16
7.5287e-16 7.5287e-16 0.0332866 9.39215e-16
0.01 0.010001 0.0340177 9.39215e-16
0.02 0.020008 0.0361966 9.39215e-16
0.03 0.030027 0.0397812 9.39215e-16
0.04 0.040064 0.0447032 9.39215e-16
0.05 0.050125 0.0508708 9.39215e-16
0.06 0.060216 0.0581722 9.39215e-16
0.07 0.070343 0.0664806 9.39215e-16
0.08 0.080512 0.0756583 9.39215e-16
0.09 0.090729 0.0855625 9.39215e-16
0.1 0.101 0.0960502 9.39215e-16
0.11 0.111331 0.106984 9.39215e-16
0.12 0.121728 0.118234 9.39215e-16
0.13 0.132197 0.129687 9.39215e-16
0.14 0.142744 0.141244 9.39215e-16
0.15 0.153375 0.152825 9.39215e-16
0.16 0.164096 0.164373 9.39215e-16
0.17 0.174913 0.175849 9.39215e-16
0.18 0.185832 0.187234 9.39215e-16
0.19 0.196859 0.198528 9.39215e-16
0.2 0.208 0.209746 9.39215e-16
0.21 0.219261 0.220916 9.39215e-16
0.22 0.230648 0.232078 9.39215e-16
0.23 0.242167 0.243275 9.39215e-16
0.24 0.253824 0.254553 9.39215e-16
0.25 0.265625 0.265958 9.39215e-16
0.26 0.277576 0.277534 9.39215e-16
0.27 0.289683 0.289315 9.39215e-16
0.28 0.301952 0.301332 9.39215e-16
0.29 0.314389 0.313603 9.39215e-16
0.3 0.327 0.326141 9.39215e-16
0.31 0.339791 0.338948 9.39215e-16
0.32 0.352768 0.352019 9.39215e-16
0.33 0.365937 0.365344 9.39215e-16
0.34 0.379304 0.378908 9.39215e-16
0.35 0.392875 0.392696 9.39215e-16
0.36 0.406656 0.40669 9.39215e-16
0.37 0.420653 0.420876 9.39215e-16
0.38 0.434872 0.435246 9.39215e-16
0.39 0.449319 0.449792 9.39215e-16
0.4 0.464 0.464515 9.39215e-16
0.41 0.478921 0.479423 9.39215e-16
0.42 0.494088 0.494525 9.39215e-16
0.43 0.509507 0.509839 9.39215e-16
0.44 0.525184 0.525384 9.39215e-16
0.45 0.541125 0.541182 9.39215e-16
0.46 0.557336 0.557254 9.39215e-16
0.47 0.573823 0.573622 9.39215e-16
0.48 0.590592 0.590303 9.39215e-16
0.49 0.607649 0.60731 9.39215e-16
0.5 0.625 0.624653 9.39215e-16
0.51 0.642651 0.642337 9.39215e-16
0.52 0.660608 0.660361 9.39215e-16
0.53 0.678877 0.678723 9.39215e-16
0.54 0.697464 0.697415 9.39215e-16
0.55 0.716375 0.71643 9.39215e-16
0.56 0.735616 0.735763 9.39215e-16
0.57 0.755193 0.755407 9.39215e-16
0.58 0.775112 0.775362 9.39215e-16
0.59 0.795379 0.79563 9.39215e-16
0.6 0.816 0.816219 9.39215e-16
0.61 0.836981 0.83714 9.39215e-16
0.62 0.858328 0.858408 9.39215e-16
0.63 0.880047 0.880041 9.39215e-16
0.64 0.902144 0.902057 9.39215e-16
0.65 0.924625 0.924474 9.39215e-16
0.66 0.947496 0.947306 9.39215e-16
0.67 0.970763 0.970566 9.39215e-16
0.68 0.994432 0.994259 9.39215e-16
0.69 1.01851 1.01839 9.39215e-16
0.7 1.043 1.04295 9.39215e-16
0.71 1.06791 1.06793 9.39215e-16
0.72 1.09325 1.09334 9.39215e-16
0.73 1.11902 1.11916 9.39215e-16
0.74 1.14522 1.14538 9.39215e-16
0.75 1.17188 1.17203 9.39215e-16
0.76 1.19898 1.19909 9.39215e-16
0.77 1.22653 1.22658 9.39215e-16
0.78 1.25455 1.25453 9.39215e-16
0.79 1.28304 1.28296 9.39215e-16
0.8 1.312 1.31187 9.39215e-16
0.81 1.34144 1.34131 9.39215e-16
0.82 1.37137 1.37126 9.39215e-16
0.83 1.40179 1.40173 9.39215e-16
0.84 1.4327 1.43271 9.39215e-16
0.85 1.46413 1.4642 9.39215e-16
0.86 1.49606 1.49617 9.39215e-16
0.87 1.5285 1.52862 9.39215e-16
0.88 1.56147 1.56155 9.39215e-16
0.89 1.59497 1.59498 9.39215e-16
0.9 1.629 1.62894 9.39215e-16
0.91 1.66357 1.66347 9.39215e-16
0.92 1.69869 1.69859 9.39215e-16
0.93 1.73436 1.73433 9.39215e-16
0.94 1.77058 1.77064 9.39215e-16
0.95 1.80738 1.80747 9.39215e-16
0.96 1.84474 1.8448 9.39215e-16
0.97 1.88267 1.88263 9.39215e-16
0.98 1.92119 1.9211 9.39215e-16
0.99 1.9603 1.96034 9.39215e-16
