-1 2 1.99998 3.65894e-15
-0.99 1.9603 1.96028 3.65894e-15
-0.98 1.92119 1.92121 3.65894e-15
-0.97 1.88267 1.88265 3.65894e-15
-0.96 1.84474 1.84474 3.65894e-15
-0.95 1.80737 1.8074 3.65894e-15
-0.94 1.77058 1.77058 3.65894e-15
-0.93 1.73436 1.73433 3.65894e-15
-0.92 1.69869 1.69868 3.65894e-15
-0.91 1.66357 1.66359 3.65894e-15
-0.9 1.629 1.62902 3.65894e-15
-0.89 1.59497 1.59497 3.65894e-15
-0.88 1.56147 1.56145 3.65894e-15
-0.87 1.5285 1.52848 3.65894e-15
-0.86 1.49606 1.49606 3.65894e-15
-0.85 1.46412 1.46415 3.65894e-15
-0.84 1.4327 1.43273 3.65894e-15
-0.83 1.40179 1.40179 3.65894e-15
-0.82 1.37137 1.37135 3.65894e-15
-0.81 1.34144 1.34141 3.65894e-15
-0.8 1.312 1.31198 3.65894e-15
-0.79 1.28304 1.28304 3.65894e-15
-0.78 1.25455 1.25458 3.65894e-15
-0.77 1.22653 1.22657 3.65894e-15
-0.76 1.19898 1.199 3.65894e-15
-0.75 1.17187 1.17187 3.65894e-15
-0.74 1.14522 1.1452 3.65894e-15
-0.73 1.11902 1.11898 3.65894e-15
-0.72 1.09325 1.09322 3.65894e-15
-0.71 1.06791 1.0679 3.65894e-15
-0.7 1.043 1.04302 3.65894e-15
-0.69 1.01851 1.01855 3.65894e-15
-0.68 0.994432 0.994472 3.65894e-15
-0.67 0.970763 0.970787 3.65894e-15
-0.66 0.947496 0.947492 3.65894e-15
-0.65 0.924625 0.924594 3.65894e-15
-0.64 0.902144 0.902097 3.65894e-15
-0.63 0.880047 0.880003 3.65894e-15
-0.62 0.858328 0.858306 3.65894e-15
-0.61 0.836981 0.836991 3.65894e-15
-0.6 0.816 0.816039 3.65894e-15
-0.59 0.795379 0.795434 3.65894e-15
-0.58 0.775112 0.775163 3.65894e-15
-0.57 0.755193 0.755221 3.65894e-15
-0.56 0.735616 0.735608 3.65894e-15
-0.55 0.716375 0.716332 3.65894e-15
-0.54 0.697464 0.697399 3.65894e-15
-0.53 0.678877 0.678812 3.65894e-15
-0.52 0.660608 0.660565 3.65894e-15
-0.51 0.642651 0.642647 3.65894e-15
-0.5 0.625 0.625039 3.65894e-15
-0.49 0.607649 0.607721 3.65894e-15
-0.48 0.590592 0.590675 3.65894e-15
-0.47 0.573823 0.573892 3.65894e-15
-0.46 0.557336 0.557366 3.65894e-15
-0.45 0.541125 0.541104 3.65894e-15
-0.44 0.525184 0.525114 3.65894e-15
-0.43 0.509507 0.509406 3.65894e-15
-0.42 0.494088 0.493985 3.65894e-15
-0.41 0.478921 0.478847 3.65894e-15
-0.4 0.464 0.463981 3.65894e-15
-0.39 0.449319 0.449367 3.65894e-15
-0.38 0.434872 0.434978 3.65894e-15
-0.37 0.420653 0.420792 3.65894e-15
-0.36 0.406656 0.406789 3.65894e-15
-0.35 0.392875 0.392963 3.65894e-15
-0.34 0.379304 0.379315 3.65894e-15
-0.33 0.365937 0.365859 3.65894e-15
-0.32 0.352768 0.352614 3.65894e-15
-0.31 0.339791 0.339596 3.65894e-15
-0.3 0.327 0.326815 3.65894e-15
-0.29 0.314389 0.314268 3.65894e-15
-0.28 0.301952 0.30194 3.65894e-15
-0.27 0.289683 0.289798 3.65894e-15
-0.26 0.277576 0.277804 3.65894e-15
-0.25 0.265625 0.265919 3.65894e-15
-0.24 0.253824 0.25411 3.65894e-15
-0.23 0.242167 0.242363 3.65894e-15
-0.22 0.230648 0.230683 3.65894e-15
-0.21 0.219261 0.219096 3.65894e-15
-0.2 0.208 0.207644 3.65894e-15
-0.19 0.196859 0.196375 3.65894e-15
-0.18 0.185832 0.185332 3.65894e-15
-0.17 0.174913 0.174535 3.65894e-15
-0.16 0.164096 0.163977 3.65894e-15
-0.15 0.153375 0.153612 3.65894e-15
-0.14 0.142744 0.143361 3.65894e-15
-0.13 0.132197 0.133118 3.65894e-15
-0.12 0.121728 0.12277 3.65894e-15
-0.11 0.111331 0.112223 3.65894e-15
-0.1 0.101 0.101422 3.65894e-15
-0.09 0.090729 0.0903803 3.65894e-15
-0.08 0.080512 0.0791943 3.65894e-15
-0.07 0.070343 0.0680547 3.65894e-15
-0.06 0.060216 0.0572415 3.65894e-15
-0.05 0.050125 0.0471077 3.65894e-15
-0.04 0.040064 0.0380512 3.65894e-15
-0.03 0.030027 0.0304778 3.65894e-15
-0.02 0.020008 0.0247604 3.65894e-15
-0.01 0.010001 0.0211995 3.65894e-15
7.5287e-16 7.5287e-16 0.0199901 3.65894e-15
0.01 0.010001 0.0211995 3.65894e-15
0.02 0.020008 0.0247604 3.65894e-15
0.03 0.030027 0.0304778 3.65894e-15
0.04 0.040064 0.0380512 3.65894e-15
0.05 0.050125 0.0471077 3.65894e-15
0.06 0.060216 0.0572415 3.65894e-15
0.07 0.070343 0.0680547 3.65894e-15
0.08 0.080512 0.0791943 3.65894e-15
0.09 0.090729 0.0903803 3.65894e-15
0.1 0.101 0.101422 3.65894e-15
0.11 0.111331 0.112223 3.65894e-15
0.12 0.121728 0.12277 3.65894e-15
0.13 0.132197 0.133118 3.65894e-15
0.14 0.142744 0.143361 3.65894e-15
0.15 0.153375 0.153612 3.65894e-15
0.16 0.164096 0.163977 3.65894e-15
0.17 0.174913 0.174535 3.65894e-15
0.18 0.185832 0.185332 3.65894e-15
0.19 0.196859 0.196375 3.65894e-15
0.2 0.208 0.207644 3.65894e-15
0.21 0.219261 0.219096 3.65894e-15
0.22 0.230648 0.230683 3.65894e-15
0.23 0.242167 0.242363 3.65894e-15
0.24 0.253824 0.25411 3.65894e-15
0.25 0.265625 0.265919 3.65894e-15
0.26 0.277576 0.277804 3.65894e-15
0.27 0.289683 0.289798 3.65894e-15
0.28 0.301952 0.30194 3.65894e-15
0.29 0.314389 0.314268 3.65894e-15
0.3 0.327 0.326815 3.65894e-15
0.31 0.339791 0.339596 3.65894e-15
0.32 0.352768 0.352614 3.65894e-15
0.33 0.365937 0.365859 3.65894e-15
0.34 0.379304 0.379315 3.65894e-15
0.35 0.392875 0.392963 3.65894e-15
0.36 0.406656 0.406789 3.65894e-15
0.37 0.420653 0.420792 3.65894e-15
0.38 0.434872 0.434978 3.65894e-15
0.39 0.449319 0.449367 3.65894e-15
0.4 0.464 0.463981 3.65894e-15
0.41 0.478921 0.478847 3.65894e-15
0.42 0.494088 0.493985 3.65894e-15
0.43 0.509507 0.509406 3.65894e-15
0.44 0.525184 0.525114 3.65894e-15
0.45 0.541125 0.541104 3.65894e-15
0.46 0.557336 0.557366 3.65894e-15
0.47 0.573823 0.573892 3.65894e-15
0.48 0.590592 0.590675 3.65894e-15
0.49 0.607649 0.607721 3.65894e-15
0.5 0.625 0.625039 3.65894e-15
0.51 0.642651 0.642647 3.65894e-15
0.52 0.660608 0.660565 3.65894e-15
0.53 0.678877 0.678812 3.65894e-15
0.54 0.697464 0.697399 3.65894e-15
0.55 0.716375 0.716332 3.65894e-15
0.56 0.735616 0.735608 3.65894e-15
0.57 0.755193 0.755221 3.65894e-15
0.58 0.775112 0.775163 3.65894e-15
0.59 0.795379 0.795434 3.65894e-15
0.6 0.816 0.816039 3.65894e-15
0.61 0.836981 0.836991 3.65894e-15
0.62 0.858328 0.858306 3.65894e-15
0.63 0.880047 0.880003 3.65894e-15
0.64 0.902144 0.902097 3.65894e-15
0.65 0.924625 0.924594 3.65894e-15
0.66 0.947496 0.947492 3.65894e-15
0.67 0.970763 0.970787 3.65894e-15
0.68 0.994432 0.994472 3.65894e-15
0.69 1.01851 1.01855 3.65894e-15
0.7 1.043 1.04302 3.65894e-15
0.71 1.06791 1.0679 3.65894e-15
0.72 1.09325 1.09322 3.65894e-15
0.73 1.11902 1.11898 3.65894e-15
0.74 1.14522 1.1452 3.65894e-15
0.75 1.17188 1.17187 3.65894e-15
0.76 1.19898 1.199 3.65894e-15
0.77 1.22653 1.22657 3.65894e-15
0.78 1.25455 1.25458 3.65894e-15
0.79 1.28304 1.28304 3.65894e-15
0.8 1.312 1.31198 3.65894e-15
0.81 1.34144 1.34141 3.65894e-15
0.82 1.37137 1.37135 3.65894e-15
0.83 1.40179 1.40179 3.65894e-15
0.84 1.4327 1.43273 3.65894e-15
0.85 1.46413 1.46415 3.65894e-15
0.86 1.49606 1.49606 3.65894e-15
0.87 1.5285 1.52848 3.65894e-15
0.88 1.56147 1.56145 3.65894e-15
0.89 1.59497 1.59497 3.65894e-15
0.9 1.629 1.62902 3.65894e-15
0.91 1.66357 1.66359 3.65894e-15
0.92 1.69869 1.69868 3.65894e-15
0.93 1.73436 1.73433 3.65894e-15
0.94 1.77058 1.77058 3.65894e-15
0.95 1.80738 1.8074 3.65894e-15
0.96 1.84474 1.84474 3.65894e-15
0.97 1.88267 1.88265 3.65894e-15
0.98 1.92119 1.92121 3.65894e-15
0.99 1.9603 1.96028 3.65894e-15
