-1 2 1.9979 1.73025e-15
-0.99 1.9603 1.95997 1.73025e-15
-0.98 1.92119 1.92211 1.73025e-15
-0.97 1.88267 1.88439 1.73025e-15
-0.96 1.84474 1.8469 1.73025e-15
-0.95 1.80737 1.80968 1.73025e-15
-0.94 1.77058 1.7728 1.73025e-15
-0.93 1.73436 1.73631 1.73025e-15
-0.92 1.69869 1.70024 1.73025e-15
-0.91 1.66357 1.66463 1.73025e-15
-0.9 1.629 1.62951 1.73025e-15
-0.89 1.59497 1.59491 1.73025e-15
-0.88 1.56147 1.56085 1.73025e-15
-0.87 1.5285 1.52734 1.73025e-15
-0.86 1.49606 1.4944 1.73025e-15
-0.85 1.46412 1.46203 1.73025e-15
-0.84 1.4327 1.43025 1.73025e-15
-0.83 1.40179 1.39904 1.73025e-15
-0.82 1.37137 1.36842 1.73025e-15
-0.81 1.34144 1.33837 1.73025e-15
-0.8 1.312 1.3089 1.73025e-15
-0.79 1.28304 1.27999 1.73025e-15
-0.78 1.25455 1.25164 1.73025e-15
-0.77 1.22653 1.22383 1.73025e-15
-0.76 1.19898 1.19656 1.73025e-15
-0.75 1.17187 1.16981 1.73025e-15
-0.74 1.14522 1.14357 1.73025e-15
-0.73 1.11902 1.11782 1.73025e-15
-0.72 1.09325 1.09256 1.73025e-15
-0.71 1.06791 1.06775 1.73025e-15
-0.7 1.043 1.0434 1.73025e-15
-0.69 1.01851 1.01947 1.73025e-15
-0.68 0.994432 0.995964 1.73025e-15
-0.67 0.970763 0.972856 1.73025e-15
-0.66 0.947496 0.950135 1.73025e-15
-0.65 0.924625 0.927783 1.73025e-15
-0.64 0.902144 0.905788 1.73025e-15
-0.63 0.880047 0.884133 1.73025e-15
-0.62 0.858328 0.862807 1.73025e-15
-0.61 0.836981 0.841795 1.73025e-15
-0.6 0.816 0.821086 1.73025e-15
-0.59 0.795379 0.800667 1.73025e-15
-0.58 0.775112 0.780528 1.73025e-15
-0.57 0.755193 0.760659 1.73025e-15
-0.56 0.735616 0.74105 1.73025e-15
-0.55 0.716375 0.721693 1.73025e-15
-0.54 0.697464 0.702581 1.73025e-15
-0.53 0.678877 0.683706 1.73025e-15
-0.52 0.660608 0.665063 1.73025e-15
-0.51 0.642651 0.646648 1.73025e-15
-0.5 0.625 0.628455 1.73025e-15
-0.49 0.607649 0.610483 1.73025e-15
-0.48 0.590592 0.592728 1.73025e-15
-0.47 0.573823 0.575189 1.73025e-15
-0.46 0.557336 0.557867 1.73025e-15
-0.45 0.541125 0.540761 1.73025e-15
-0.44 0.525184 0.523873 1.73025e-15
-0.43 0.509507 0.507204 1.73025e-15
-0.42 0.494088 0.490757 1.73025e-15
-0.41 0.478921 0.474536 1.73025e-15
-0.4 0.464 0.458545 1.73025e-15
-0.39 0.449319 0.442789 1.73025e-15
-0.38 0.434872 0.427273 1.73025e-15
-0.37 0.420653 0.412003 1.73025e-15
-0.36 0.406656 0.396986 1.73025e-15
-0.35 0.392875 0.382228 1.73025e-15
-0.34 0.379304 0.367739 1.73025e-15
-0.33 0.365937 0.353525 1.73025e-15
-0.32 0.352768 0.339595 1.73025e-15
-0.31 0.339791 0.325958 1.73025e-15
-0.3 0.327 0.312623 1.73025e-15
-0.29 0.314389 0.299599 1.73025e-15
-0.28 0.301952 0.286895 1.73025e-15
-0.27 0.289683 0.274522 1.73025e-15
-0.26 0.277576 0.262489 1.73025e-15
-0.25 0.265625 0.250807 1.73025e-15
-0.24 0.253824 0.239484 1.73025e-15
-0.23 0.242167 0.228532 1.73025e-15
-0.22 0.230648 0.217959 1.73025e-15
-0.21 0.219261 0.207777 1.73025e-15
-0.2 0.208 0.197993 1.73025e-15
-0.19 0.196859 0.188619 1.73025e-15
-0.18 0.185832 0.179663 1.73025e-15
-0.17 0.174913 0.171134 1.73025e-15
-0.16 0.164096 0.163041 1.73025e-15
-0.15 0.153375 0.155393 1.73025e-15
-0.14 0.142744 0.148197 1.73025e-15
-0.13 0.132197 0.141462 1.73025e-15
-0.12 0.121728 0.135195 1.73025e-15
-0.11 0.111331 0.129403 1.73025e-15
-0.1 0.101 0.124091 1.73025e-15
-0.09 0.090729 0.119267 1.73025e-15
-0.08 0.080512 0.114936 1.73025e-15
-0.07 0.070343 0.111102 1.73025e-15
-0.06 0.060216 0.107771 1.73025e-15
-0.05 0.050125 0.104945 1.73025e-15
-0.04 0.040064 0.102628 1.73025e-15
-0.03 0.030027 0.100824 1.73025e-15
-0.02 0.020008 0.0995333 1.73025e-15
-0.01 0.010001 0.0987584 1.73025e-15
7.5287e-16 7.5287e-16 0.0985 1.73025e-15
0.01 0.010001 0.0987584 1.73025e-15
0.02 0.020008 0.0995333 1.73025e-15
0.03 0.030027 0.100824 1.73025e-15
0.04 0.040064 0.102628 1.73025e-15
0.05 0.050125 0.104945 1.73025e-15
0.06 0.060216 0.107771 1.73025e-15
0.07 0.070343 0.111102 1.73025e-15
0.08 0.080512 0.114936 1.73025e-15
0.09 0.090729 0.119267 1.73025e-15
0.1 0.101 0.124091 1.73025e-15
0.11 0.111331 0.129403 1.73025e-15
0.12 0.121728 0.135195 1.73025e-15
0.13 0.132197 0.141462 1.73025e-15
0.14 0.142744 0.148197 1.73025e-15
0.15 0.153375 0.155393 1.73025e-15
0.16 0.164096 0.163041 1.73025e-15
0.17 0.174913 0.171134 1.73025e-15
0.18 0.185832 0.179663 1.73025e-15
0.19 0.196859 0.188619 1.73025e-15
0.2 0.208 0.197993 1.73025e-15
0.21 0.219261 0.207777 1.73025e-15
0.22 0.230648 0.217959 1.73025e-15
0.23 0.242167 0.228532 1.73025e-15
0.24 0.253824 0.239484 1.73025e-15
0.25 0.265625 0.250807 1.73025e-15
0.26 0.277576 0.262489 1.73025e-15
0.27 0.289683 0.274522 1.73025e-15
0.28 0.301952 0.286895 1.73025e-15
0.29 0.314389 0.299599 1.73025e-15
0.3 0.327 0.312623 1.73025e-15
0.31 0.339791 0.325958 1.73025e-15
0.32 0.352768 0.339595 1.73025e-15
0.33 0.365937 0.353525 1.73025e-15
0.34 0.379304 0.367739 1.73025e-15
0.35 0.392875 0.382228 1.73025e-15
0.36 0.406656 0.396986 1.73025e-15
0.37 0.420653 0.412003 1.73025e-15
0.38 0.434872 0.427273 1.73025e-15
0.39 0.449319 0.442789 1.73025e-15
0.4 0.464 0.458545 1.73025e-15
0.41 0.478921 0.474536 1.73025e-15
0.42 0.494088 0.490757 1.73025e-15
0.43 0.509507 0.507204 1.73025e-15
0.44 0.525184 0.523873 1.73025e-15
0.45 0.541125 0.540761 1.73025e-15
0.46 0.557336 0.557867 1.73025e-15
0.47 0.573823 0.575189 1.73025e-15
0.48 0.590592 0.592728 1.73025e-15
0.49 0.607649 0.610483 1.73025e-15
0.5 0.625 0.628455 1.73025e-15
0.51 0.642651 0.646648 1.73025e-15
0.52 0.660608 0.665063 1.73025e-15
0.53 0.678877 0.683706 1.73025e-15
0.54 0.697464 0.702581 1.73025e-15
0.55 0.716375 0.721693 1.73025e-15
0.56 0.735616 0.74105 1.73025e-15
0.57 0.755193 0.760659 1.73025e-15
0.58 0.775112 0.780528 1.73025e-15
0.59 0.795379 0.800667 1.73025e-15
0.6 0.816 0.821086 1.73025e-15
0.61 0.836981 0.841795 1.73025e-15
0.62 0.858328 0.862807 1.73025e-15
0.63 0.880047 0.884133 1.73025e-15
0.64 0.902144 0.905788 1.73025e-15
0.65 0.924625 0.927783 1.73025e-15
0.66 0.947496 0.950135 1.73025e-15
0.67 0.970763 0.972856 1.73025e-15
0.68 0.994432 0.995964 1.73025e-15
0.69 1.01851 1.01947 1.73025e-15
0.7 1.043 1.0434 1.73025e-15
0.71 1.06791 1.06775 1.73025e-15
0.72 1.09325 1.09256 1.73025e-15
0.73 1.11902 1.11782 1.73025e-15
0.74 1.14522 1.14357 1.73025e-15
0.75 1.17188 1.16981 1.73025e-15
0.76 1.19898 1.19656 1.73025e-15
0.77 1.22653 1.22383 1.73025e-15
0.78 1.25455 1.25164 1.73025e-15
0.79 1.28304 1.27999 1.73025e-15
0.8 1.312 1.3089 1.73025e-15
0.81 1.34144 1.33837 1.73025e-15
0.82 1.37137 1.36842 1.73025e-15
0.83 1.40179 1.39904 1.73025e-15
0.84 1.4327 1.43025 1.73025e-15
0.85 1.46413 1.46203 1.73025e-15
0.86 1.49606 1.4944 1.73025e-15
0.87 1.5285 1.52734 1.73025e-15
0.88 1.56147 1.56085 1.73025e-15
0.89 1.59497 1.59491 1.73025e-15
0.9 1.629 1.62951 1.73025e-15
0.91 1.66357 1.66463 1.73025e-15
0.92 1.69869 1.70024 1.73025e-15
0.93 1.73436 1.73631 1.73025e-15
0.94 1.77058 1.7728 1.73025e-15
0.95 1.80738 1.80968 1.73025e-15
0.96 1.84474 1.8469 1.73025e-15
0.97 1.88267 1.88439 1.73025e-15
0.98 1.92119 1.92211 1.73025e-15
0.99 1.9603 1.95997 1.73025e-15
