-1 2 2.00214 0.00429903
-0.99 1.9603 1.95862 0.00429903
-0.98 1.92119 1.92259 0.00429903
-0.97 1.88267 1.88474 0.00429903
-0.96 1.84474 1.84516 0.00429903
-0.95 1.80737 1.80589 0.00429903
-0.94 1.77058 1.76831 0.00429903
-0.93 1.73436 1.73266 0.00429903
-0.92 1.69869 1.69841 0.00429903
-0.91 1.66357 1.66479 0.00429903
-0.9 1.629 1.63119 0.00429903
-0.89 1.59497 1.59731 0.00429903
-0.88 1.56147 1.56316 0.00429903
-0.87 1.5285 1.52903 0.00429903
-0.86 1.49606 1.49527 0.00429903
-0.85 1.46412 1.46225 0.00429903
-0.84 1.4327 1.43023 0.00429903
-0.83 1.40179 1.39931 0.00429903
-0.82 1.37137 1.36946 0.00429903
-0.81 1.34144 1.34052 0.00429903
-0.8 1.312 1.31225 0.00429903
-0.79 1.28304 1.28443 0.00429903
-0.78 1.25455 1.25681 0.00429903
-0.77 1.22653 1.22926 0.00429903
-0.76 1.19898 1.20168 0.00429903
-0.75 1.17187 1.17411 0.00429903
-0.74 1.14522 1.1466 0.00429903
-0.73 1.11902 1.11932 0.00429903
-0.72 1.09325 1.09241 0.00429903
-0.71 1.06791 1.06604 0.00429903
-0.7 1.043 1.04036 0.00429903
-0.69 1.01851 1.01547 0.00429903
-0.68 0.994432 0.991397 0.00429903
-0.67 0.970763 0.968147 0.00429903
-0.66 0.947496 0.945651 0.00429903
-0.65 0.924625 0.923803 0.00429903
-0.64 0.902144 0.902468 0.00429903
-0.63 0.880047 0.8815 0.00429903
-0.62 0.858328 0.860758 0.00429903
-0.61 0.836981 0.840122 0.00429903
-0.6 0.816 0.819503 0.00429903
-0.59 0.795379 0.798854 0.00429903
-0.58 0.775112 0.778168 0.00429903
-0.57 0.755193 0.757483 0.00429903
-0.56 0.735616 0.736872 0.00429903
-0.55 0.716375 0.716436 0.00429903
-0.54 0.697464 0.69629 0.00429903
-0.53 0.678877 0.676554 0.00429903
-0.52 0.660608 0.657339 0.00429903
-0.51 0.642651 0.638736 0.00429903
-0.5 0.625 0.620807 0.00429903
-0.49 0.607649 0.603579 0.00429903
-0.48 0.590592 0.587043 0.00429903
-0.47 0.573823 0.571151 0.00429903
-0.46 0.557336 0.555824 0.00429903
-0.45 0.541125 0.540957 0.00429903
-0.44 0.525184 0.526425 0.00429903
-0.43 0.509507 0.512097 0.00429903
-0.42 0.494088 0.497846 0.00429903
-0.41 0.478921 0.483558 0.00429903
-0.4 0.464 0.469141 0.00429903
-0.39 0.449319 0.454534 0.00429903
-0.38 0.434872 0.439709 0.00429903
-0.37 0.420653 0.424677 0.00429903
-0.36 0.406656 0.409484 0.00429903
-0.35 0.392875 0.394208 0.00429903
-0.34 0.379304 0.378955 0.00429903
-0.33 0.365937 0.36385 0.00429903
-0.32 0.352768 0.349024 0.00429903
-0.31 0.339791 0.334611 0.00429903
-0.3 0.327 0.320729 0.00429903
-0.29 0.314389 0.307477 0.00429903
-0.28 0.301952 0.294924 0.00429903
-0.27 0.289683 0.283101 0.00429903
-0.26 0.277576 0.271999 0.00429903
-0.25 0.265625 0.261567 0.00429903
-0.24 0.253824 0.251714 0.00429903
-0.23 0.242167 0.242312 0.00429903
-0.22 0.230648 0.233203 0.00429903
-0.21 0.219261 0.224208 0.00429903
-0.2 0.208 0.21514 0.00429903
-0.19 0.196859 0.205811 0.00429903
-0.18 0.185832 0.196049 0.00429903
-0.17 0.174913 0.185708 0.00429903
-0.16 0.164096 0.174678 0.00429903
-0.15 0.153375 0.162895 0.00429903
-0.14 0.142744 0.150348 0.00429903
-0.13 0.132197 0.137085 0.00429903
-0.12 0.121728 0.123211 0.00429903
-0.11 0.111331 0.108888 0.00429903
-0.1 0.101 0.0943331 0.00429903
-0.09 0.090729 0.0798048 0.00429903
-0.08 0.080512 0.0655985 0.00429903
-0.07 0.070343 0.0520317 0.00429903
-0.06 0.060216 0.0394307 0.00429903
-0.05 0.050125 0.0281169 0.00429903
-0.04 0.040064 0.0183917 0.00429903
-0.03 0.030027 0.0105233 0.00429903
-0.02 0.020008 0.00473463 0.00429903
-0.01 0.010001 0.0011924 0.00429903
7.5287e-16 7.5287e-16 -2.22045e-16 0.00429903
0.01 0.010001 0.0011924 0.00429903
0.02 0.020008 0.00473463 0.00429903
0.03 0.030027 0.0105233 0.00429903
0.04 0.040064 0.0183917 0.00429903
0.05 0.050125 0.0281169 0.00429903
0.06 0.060216 0.0394307 0.00429903
0.07 0.070343 0.0520317 0.00429903
0.08 0.080512 0.0655985 0.00429903
0.09 0.090729 0.0798048 0.00429903
0.1 0.101 0.0943331 0.00429903
0.11 0.111331 0.108888 0.00429903
0.12 0.121728 0.123211 0.00429903
0.13 0.132197 0.137085 0.00429903
0.14 0.142744 0.150348 0.00429903
0.15 0.153375 0.162895 0.00429903
0.16 0.164096 0.174678 0.00429903
0.17 0.174913 0.185708 0.00429903
0.18 0.185832 0.196049 0.00429903
0.19 0.196859 0.205811 0.00429903
0.2 0.208 0.21514 0.00429903
0.21 0.219261 0.224208 0.00429903
0.22 0.230648 0.233203 0.00429903
0.23 0.242167 0.242312 0.00429903
0.24 0.253824 0.251714 0.00429903
0.25 0.265625 0.261567 0.00429903
0.26 0.277576 0.271999 0.00429903
0.27 0.289683 0.283101 0.00429903
0.28 0.301952 0.294924 0.00429903
0.29 0.314389 0.307477 0.00429903
0.3 0.327 0.320729 0.00429903
0.31 0.339791 0.334611 0.00429903
0.32 0.352768 0.349024 0.00429903
0.33 0.365937 0.36385 0.00429903
0.34 0.379304 0.378955 0.00429903
0.35 0.392875 0.394208 0.00429903
0.36 0.406656 0.409484 0.00429903
0.37 0.420653 0.424677 0.00429903
0.38 0.434872 0.439709 0.00429903
0.39 0.449319 0.454534 0.00429903
0.4 0.464 0.469141 0.00429903
0.41 0.478921 0.483558 0.00429903
0.42 0.494088 0.497846 0.00429903
0.43 0.509507 0.512097 0.00429903
0.44 0.525184 0.526425 0.00429903
0.45 0.541125 0.540957 0.00429903
0.46 0.557336 0.555824 0.00429903
0.47 0.573823 0.571151 0.00429903
0.48 0.590592 0.587043 0.00429903
0.49 0.607649 0.603579 0.00429903
0.5 0.625 0.620807 0.00429903
0.51 0.642651 0.638736 0.00429903
0.52 0.660608 0.657339 0.00429903
0.53 0.678877 0.676554 0.00429903
0.54 0.697464 0.69629 0.00429903
0.55 0.716375 0.716436 0.00429903
0.56 0.735616 0.736872 0.00429903
0.57 0.755193 0.757483 0.00429903
0.58 0.775112 0.778168 0.00429903
0.59 0.795379 0.798854 0.00429903
0.6 0.816 0.819503 0.00429903
0.61 0.836981 0.840122 0.00429903
0.62 0.858328 0.860758 0.00429903
0.63 0.880047 0.8815 0.00429903
0.64 0.902144 0.902468 0.00429903
0.65 0.924625 0.923803 0.00429903
0.66 0.947496 0.945651 0.00429903
0.67 0.970763 0.968147 0.00429903
0.68 0.994432 0.991397 0.00429903
0.69 1.01851 1.01547 0.00429903
0.7 1.043 1.04036 0.00429903
0.71 1.06791 1.06604 0.00429903
0.72 1.09325 1.09241 0.00429903
0.73 1.11902 1.11932 0.00429903
0.74 1.14522 1.1466 0.00429903
0.75 1.17188 1.17411 0.00429903
0.76 1.19898 1.20168 0.00429903
0.77 1.22653 1.22926 0.00429903
0.78 1.25455 1.25681 0.00429903
0.79 1.28304 1.28443 0.00429903
0.8 1.312 1.31225 0.00429903
0.81 1.34144 1.34052 0.00429903
0.82 1.37137 1.36946 0.00429903
0.83 1.40179 1.39931 0.00429903
0.84 1.4327 1.43023 0.00429903
0.85 1.46413 1.46225 0.00429903
0.86 1.49606 1.49527 0.00429903
0.87 1.5285 1.52903 0.00429903
0.88 1.56147 1.56316 0.00429903
0.89 1.59497 1.59731 0.00429903
0.9 1.629 1.63119 0.00429903
0.91 1.66357 1.66479 0.00429903
0.92 1.69869 1.69841 0.00429903
0.93 1.73436 1.73266 0.00429903
0.94 1.77058 1.76831 0.00429903
0.95 1.80738 1.80589 0.00429903
0.96 1.84474 1.84516 0.00429903
0.97 1.88267 1.88474 0.00429903
0.98 1.92119 1.92259 0.00429903
0.99 1.9603 1.95862 0.00429903
