-1 2 2.02783 0.0584103
-0.99 1.9603 1.97569 0.0584103
-0.98 1.92119 1.92594 0.0584103
-0.97 1.88267 1.87845 0.0584103
-0.96 1.84474 1.83308 0.0584103
-0.95 1.80737 1.7897 0.0584103
-0.94 1.77058 1.74818 0.0584103
-0.93 1.73436 1.70841 0.0584103
-0.92 1.69869 1.67027 0.0584103
-0.91 1.66357 1.63365 0.0584103
-0.9 1.629 1.59846 0.0584103
-0.89 1.59497 1.56458 0.0584103
-0.88 1.56147 1.53193 0.0584103
-0.87 1.5285 1.50042 0.0584103
-0.86 1.49606 1.46996 0.0584103
-0.85 1.46412 1.44047 0.0584103
-0.84 1.4327 1.41187 0.0584103
-0.83 1.40179 1.38409 0.0584103
-0.82 1.37137 1.35707 0.0584103
-0.81 1.34144 1.33073 0.0584103
-0.8 1.312 1.30502 0.0584103
-0.79 1.28304 1.27988 0.0584103
-0.78 1.25455 1.25526 0.0584103
-0.77 1.22653 1.2311 0.0584103
-0.76 1.19898 1.20737 0.0584103
-0.75 1.17187 1.18401 0.0584103
-0.74 1.14522 1.16098 0.0584103
-0.73 1.11902 1.13825 0.0584103
-0.72 1.09325 1.11579 0.0584103
-0.71 1.06791 1.09355 0.0584103
-0.7 1.043 1.07152 0.0584103
-0.69 1.01851 1.04967 0.0584103
-0.68 0.994432 1.02797 0.0584103
-0.67 0.970763 1.0064 0.0584103
-0.66 0.947496 0.984946 0.0584103
-0.65 0.924625 0.963587 0.0584103
-0.64 0.902144 0.942311 0.0584103
-0.63 0.880047 0.921104 0.0584103
-0.62 0.858328 0.899957 0.0584103
-0.61 0.836981 0.878862 0.0584103
-0.6 0.816 0.857811 0.0584103
-0.59 0.795379 0.836801 0.0584103
-0.58 0.775112 0.815828 0.0584103
-0.57 0.755193 0.79489 0.0584103
-0.56 0.735616 0.773988 0.0584103
-0.55 0.716375 0.753124 0.0584103
-0.54 0.697464 0.732299 0.0584103
-0.53 0.678877 0.71152 0.0584103
-0.52 0.660608 0.690789 0.0584103
-0.51 0.642651 0.670116 0.0584103
-0.5 0.625 0.649506 0.0584103
-0.49 0.607649 0.628969 0.0584103
-0.48 0.590592 0.608514 0.0584103
-0.47 0.573823 0.588152 0.0584103
-0.46 0.557336 0.567893 0.0584103
-0.45 0.541125 0.547751 0.0584103
-0.44 0.525184 0.527737 0.0584103
-0.43 0.509507 0.507864 0.0584103
-0.42 0.494088 0.488148 0.0584103
-0.41 0.478921 0.468602 0.0584103
-0.4 0.464 0.44924 0.0584103
-0.39 0.449319 0.430079 0.0584103
-0.38 0.434872 0.411134 0.0584103
-0.37 0.420653 0.392419 0.0584103
-0.36 0.406656 0.373953 0.0584103
-0.35 0.392875 0.355749 0.0584103
-0.34 0.379304 0.337826 0.0584103
-0.33 0.365937 0.3202 0.0584103
-0.32 0.352768 0.302886 0.0584103
-0.31 0.339791 0.285902 0.0584103
-0.3 0.327 0.269263 0.0584103
-0.29 0.314389 0.252986 0.0584103
-0.28 0.301952 0.237088 0.0584103
-0.27 0.289683 0.221584 0.0584103
-0.26 0.277576 0.206489 0.0584103
-0.25 0.265625 0.191821 0.0584103
-0.24 0.253824 0.177593 0.0584103
-0.23 0.242167 0.16382 0.0584103
-0.22 0.230648 0.150518 0.0584103
-0.21 0.219261 0.1377 0.0584103
-0.2 0.208 0.12538 0.0584103
-0.19 0.196859 0.113571 0.0584103
-0.18 0.185832 0.102287 0.0584103
-0.17 0.174913 0.0915389 0.0584103
-0.16 0.164096 0.0813394 0.0584103
-0.15 0.153375 0.0716994 0.0584103
-0.14 0.142744 0.0626297 0.0584103
-0.13 0.132197 0.0541403 0.0584103
-0.12 0.121728 0.0462408 0.0584103
-0.11 0.111331 0.0389399 0.0584103
-0.1 0.101 0.0322459 0.0584103
-0.09 0.090729 0.0261663 0.0584103
-0.08 0.080512 0.020708 0.0584103
-0.07 0.070343 0.0158772 0.0584103
-0.06 0.060216 0.0116793 0.0584103
-0.05 0.050125 0.0081191 0.0584103
-0.04 0.040064 0.00520067 0.0584103
-0.03 0.030027 0.00292733 0.0584103
-0.02 0.020008 0.00130165 0.0584103
-0.01 0.010001 0.000325506 0.0584103
7.5287e-16 7.5287e-16 8.88178e-16 0.0584103
0.01 0.010001 0.000325506 0.0584103
0.02 0.020008 0.00130165 0.0584103
0.03 0.030027 0.00292733 0.0584103
0.04 0.040064 0.00520067 0.0584103
0.05 0.050125 0.0081191 0.0584103
0.06 0.060216 0.0116793 0.0584103
0.07 0.070343 0.0158772 0.0584103
0.08 0.080512 0.020708 0.0584103
0.09 0.090729 0.0261663 0.0584103
0.1 0.101 0.0322459 0.0584103
0.11 0.111331 0.0389399 0.0584103
0.12 0.121728 0.0462408 0.0584103
0.13 0.132197 0.0541403 0.0584103
0.14 0.142744 0.0626297 0.0584103
0.15 0.153375 0.0716994 0.0584103
0.16 0.164096 0.0813394 0.0584103
0.17 0.174913 0.0915389 0.0584103
0.18 0.185832 0.102287 0.0584103
0.19 0.196859 0.113571 0.0584103
0.2 0.208 0.12538 0.0584103
0.21 0.219261 0.1377 0.0584103
0.22 0.230648 0.150518 0.0584103
0.23 0.242167 0.16382 0.0584103
0.24 0.253824 0.177593 0.0584103
0.25 0.265625 0.191821 0.0584103
0.26 0.277576 0.206489 0.0584103
0.27 0.289683 0.221584 0.0584103
0.28 0.301952 0.237088 0.0584103
0.29 0.314389 0.252986 0.0584103
0.3 0.327 0.269263 0.0584103
0.31 0.339791 0.285902 0.0584103
0.32 0.352768 0.302886 0.0584103
0.33 0.365937 0.3202 0.0584103
0.34 0.379304 0.337826 0.0584103
0.35 0.392875 0.355749 0.0584103
0.36 0.406656 0.373953 0.0584103
0.37 0.420653 0.392419 0.0584103
0.38 0.434872 0.411134 0.0584103
0.39 0.449319 0.430079 0.0584103
0.4 0.464 0.44924 0.0584103
0.41 0.478921 0.468602 0.0584103
0.42 0.494088 0.488148 0.0584103
0.43 0.509507 0.507864 0.0584103
0.44 0.525184 0.527737 0.0584103
0.45 0.541125 0.547751 0.0584103
0.46 0.557336 0.567893 0.0584103
0.47 0.573823 0.588152 0.0584103
0.48 0.590592 0.608514 0.0584103
0.49 0.607649 0.628969 0.0584103
0.5 0.625 0.649506 0.0584103
0.51 0.642651 0.670116 0.0584103
0.52 0.660608 0.690789 0.0584103
0.53 0.678877 0.71152 0.0584103
0.54 0.697464 0.732299 0.0584103
0.55 0.716375 0.753124 0.0584103
0.56 0.735616 0.773988 0.0584103
0.57 0.755193 0.79489 0.0584103
0.58 0.775112 0.815828 0.0584103
0.59 0.795379 0.836801 0.0584103
0.6 0.816 0.857811 0.0584103
0.61 0.836981 0.878862 0.0584103
0.62 0.858328 0.899957 0.0584103
0.63 0.880047 0.921104 0.0584103
0.64 0.902144 0.942311 0.0584103
0.65 0.924625 0.963587 0.0584103
0.66 0.947496 0.984946 0.0584103
0.67 0.970763 1.0064 0.0584103
0.68 0.994432 1.02797 0.0584103
0.69 1.01851 1.04967 0.0584103
0.7 1.043 1.07152 0.0584103
0.71 1.06791 1.09355 0.0584103
0.72 1.09325 1.11579 0.0584103
0.73 1.11902 1.13825 0.0584103
0.74 1.14522 1.16098 0.0584103
0.75 1.17188 1.18401 0.0584103
0.76 1.19898 1.20737 0.0584103
0.77 1.22653 1.2311 0.0584103
0.78 1.25455 1.25526 0.0584103
0.79 1.28304 1.27988 0.0584103
0.8 1.312 1.30502 0.0584103
0.81 1.34144 1.33073 0.0584103
0.82 1.37137 1.35707 0.0584103
0.83 1.40179 1.38409 0.0584103
0.84 1.4327 1.41187 0.0584103
0.85 1.46413 1.44047 0.0584103
0.86 1.49606 1.46996 0.0584103
0.87 1.5285 1.50042 0.0584103
0.88 1.56147 1.53193 0.0584103
0.89 1.59497 1.56458 0.0584103
0.9 1.629 1.59846 0.0584103
0.91 1.66357 1.63365 0.0584103
0.92 1.69869 1.67027 0.0584103
0.93 1.73436 1.70841 0.0584103
0.94 1.77058 1.74818 0.0584103
0.95 1.80738 1.7897 0.0584103
0.96 1.84474 1.83308 0.0584103
0.97 1.88267 1.87845 0.0584103
0.98 1.92119 1.92594 0.0584103
0.99 1.9603 1.97569 0.0584103
