-1 2 2.0003 8.3216e-16
-0.99 1.9603 1.96001 8.3216e-16
-0.98 1.92119 1.92099 8.3216e-16
-0.97 1.88267 1.88274 8.3216e-16
-0.96 1.84474 1.845 8.3216e-16
-0.95 1.80737 1.8077 8.3216e-16
-0.94 1.77058 1.77084 8.3216e-16
-0.93 1.73436 1.73447 8.3216e-16
-0.92 1.69869 1.69862 8.3216e-16
-0.91 1.66357 1.66334 8.3216e-16
-0.9 1.629 1.62866 8.3216e-16
-0.89 1.59497 1.5946 8.3216e-16
-0.88 1.56147 1.56113 8.3216e-16
-0.87 1.5285 1.52826 8.3216e-16
-0.86 1.49606 1.49594 8.3216e-16
-0.85 1.46412 1.46417 8.3216e-16
-0.84 1.4327 1.43289 8.3216e-16
-0.83 1.40179 1.4021 8.3216e-16
-0.82 1.37137 1.37177 8.3216e-16
-0.81 1.34144 1.34189 8.3216e-16
-0.8 1.312 1.31244 8.3216e-16
-0.79 1.28304 1.28342 8.3216e-16
-0.78 1.25455 1.25483 8.3216e-16
-0.77 1.22653 1.22668 8.3216e-16
-0.76 1.19898 1.19897 8.3216e-16
-0.75 1.17187 1.17171 8.3216e-16
-0.74 1.14522 1.14492 8.3216e-16
-0.73 1.11902 1.11859 8.3216e-16
-0.72 1.09325 1.09273 8.3216e-16
-0.71 1.06791 1.06734 8.3216e-16
-0.7 1.043 1.04242 8.3216e-16
-0.69 1.01851 1.01797 8.3216e-16
-0.68 0.994432 0.993977 8.3216e-16
-0.67 0.970763 0.97043 8.3216e-16
-0.66 0.947496 0.947314 8.3216e-16
-0.65 0.924625 0.924615 8.3216e-16
-0.64 0.902144 0.902315 8.3216e-16
-0.63 0.880047 0.880396 8.3216e-16
-0.62 0.858328 0.85884 8.3216e-16
-0.61 0.836981 0.837631 8.3216e-16
-0.6 0.816 0.816753 8.3216e-16
-0.59 0.795379 0.796191 8.3216e-16
-0.58 0.775112 0.775937 8.3216e-16
-0.57 0.755193 0.755979 8.3216e-16
-0.56 0.735616 0.736314 8.3216e-16
-0.55 0.716375 0.716937 8.3216e-16
-0.54 0.697464 0.697849 8.3216e-16
-0.53 0.678877 0.679051 8.3216e-16
-0.52 0.660608 0.660548 8.3216e-16
-0.51 0.642651 0.642345 8.3216e-16
-0.5 0.625 0.624448 8.3216e-16
-0.49 0.607649 0.606865 8.3216e-16
-0.48 0.590592 0.589603 8.3216e-16
-0.47 0.573823 0.572668 8.3216e-16
-0.46 0.557336 0.556064 8.3216e-16
-0.45 0.541125 0.539795 8.3216e-16
-0.44 0.525184 0.523861 8.3216e-16
-0.43 0.509507 0.508261 8.3216e-16
-0.42 0.494088 0.492989 8.3216e-16
-0.41 0.478921 0.478038 8.3216e-16
-0.4 0.464 0.463395 8.3216e-16
-0.39 0.449319 0.449047 8.3216e-16
-0.38 0.434872 0.434976 8.3216e-16
-0.37 0.420653 0.421163 8.3216e-16
-0.36 0.406656 0.407584 8.3216e-16
-0.35 0.392875 0.394215 8.3216e-16
-0.34 0.379304 0.381031 8.3216e-16
-0.33 0.365937 0.368007 8.3216e-16
-0.32 0.352768 0.355116 8.3216e-16
-0.31 0.339791 0.342334 8.3216e-16
-0.3 0.327 0.329637 8.3216e-16
-0.29 0.314389 0.317004 8.3216e-16
-0.28 0.301952 0.304419 8.3216e-16
-0.27 0.289683 0.291866 8.3216e-16
-0.26 0.277576 0.279338 8.3216e-16
-0.25 0.265625 0.266828 8.3216e-16
-0.24 0.253824 0.254339 8.3216e-16
-0.23 0.242167 0.241878 8.3216e-16
-0.22 0.230648 0.229456 8.3216e-16
-0.21 0.219261 0.217094 8.3216e-16
-0.2 0.208 0.204816 8.3216e-16
-0.19 0.196859 0.192653 8.3216e-16
-0.18 0.185832 0.180643 8.3216e-16
-0.17 0.174913 0.168829 8.3216e-16
-0.16 0.164096 0.157256 8.3216e-16
-0.15 0.153375 0.145976 8.3216e-16
-0.14 0.142744 0.135044 8.3216e-16
-0.13 0.132197 0.124518 8.3216e-16
-0.12 0.121728 0.114456 8.3216e-16
-0.11 0.111331 0.104919 8.3216e-16
-0.1 0.101 0.0959661 8.3216e-16
-0.09 0.090729 0.0876572 8.3216e-16
-0.08 0.080512 0.0800487 8.3216e-16
-0.07 0.070343 0.0731945 8.3216e-16
-0.06 0.060216 0.0671444 8.3216e-16
-0.05 0.050125 0.0619437 8.3216e-16
-0.04 0.040064 0.0576319 8.3216e-16
-0.03 0.030027 0.0542425 8.3216e-16
-0.02 0.020008 0.0518021 8.3216e-16
-0.01 0.010001 0.0503301 8.3216e-16
7.5287e-16 7.5287e-16 0.0498381 8.3216e-16
0.01 0.010001 0.0503301 8.3216e-16
0.02 0.020008 0.0518021 8.3216e-16
0.03 0.030027 0.0542425 8.3216e-16
0.04 0.040064 0.0576319 8.3216e-16
0.05 0.050125 0.0619437 8.3216e-16
0.06 0.060216 0.0671444 8.3216e-16
0.07 0.070343 0.0731945 8.3216e-16
0.08 0.080512 0.0800487 8.3216e-16
0.09 0.090729 0.0876572 8.3216e-16
0.1 0.101 0.0959661 8.3216e-16
0.11 0.111331 0.104919 8.3216e-16
0.12 0.121728 0.114456 8.3216e-16
0.13 0.132197 0.124518 8.3216e-16
0.14 0.142744 0.135044 8.3216e-16
0.15 0.153375 0.145976 8.3216e-16
0.16 0.164096 0.157256 8.3216e-16
0.17 0.174913 0.168829 8.3216e-16
0.18 0.185832 0.180643 8.3216e-16
0.19 0.196859 0.192653 8.3216e-16
0.2 0.208 0.204816 8.3216e-16
0.21 0.219261 0.217094 8.3216e-16
0.22 0.230648 0.229456 8.3216e-16
0.23 0.242167 0.241878 8.3216e-16
0.24 0.253824 0.254339 8.3216e-16
0.25 0.265625 0.266828 8.3216e-16
0.26 0.277576 0.279338 8.3216e-16
0.27 0.289683 0.291866 8.3216e-16
0.28 0.301952 0.304419 8.3216e-16
0.29 0.314389 0.317004 8.3216e-16
0.3 0.327 0.329637 8.3216e-16
0.31 0.339791 0.342334 8.3216e-16
0.32 0.352768 0.355116 8.3216e-16
0.33 0.365937 0.368007 8.3216e-16
0.34 0.379304 0.381031 8.3216e-16
0.35 0.392875 0.394215 8.3216e-16
0.36 0.406656 0.407584 8.3216e-16
0.37 0.420653 0.421163 8.3216e-16
0.38 0.434872 0.434976 8.3216e-16
0.39 0.449319 0.449047 8.3216e-16
0.4 0.464 0.463395 8.3216e-16
0.41 0.478921 0.478038 8.3216e-16
0.42 0.494088 0.492989 8.3216e-16
0.43 0.509507 0.508261 8.3216e-16
0.44 0.525184 0.523861 8.3216e-16
0.45 0.541125 0.539795 8.3216e-16
0.46 0.557336 0.556064 8.3216e-16
0.47 0.573823 0.572668 8.3216e-16
0.48 0.590592 0.589603 8.3216e-16
0.49 0.607649 0.606865 8.3216e-16
0.5 0.625 0.624448 8.3216e-16
0.51 0.642651 0.642345 8.3216e-16
0.52 0.660608 0.660548 8.3216e-16
0.53 0.678877 0.679051 8.3216e-16
0.54 0.697464 0.697849 8.3216e-16
0.55 0.716375 0.716937 8.3216e-16
0.56 0.735616 0.736314 8.3216e-16
0.57 0.755193 0.755979 8.3216e-16
0.58 0.775112 0.775937 8.3216e-16
0.59 0.795379 0.796191 8.3216e-16
0.6 0.816 0.816753 8.3216e-16
0.61 0.836981 0.837631 8.3216e-16
0.62 0.858328 0.85884 8.3216e-16
0.63 0.880047 0.880396 8.3216e-16
0.64 0.902144 0.902315 8.3216e-16
0.65 0.924625 0.924615 8.3216e-16
0.66 0.947496 0.947314 8.3216e-16
0.67 0.970763 0.97043 8.3216e-16
0.68 0.994432 0.993977 8.3216e-16
0.69 1.01851 1.01797 8.3216e-16
0.7 1.043 1.04242 8.3216e-16
0.71 1.06791 1.06734 8.3216e-16
0.72 1.09325 1.09273 8.3216e-16
0.73 1.11902 1.11859 8.3216e-16
0.74 1.14522 1.14492 8.3216e-16
0.75 1.17188 1.17171 8.3216e-16
0.76 1.19898 1.19897 8.3216e-16
0.77 1.22653 1.22668 8.3216e-16
0.78 1.25455 1.25483 8.3216e-16
0.79 1.28304 1.28342 8.3216e-16
0.8 1.312 1.31244 8.3216e-16
0.81 1.34144 1.34189 8.3216e-16
0.82 1.37137 1.37177 8.3216e-16
0.83 1.40179 1.4021 8.3216e-16
0.84 1.4327 1.43289 8.3216e-16
0.85 1.46413 1.46417 8.3216e-16
0.86 1.49606 1.49594 8.3216e-16
0.87 1.5285 1.52826 8.3216e-16
0.88 1.56147 1.56113 8.3216e-16
0.89 1.59497 1.5946 8.3216e-16
0.9 1.629 1.62866 8.3216e-16
0.91 1.66357 1.66334 8.3216e-16
0.92 1.69869 1.69862 8.3216e-16
0.93 1.73436 1.73447 8.3216e-16
0.94 1.77058 1.77084 8.3216e-16
0.95 1.80738 1.8077 8.3216e-16
0.96 1.84474 1.845 8.3216e-16
0.97 1.88267 1.88274 8.3216e-16
0.98 1.92119 1.92099 8.3216e-16
0.99 1.9603 1.96001 8.3216e-16
