-1 2 2.00128 0.00256098
-0.99 1.9603 1.96061 0.00256098
-0.98 1.92119 1.92216 0.00256098
-0.97 1.88267 1.88179 0.00256098
-0.96 1.84474 1.84358 0.00256098
-0.95 1.80737 1.80753 0.00256098
-0.94 1.77058 1.77184 0.00256098
-0.93 1.73436 1.73548 0.00256098
-0.92 1.69869 1.69875 0.00256098
-0.91 1.66357 1.66254 0.00256098
-0.9 1.629 1.62759 0.00256098
-0.89 1.59497 1.59404 0.00256098
-0.88 1.56147 1.56154 0.00256098
-0.87 1.5285 1.52952 0.00256098
-0.86 1.49606 1.49753 0.00256098
-0.85 1.46412 1.46539 0.00256098
-0.84 1.4327 1.43322 0.00256098
-0.83 1.40179 1.40135 0.00256098
-0.82 1.37137 1.37014 0.00256098
-0.81 1.34144 1.33987 0.00256098
-0.8 1.312 1.31063 0.00256098
-0.79 1.28304 1.28232 0.00256098
-0.78 1.25455 1.25472 0.00256098
-0.77 1.22653 1.22754 0.00256098
-0.76 1.19898 1.20054 0.00256098
-0.75 1.17187 1.17355 0.00256098
-0.74 1.14522 1.14655 0.00256098
-0.73 1.11902 1.11964 0.00256098
-0.72 1.09325 1.093 0.00256098
-0.71 1.06791 1.06684 0.00256098
-0.7 1.043 1.04135 0.00256098
-0.69 1.01851 1.01667 0.00256098
-0.68 0.994432 0.992823 0.00256098
-0.67 0.970763 0.969749 0.00256098
-0.66 0.947496 0.947312 0.00256098
-0.65 0.924625 0.925326 0.00256098
-0.64 0.902144 0.9036 0.00256098
-0.63 0.880047 0.881974 0.00256098
-0.62 0.858328 0.860348 0.00256098
-0.61 0.836981 0.838696 0.00256098
-0.6 0.816 0.81707 0.00256098
-0.59 0.795379 0.795585 0.00256098
-0.58 0.775112 0.774393 0.00256098
-0.57 0.755193 0.753658 0.00256098
-0.56 0.735616 0.733521 0.00256098
-0.55 0.716375 0.714078 0.00256098
-0.54 0.697464 0.695362 0.00256098
-0.53 0.678877 0.677339 0.00256098
-0.52 0.660608 0.659913 0.00256098
-0.51 0.642651 0.642942 0.00256098
-0.5 0.625 0.626261 0.00256098
-0.49 0.607649 0.609705 0.00256098
-0.48 0.590592 0.593138 0.00256098
-0.47 0.573823 0.576469 0.00256098
-0.46 0.557336 0.559668 0.00256098
-0.45 0.541125 0.542768 0.00256098
-0.44 0.525184 0.525857 0.00256098
-0.43 0.509507 0.509069 0.00256098
-0.42 0.494088 0.49256 0.00256098
-0.41 0.478921 0.476487 0.00256098
-0.4 0.464 0.460983 0.00256098
-0.39 0.449319 0.446136 0.00256098
-0.38 0.434872 0.431981 0.00256098
-0.37 0.420653 0.418486 0.00256098
-0.36 0.406656 0.405559 0.00256098
-0.35 0.392875 0.393057 0.00256098
-0.34 0.379304 0.380806 0.00256098
-0.33 0.365937 0.368618 0.00256098
-0.32 0.352768 0.356319 0.00256098
-0.31 0.339791 0.343768 0.00256098
-0.3 0.327 0.33088 0.00256098
-0.29 0.314389 0.317634 0.00256098
-0.28 0.301952 0.304079 0.00256098
-0.27 0.289683 0.290332 0.00256098
-0.26 0.277576 0.276559 0.00256098
-0.25 0.265625 0.262963 0.00256098
-0.24 0.253824 0.249754 0.00256098
-0.23 0.242167 0.237126 0.00256098
-0.22 0.230648 0.225231 0.00256098
-0.21 0.219261 0.214155 0.00256098
-0.2 0.208 0.203907 0.00256098
-0.19 0.196859 0.194409 0.00256098
-0.18 0.185832 0.1855 0.00256098
-0.17 0.174913 0.176948 0.00256098
-0.16 0.164096 0.168471 0.00256098
-0.15 0.153375 0.159765 0.00256098
-0.14 0.142744 0.150538 0.00256098
-0.13 0.132197 0.140537 0.00256098
-0.12 0.121728 0.129586 0.00256098
-0.11 0.111331 0.117609 0.00256098
-0.1 0.101 0.104647 0.00256098
-0.09 0.090729 0.0908685 0.00256098
-0.08 0.080512 0.0765645 0.00256098
-0.07 0.070343 0.0621353 0.00256098
-0.06 0.060216 0.048066 0.00256098
-0.05 0.050125 0.0348936 0.00256098
-0.04 0.040064 0.0231687 0.00256098
-0.03 0.030027 0.0134145 0.00256098
-0.02 0.020008 0.00608721 0.00256098
-0.01 0.010001 0.00154099 0.00256098
7.5287e-16 7.5287e-16 0 0.00256098
0.01 0.010001 0.00154099 0.00256098
0.02 0.020008 0.00608721 0.00256098
0.03 0.030027 0.0134145 0.00256098
0.04 0.040064 0.0231687 0.00256098
0.05 0.050125 0.0348936 0.00256098
0.06 0.060216 0.048066 0.00256098
0.07 0.070343 0.0621353 0.00256098
0.08 0.080512 0.0765645 0.00256098
0.09 0.090729 0.0908685 0.00256098
0.1 0.101 0.104647 0.00256098
0.11 0.111331 0.117609 0.00256098
0.12 0.121728 0.129586 0.00256098
0.13 0.132197 0.140537 0.00256098
0.14 0.142744 0.150538 0.00256098
0.15 0.153375 0.159765 0.00256098
0.16 0.164096 0.168471 0.00256098
0.17 0.174913 0.176948 0.00256098
0.18 0.185832 0.1855 0.00256098
0.19 0.196859 0.194409 0.00256098
0.2 0.208 0.203907 0.00256098
0.21 0.219261 0.214155 0.00256098
0.22 0.230648 0.225231 0.00256098
0.23 0.242167 0.237126 0.00256098
0.24 0.253824 0.249754 0.00256098
0.25 0.265625 0.262963 0.00256098
0.26 0.277576 0.276559 0.00256098
0.27 0.289683 0.290332 0.00256098
0.28 0.301952 0.304079 0.00256098
0.29 0.314389 0.317634 0.00256098
0.3 0.327 0.33088 0.00256098
0.31 0.339791 0.343768 0.00256098
0.32 0.352768 0.356319 0.00256098
0.33 0.365937 0.368618 0.00256098
0.34 0.379304 0.380806 0.00256098
0.35 0.392875 0.393057 0.00256098
0.36 0.406656 0.405559 0.00256098
0.37 0.420653 0.418486 0.00256098
0.38 0.434872 0.431981 0.00256098
0.39 0.449319 0.446136 0.00256098
0.4 0.464 0.460983 0.00256098
0.41 0.478921 0.476487 0.00256098
0.42 0.494088 0.49256 0.00256098
0.43 0.509507 0.509069 0.00256098
0.44 0.525184 0.525857 0.00256098
0.45 0.541125 0.542768 0.00256098
0.46 0.557336 0.559668 0.00256098
0.47 0.573823 0.576469 0.00256098
0.48 0.590592 0.593138 0.00256098
0.49 0.607649 0.609705 0.00256098
0.5 0.625 0.626261 0.00256098
0.51 0.642651 0.642942 0.00256098
0.52 0.660608 0.659913 0.00256098
0.53 0.678877 0.677339 0.00256098
0.54 0.697464 0.695362 0.00256098
0.55 0.716375 0.714078 0.00256098
0.56 0.735616 0.733521 0.00256098
0.57 0.755193 0.753658 0.00256098
0.58 0.775112 0.774393 0.00256098
0.59 0.795379 0.795585 0.00256098
0.6 0.816 0.81707 0.00256098
0.61 0.836981 0.838696 0.00256098
0.62 0.858328 0.860348 0.00256098
0.63 0.880047 0.881974 0.00256098
0.64 0.902144 0.9036 0.00256098
0.65 0.924625 0.925326 0.00256098
0.66 0.947496 0.947312 0.00256098
0.67 0.970763 0.969749 0.00256098
0.68 0.994432 0.992823 0.00256098
0.69 1.01851 1.01667 0.00256098
0.7 1.043 1.04135 0.00256098
0.71 1.06791 1.06684 0.00256098
0.72 1.09325 1.093 0.00256098
0.73 1.11902 1.11964 0.00256098
0.74 1.14522 1.14655 0.00256098
0.75 1.17188 1.17355 0.00256098
0.76 1.19898 1.20054 0.00256098
0.77 1.22653 1.22754 0.00256098
0.78 1.25455 1.25472 0.00256098
0.79 1.28304 1.28232 0.00256098
0.8 1.312 1.31063 0.00256098
0.81 1.34144 1.33987 0.00256098
0.82 1.37137 1.37014 0.00256098
0.83 1.40179 1.40135 0.00256098
0.84 1.4327 1.43322 0.00256098
0.85 1.46413 1.46539 0.00256098
0.86 1.49606 1.49753 0.00256098
0.87 1.5285 1.52952 0.00256098
0.88 1.56147 1.56154 0.00256098
0.89 1.59497 1.59404 0.00256098
0.9 1.629 1.62759 0.00256098
0.91 1.66357 1.66254 0.00256098
0.92 1.69869 1.69875 0.00256098
0.93 1.73436 1.73548 0.00256098
0.94 1.77058 1.77184 0.00256098
0.95 1.80738 1.80753 0.00256098
0.96 1.84474 1.84358 0.00256098
0.97 1.88267 1.88179 0.00256098
0.98 1.92119 1.92216 0.00256098
0.99 1.9603 1.96061 0.00256098
