-1 2 1.99815 0.00372778
-0.99 1.9603 1.96137 0.00372778
-0.98 1.92119 1.91951 0.00372778
-0.97 1.88267 1.8814 0.00372778
-0.96 1.84474 1.84544 0.00372778
-0.95 1.80737 1.80928 0.00372778
-0.94 1.77058 1.77213 0.00372778
-0.93 1.73436 1.73452 0.00372778
-0.92 1.69869 1.69742 0.00372778
-0.91 1.66357 1.66157 0.00372778
-0.9 1.629 1.62721 0.00372778
-0.89 1.59497 1.59415 0.00372778
-0.88 1.56147 1.56192 0.00372778
-0.87 1.5285 1.53005 0.00372778
-0.86 1.49606 1.49817 0.00372778
-0.85 1.46412 1.46614 0.00372778
-0.84 1.4327 1.43403 0.00372778
-0.83 1.40179 1.40205 0.00372778
-0.82 1.37137 1.3705 0.00372778
-0.81 1.34144 1.33966 0.00372778
-0.8 1.312 1.30973 0.00372778
-0.79 1.28304 1.2808 0.00372778
-0.78 1.25455 1.25283 0.00372778
-0.77 1.22653 1.2257 0.00372778
-0.76 1.19898 1.19921 0.00372778
-0.75 1.17187 1.17314 0.00372778
-0.74 1.14522 1.14729 0.00372778
-0.73 1.11902 1.12151 0.00372778
-0.72 1.09325 1.09573 0.00372778
-0.71 1.06791 1.06995 0.00372778
-0.7 1.043 1.04425 0.00372778
-0.69 1.01851 1.01875 0.00372778
-0.68 0.994432 0.993616 0.00372778
-0.67 0.970763 0.968995 0.00372778
-0.66 0.947496 0.945028 0.00372778
-0.65 0.924625 0.921809 0.00372778
-0.64 0.902144 0.899383 0.00372778
-0.63 0.880047 0.877734 0.00372778
-0.62 0.858328 0.856795 0.00372778
-0.61 0.836981 0.836453 0.00372778
-0.6 0.816 0.816572 0.00372778
-0.59 0.795379 0.797001 0.00372778
-0.58 0.775112 0.777601 0.00372778
-0.57 0.755193 0.758255 0.00372778
-0.56 0.735616 0.738883 0.00372778
-0.55 0.716375 0.719452 0.00372778
-0.54 0.697464 0.699974 0.00372778
-0.53 0.678877 0.680504 0.00372778
-0.52 0.660608 0.661135 0.00372778
-0.51 0.642651 0.641984 0.00372778
-0.5 0.625 0.623176 0.00372778
-0.49 0.607649 0.604837 0.00372778
-0.48 0.590592 0.587072 0.00372778
-0.47 0.573823 0.569959 0.00372778
-0.46 0.557336 0.553535 0.00372778
-0.45 0.541125 0.537798 0.00372778
-0.44 0.525184 0.522704 0.00372778
-0.43 0.509507 0.508167 0.00372778
-0.42 0.494088 0.494073 0.00372778
-0.41 0.478921 0.480287 0.00372778
-0.4 0.464 0.466665 0.00372778
-0.39 0.449319 0.453069 0.00372778
-0.38 0.434872 0.439379 0.00372778
-0.37 0.420653 0.425503 0.00372778
-0.36 0.406656 0.411385 0.00372778
-0.35 0.392875 0.397013 0.00372778
-0.34 0.379304 0.382419 0.00372778
-0.33 0.365937 0.367674 0.00372778
-0.32 0.352768 0.352887 0.00372778
-0.31 0.339791 0.338191 0.00372778
-0.3 0.327 0.323735 0.00372778
-0.29 0.314389 0.309669 0.00372778
-0.28 0.301952 0.296132 0.00372778
-0.27 0.289683 0.283237 0.00372778
-0.26 0.277576 0.271063 0.00372778
-0.25 0.265625 0.259643 0.00372778
-0.24 0.253824 0.248962 0.00372778
-0.23 0.242167 0.238952 0.00372778
-0.22 0.230648 0.229498 0.00372778
-0.21 0.219261 0.220442 0.00372778
-0.2 0.208 0.211594 0.00372778
-0.19 0.196859 0.202744 0.00372778
-0.18 0.185832 0.193677 0.00372778
-0.17 0.174913 0.184188 0.00372778
-0.16 0.164096 0.174101 0.00372778
-0.15 0.153375 0.163281 0.00372778
-0.14 0.142744 0.151647 0.00372778
-0.13 0.132197 0.139182 0.00372778
-0.12 0.121728 0.125942 0.00372778
-0.11 0.111331 0.112053 0.00372778
-0.1 0.101 0.0977126 0.00372778
-0.09 0.090729 0.0831818 0.00372778
-0.08 0.080512 0.0687742 0.00372778
-0.07 0.070343 0.0548417 0.00372778
-0.06 0.060216 0.0417577 0.00372778
-0.05 0.050125 0.0298984 0.00372778
-0.04 0.040064 0.0196238 0.00372778
-0.03 0.030027 0.0112585 0.00372778
-0.02 0.020008 0.0050752 0.00372778
-0.01 0.010001 0.00127967 0.00372778
7.5287e-16 7.5287e-16 -4.66294e-15 0.00372778
0.01 0.010001 0.00127967 0.00372778
0.02 0.020008 0.0050752 0.00372778
0.03 0.030027 0.0112585 0.00372778
0.04 0.040064 0.0196238 0.00372778
0.05 0.050125 0.0298984 0.00372778
0.06 0.060216 0.0417577 0.00372778
0.07 0.070343 0.0548417 0.00372778
0.08 0.080512 0.0687742 0.00372778
0.09 0.090729 0.0831818 0.00372778
0.1 0.101 0.0977126 0.00372778
0.11 0.111331 0.112053 0.00372778
0.12 0.121728 0.125942 0.00372778
0.13 0.132197 0.139182 0.00372778
0.14 0.142744 0.151647 0.00372778
0.15 0.153375 0.163281 0.00372778
0.16 0.164096 0.174101 0.00372778
0.17 0.174913 0.184188 0.00372778
0.18 0.185832 0.193677 0.00372778
0.19 0.196859 0.202744 0.00372778
0.2 0.208 0.211594 0.00372778
0.21 0.219261 0.220442 0.00372778
0.22 0.230648 0.229498 0.00372778
0.23 0.242167 0.238952 0.00372778
0.24 0.253824 0.248962 0.00372778
0.25 0.265625 0.259643 0.00372778
0.26 0.277576 0.271063 0.00372778
0.27 0.289683 0.283237 0.00372778
0.28 0.301952 0.296132 0.00372778
0.29 0.314389 0.309669 0.00372778
0.3 0.327 0.323735 0.00372778
0.31 0.339791 0.338191 0.00372778
0.32 0.352768 0.352887 0.00372778
0.33 0.365937 0.367674 0.00372778
0.34 0.379304 0.382419 0.00372778
0.35 0.392875 0.397013 0.00372778
0.36 0.406656 0.411385 0.00372778
0.37 0.420653 0.425503 0.00372778
0.38 0.434872 0.439379 0.00372778
0.39 0.449319 0.453069 0.00372778
0.4 0.464 0.466665 0.00372778
0.41 0.478921 0.480287 0.00372778
0.42 0.494088 0.494073 0.00372778
0.43 0.509507 0.508167 0.00372778
0.44 0.525184 0.522704 0.00372778
0.45 0.541125 0.537798 0.00372778
0.46 0.557336 0.553535 0.00372778
0.47 0.573823 0.569959 0.00372778
0.48 0.590592 0.587072 0.00372778
0.49 0.607649 0.604837 0.00372778
0.5 0.625 0.623176 0.00372778
0.51 0.642651 0.641984 0.00372778
0.52 0.660608 0.661135 0.00372778
0.53 0.678877 0.680504 0.00372778
0.54 0.697464 0.699974 0.00372778
0.55 0.716375 0.719452 0.00372778
0.56 0.735616 0.738883 0.00372778
0.57 0.755193 0.758255 0.00372778
0.58 0.775112 0.777601 0.00372778
0.59 0.795379 0.797001 0.00372778
0.6 0.816 0.816572 0.00372778
0.61 0.836981 0.836453 0.00372778
0.62 0.858328 0.856795 0.00372778
0.63 0.880047 0.877734 0.00372778
0.64 0.902144 0.899383 0.00372778
0.65 0.924625 0.921809 0.00372778
0.66 0.947496 0.945028 0.00372778
0.67 0.970763 0.968995 0.00372778
0.68 0.994432 0.993616 0.00372778
0.69 1.01851 1.01875 0.00372778
0.7 1.043 1.04425 0.00372778
0.71 1.06791 1.06995 0.00372778
0.72 1.09325 1.09573 0.00372778
0.73 1.11902 1.12151 0.00372778
0.74 1.14522 1.14729 0.00372778
0.75 1.17188 1.17314 0.00372778
0.76 1.19898 1.19921 0.00372778
0.77 1.22653 1.2257 0.00372778
0.78 1.25455 1.25283 0.00372778
0.79 1.28304 1.2808 0.00372778
0.8 1.312 1.30973 0.00372778
0.81 1.34144 1.33966 0.00372778
0.82 1.37137 1.3705 0.00372778
0.83 1.40179 1.40205 0.00372778
0.84 1.4327 1.43403 0.00372778
0.85 1.46413 1.46614 0.00372778
0.86 1.49606 1.49817 0.00372778
0.87 1.5285 1.53005 0.00372778
0.88 1.56147 1.56192 0.00372778
0.89 1.59497 1.59415 0.00372778
0.9 1.629 1.62721 0.00372778
0.91 1.66357 1.66157 0.00372778
0.92 1.69869 1.69742 0.00372778
0.93 1.73436 1.73452 0.00372778
0.94 1.77058 1.77213 0.00372778
0.95 1.80738 1.80928 0.00372778
0.96 1.84474 1.84544 0.00372778
0.97 1.88267 1.8814 0.00372778
0.98 1.92119 1.91951 0.00372778
0.99 1.9603 1.96137 0.00372778
