-1 2 2.00427 0.00865687
-0.99 1.9603 1.95642 0.00865687
-0.98 1.92119 1.91776 0.00865687
-0.97 1.88267 1.88247 0.00865687
-0.96 1.84474 1.84753 0.00865687
-0.95 1.80737 1.81173 0.00865687
-0.94 1.77058 1.77487 0.00865687
-0.93 1.73436 1.73732 0.00865687
-0.92 1.69869 1.69962 0.00865687
-0.91 1.66357 1.66233 0.00865687
-0.9 1.629 1.62589 0.00865687
-0.89 1.59497 1.59062 0.00865687
-0.88 1.56147 1.55664 0.00865687
-0.87 1.5285 1.52395 0.00865687
-0.86 1.49606 1.49244 0.00865687
-0.85 1.46412 1.46193 0.00865687
-0.84 1.4327 1.4322 0.00865687
-0.83 1.40179 1.40304 0.00865687
-0.82 1.37137 1.37422 0.00865687
-0.81 1.34144 1.34558 0.00865687
-0.8 1.312 1.317 0.00865687
-0.79 1.28304 1.28841 0.00865687
-0.78 1.25455 1.25977 0.00865687
-0.77 1.22653 1.23113 0.00865687
-0.76 1.19898 1.20254 0.00865687
-0.75 1.17187 1.1741 0.00865687
-0.74 1.14522 1.14591 0.00865687
-0.73 1.11902 1.1181 0.00865687
-0.72 1.09325 1.09077 0.00865687
-0.71 1.06791 1.06405 0.00865687
-0.7 1.043 1.03801 0.00865687
-0.69 1.01851 1.01273 0.00865687
-0.68 0.994432 0.988251 0.00865687
-0.67 0.970763 0.964589 0.00865687
-0.66 0.947496 0.941734 0.00865687
-0.65 0.924625 0.91965 0.00865687
-0.64 0.902144 0.898283 0.00865687
-0.63 0.880047 0.877557 0.00865687
-0.62 0.858328 0.857386 0.00865687
-0.61 0.836981 0.837675 0.00865687
-0.6 0.816 0.818325 0.00865687
-0.59 0.795379 0.799239 0.00865687
-0.58 0.775112 0.780328 0.00865687
-0.57 0.755193 0.761513 0.00865687
-0.56 0.735616 0.742727 0.00865687
-0.55 0.716375 0.72392 0.00865687
-0.54 0.697464 0.705063 0.00865687
-0.53 0.678877 0.68614 0.00865687
-0.52 0.660608 0.667159 0.00865687
-0.51 0.642651 0.648142 0.00865687
-0.5 0.625 0.62913 0.00865687
-0.49 0.607649 0.610175 0.00865687
-0.48 0.590592 0.591343 0.00865687
-0.47 0.573823 0.572705 0.00865687
-0.46 0.557336 0.55434 0.00865687
-0.45 0.541125 0.536325 0.00865687
-0.44 0.525184 0.518737 0.00865687
-0.43 0.509507 0.501645 0.00865687
-0.42 0.494088 0.485112 0.00865687
-0.41 0.478921 0.469187 0.00865687
-0.4 0.464 0.453907 0.00865687
-0.39 0.449319 0.439292 0.00865687
-0.38 0.434872 0.425348 0.00865687
-0.37 0.420653 0.412062 0.00865687
-0.36 0.406656 0.399404 0.00865687
-0.35 0.392875 0.387329 0.00865687
-0.34 0.379304 0.375775 0.00865687
-0.33 0.365937 0.364668 0.00865687
-0.32 0.352768 0.353921 0.00865687
-0.31 0.339791 0.343442 0.00865687
-0.3 0.327 0.333129 0.00865687
-0.29 0.314389 0.322879 0.00865687
-0.28 0.301952 0.31259 0.00865687
-0.27 0.289683 0.302163 0.00865687
-0.26 0.277576 0.291507 0.00865687
-0.25 0.265625 0.280541 0.00865687
-0.24 0.253824 0.269194 0.00865687
-0.23 0.242167 0.257413 0.00865687
-0.22 0.230648 0.245163 0.00865687
-0.21 0.219261 0.232426 0.00865687
-0.2 0.208 0.219205 0.00865687
-0.19 0.196859 0.205523 0.00865687
-0.18 0.185832 0.191426 0.00865687
-0.17 0.174913 0.176979 0.00865687
-0.16 0.164096 0.162267 0.00865687
-0.15 0.153375 0.147393 0.00865687
-0.14 0.142744 0.132476 0.00865687
-0.13 0.132197 0.11765 0.00865687
-0.12 0.121728 0.103058 0.00865687
-0.11 0.111331 0.088854 0.00865687
-0.1 0.101 0.0751944 0.00865687
-0.09 0.090729 0.0622385 0.00865687
-0.08 0.080512 0.0501433 0.00865687
-0.07 0.070343 0.0390604 0.00865687
-0.06 0.060216 0.0291329 0.00865687
-0.05 0.050125 0.0204917 0.00865687
-0.04 0.040064 0.0132532 0.00865687
-0.03 0.030027 0.00751625 0.00865687
-0.02 0.020008 0.0033602 0.00865687
-0.01 0.010001 0.000843014 0.00865687
7.5287e-16 7.5287e-16 1.11022e-15 0.00865687
0.01 0.010001 0.000843014 0.00865687
0.02 0.020008 0.0033602 0.00865687
0.03 0.030027 0.00751625 0.00865687
0.04 0.040064 0.0132532 0.00865687
0.05 0.050125 0.0204917 0.00865687
0.06 0.060216 0.0291329 0.00865687
0.07 0.070343 0.0390604 0.00865687
0.08 0.080512 0.0501433 0.00865687
0.09 0.090729 0.0622385 0.00865687
0.1 0.101 0.0751944 0.00865687
0.11 0.111331 0.088854 0.00865687
0.12 0.121728 0.103058 0.00865687
0.13 0.132197 0.11765 0.00865687
0.14 0.142744 0.132476 0.00865687
0.15 0.153375 0.147393 0.00865687
0.16 0.164096 0.162267 0.00865687
0.17 0.174913 0.176979 0.00865687
0.18 0.185832 0.191426 0.00865687
0.19 0.196859 0.205523 0.00865687
0.2 0.208 0.219205 0.00865687
0.21 0.219261 0.232426 0.00865687
0.22 0.230648 0.245163 0.00865687
0.23 0.242167 0.257413 0.00865687
0.24 0.253824 0.269194 0.00865687
0.25 0.265625 0.280541 0.00865687
0.26 0.277576 0.291507 0.00865687
0.27 0.289683 0.302163 0.00865687
0.28 0.301952 0.31259 0.00865687
0.29 0.314389 0.322879 0.00865687
0.3 0.327 0.333129 0.00865687
0.31 0.339791 0.343442 0.00865687
0.32 0.352768 0.353921 0.00865687
0.33 0.365937 0.364668 0.00865687
0.34 0.379304 0.375775 0.00865687
0.35 0.392875 0.387329 0.00865687
0.36 0.406656 0.399404 0.00865687
0.37 0.420653 0.412062 0.00865687
0.38 0.434872 0.425348 0.00865687
0.39 0.449319 0.439292 0.00865687
0.4 0.464 0.453907 0.00865687
0.41 0.478921 0.469187 0.00865687
0.42 0.494088 0.485112 0.00865687
0.43 0.509507 0.501645 0.00865687
0.44 0.525184 0.518737 0.00865687
0.45 0.541125 0.536325 0.00865687
0.46 0.557336 0.55434 0.00865687
0.47 0.573823 0.572705 0.00865687
0.48 0.590592 0.591343 0.00865687
0.49 0.607649 0.610175 0.00865687
0.5 0.625 0.62913 0.00865687
0.51 0.642651 0.648142 0.00865687
0.52 0.660608 0.667159 0.00865687
0.53 0.678877 0.68614 0.00865687
0.54 0.697464 0.705063 0.00865687
0.55 0.716375 0.72392 0.00865687
0.56 0.735616 0.742727 0.00865687
0.57 0.755193 0.761513 0.00865687
0.58 0.775112 0.780328 0.00865687
0.59 0.795379 0.799239 0.00865687
0.6 0.816 0.818325 0.00865687
0.61 0.836981 0.837675 0.00865687
0.62 0.858328 0.857386 0.00865687
0.63 0.880047 0.877557 0.00865687
0.64 0.902144 0.898283 0.00865687
0.65 0.924625 0.91965 0.00865687
0.66 0.947496 0.941734 0.00865687
0.67 0.970763 0.964589 0.00865687
0.68 0.994432 0.988251 0.00865687
0.69 1.01851 1.01273 0.00865687
0.7 1.043 1.03801 0.00865687
0.71 1.06791 1.06405 0.00865687
0.72 1.09325 1.09077 0.00865687
0.73 1.11902 1.1181 0.00865687
0.74 1.14522 1.14591 0.00865687
0.75 1.17188 1.1741 0.00865687
0.76 1.19898 1.20254 0.00865687
0.77 1.22653 1.23113 0.00865687
0.78 1.25455 1.25977 0.00865687
0.79 1.28304 1.28841 0.00865687
0.8 1.312 1.317 0.00865687
0.81 1.34144 1.34558 0.00865687
0.82 1.37137 1.37422 0.00865687
0.83 1.40179 1.40304 0.00865687
0.84 1.4327 1.4322 0.00865687
0.85 1.46413 1.46193 0.00865687
0.86 1.49606 1.49244 0.00865687
0.87 1.5285 1.52395 0.00865687
0.88 1.56147 1.55664 0.00865687
0.89 1.59497 1.59062 0.00865687
0.9 1.629 1.62589 0.00865687
0.91 1.66357 1.66233 0.00865687
0.92 1.69869 1.69962 0.00865687
0.93 1.73436 1.73732 0.00865687
0.94 1.77058 1.77487 0.00865687
0.95 1.80738 1.81173 0.00865687
0.96 1.84474 1.84753 0.00865687
0.97 1.88267 1.88247 0.00865687
0.98 1.92119 1.91776 0.00865687
0.99 1.9603 1.95642 0.00865687
