-1 2 2.00366 7.93444e-16
-0.99 1.9603 1.96188 7.93444e-16
-0.98 1.92119 1.92107 7.93444e-16
-0.97 1.88267 1.88119 7.93444e-16
-0.96 1.84474 1.8422 7.93444e-16
-0.95 1.80737 1.80406 7.93444e-16
-0.94 1.77058 1.76675 7.93444e-16
-0.93 1.73436 1.73022 7.93444e-16
-0.92 1.69869 1.69445 7.93444e-16
-0.91 1.66357 1.6594 7.93444e-16
-0.9 1.629 1.62505 7.93444e-16
-0.89 1.59497 1.59137 7.93444e-16
-0.88 1.56147 1.55832 7.93444e-16
-0.87 1.5285 1.5259 7.93444e-16
-0.86 1.49606 1.49407 7.93444e-16
-0.85 1.46412 1.4628 7.93444e-16
-0.84 1.4327 1.43208 7.93444e-16
-0.83 1.40179 1.40189 7.93444e-16
-0.82 1.37137 1.37221 7.93444e-16
-0.81 1.34144 1.34302 7.93444e-16
-0.8 1.312 1.31429 7.93444e-16
-0.79 1.28304 1.28602 7.93444e-16
-0.78 1.25455 1.25819 7.93444e-16
-0.77 1.22653 1.23079 7.93444e-16
-0.76 1.19898 1.20379 7.93444e-16
-0.75 1.17187 1.1772 7.93444e-16
-0.74 1.14522 1.15098 7.93444e-16
-0.73 1.11902 1.12515 7.93444e-16
-0.72 1.09325 1.09968 7.93444e-16
-0.71 1.06791 1.07456 7.93444e-16
-0.7 1.043 1.04979 7.93444e-16
-0.69 1.01851 1.02536 7.93444e-16
-0.68 0.994432 1.00126 7.93444e-16
-0.67 0.970763 0.97748 7.93444e-16
-0.66 0.947496 0.954022 7.93444e-16
-0.65 0.924625 0.930876 7.93444e-16
-0.64 0.902144 0.908038 7.93444e-16
-0.63 0.880047 0.885505 7.93444e-16
-0.62 0.858328 0.863271 7.93444e-16
-0.61 0.836981 0.841334 7.93444e-16
-0.6 0.816 0.819692 7.93444e-16
-0.59 0.795379 0.798342 7.93444e-16
-0.58 0.775112 0.777283 7.93444e-16
-0.57 0.755193 0.756513 7.93444e-16
-0.56 0.735616 0.736032 7.93444e-16
-0.55 0.716375 0.715839 7.93444e-16
-0.54 0.697464 0.695934 7.93444e-16
-0.53 0.678877 0.676318 7.93444e-16
-0.52 0.660608 0.656991 7.93444e-16
-0.51 0.642651 0.637954 7.93444e-16
-0.5 0.625 0.619208 7.93444e-16
-0.49 0.607649 0.600756 7.93444e-16
-0.48 0.590592 0.582598 7.93444e-16
-0.47 0.573823 0.564738 7.93444e-16
-0.46 0.557336 0.547176 7.93444e-16
-0.45 0.541125 0.529917 7.93444e-16
-0.44 0.525184 0.512963 7.93444e-16
-0.43 0.509507 0.496316 7.93444e-16
-0.42 0.494088 0.47998 7.93444e-16
-0.41 0.478921 0.463957 7.93444e-16
-0.4 0.464 0.448252 7.93444e-16
-0.39 0.449319 0.432868 7.93444e-16
-0.38 0.434872 0.417808 7.93444e-16
-0.37 0.420653 0.403077 7.93444e-16
-0.36 0.406656 0.388677 7.93444e-16
-0.35 0.392875 0.374613 7.93444e-16
-0.34 0.379304 0.360888 7.93444e-16
-0.33 0.365937 0.347507 7.93444e-16
-0.32 0.352768 0.334473 7.93444e-16
-0.31 0.339791 0.32179 7.93444e-16
-0.3 0.327 0.309463 7.93444e-16
-0.29 0.314389 0.297495 7.93444e-16
-0.28 0.301952 0.28589 7.93444e-16
-0.27 0.289683 0.274652 7.93444e-16
-0.26 0.277576 0.263785 7.93444e-16
-0.25 0.265625 0.253292 7.93444e-16
-0.24 0.253824 0.243178 7.93444e-16
-0.23 0.242167 0.233446 7.93444e-16
-0.22 0.230648 0.224099 7.93444e-16
-0.21 0.219261 0.215142 7.93444e-16
-0.2 0.208 0.206576 7.93444e-16
-0.19 0.196859 0.198407 7.93444e-16
-0.18 0.185832 0.190636 7.93444e-16
-0.17 0.174913 0.183267 7.93444e-16
-0.16 0.164096 0.176302 7.93444e-16
-0.15 0.153375 0.169746 7.93444e-16
-0.14 0.142744 0.163599 7.93444e-16
-0.13 0.132197 0.157866 7.93444e-16
-0.12 0.121728 0.152547 7.93444e-16
-0.11 0.111331 0.147645 7.93444e-16
-0.1 0.101 0.143163 7.93444e-16
-0.09 0.090729 0.139102 7.93444e-16
-0.08 0.080512 0.135464 7.93444e-16
-0.07 0.070343 0.13225 7.93444e-16
-0.06 0.060216 0.129462 7.93444e-16
-0.05 0.050125 0.1271 7.93444e-16
-0.04 0.040064 0.125167 7.93444e-16
-0.03 0.030027 0.123663 7.93444e-16
-0.02 0.020008 0.122587 7.93444e-16
-0.01 0.010001 0.121942 7.93444e-16
7.5287e-16 7.5287e-16 0.121727 7.93444e-16
0.01 0.010001 0.121942 7.93444e-16
0.02 0.020008 0.122587 7.93444e-16
0.03 0.030027 0.123663 7.93444e-16
0.04 0.040064 0.125167 7.93444e-16
0.05 0.050125 0.1271 7.93444e-16
0.06 0.060216 0.129462 7.93444e-16
0.07 0.070343 0.13225 7.93444e-16
0.08 0.080512 0.135464 7.93444e-16
0.09 0.090729 0.139102 7.93444e-16
0.1 0.101 0.143163 7.93444e-16
0.11 0.111331 0.147645 7.93444e-16
0.12 0.121728 0.152547 7.93444e-16
0.13 0.132197 0.157866 7.93444e-16
0.14 0.142744 0.163599 7.93444e-16
0.15 0.153375 0.169746 7.93444e-16
0.16 0.164096 0.176302 7.93444e-16
0.17 0.174913 0.183267 7.93444e-16
0.18 0.185832 0.190636 7.93444e-16
0.19 0.196859 0.198407 7.93444e-16
0.2 0.208 0.206576 7.93444e-16
0.21 0.219261 0.215142 7.93444e-16
0.22 0.230648 0.224099 7.93444e-16
0.23 0.242167 0.233446 7.93444e-16
0.24 0.253824 0.243178 7.93444e-16
0.25 0.265625 0.253292 7.93444e-16
0.26 0.277576 0.263785 7.93444e-16
0.27 0.289683 0.274652 7.93444e-16
0.28 0.301952 0.28589 7.93444e-16
0.29 0.314389 0.297495 7.93444e-16
0.3 0.327 0.309463 7.93444e-16
0.31 0.339791 0.32179 7.93444e-16
0.32 0.352768 0.334473 7.93444e-16
0.33 0.365937 0.347507 7.93444e-16
0.34 0.379304 0.360888 7.93444e-16
0.35 0.392875 0.374613 7.93444e-16
0.36 0.406656 0.388677 7.93444e-16
0.37 0.420653 0.403077 7.93444e-16
0.38 0.434872 0.417808 7.93444e-16
0.39 0.449319 0.432868 7.93444e-16
0.4 0.464 0.448252 7.93444e-16
0.41 0.478921 0.463957 7.93444e-16
0.42 0.494088 0.47998 7.93444e-16
0.43 0.509507 0.496316 7.93444e-16
0.44 0.525184 0.512963 7.93444e-16
0.45 0.541125 0.529917 7.93444e-16
0.46 0.557336 0.547176 7.93444e-16
0.47 0.573823 0.564738 7.93444e-16
0.48 0.590592 0.582598 7.93444e-16
0.49 0.607649 0.600756 7.93444e-16
0.5 0.625 0.619208 7.93444e-16
0.51 0.642651 0.637954 7.93444e-16
0.52 0.660608 0.656991 7.93444e-16
0.53 0.678877 0.676318 7.93444e-16
0.54 0.697464 0.695934 7.93444e-16
0.55 0.716375 0.715839 7.93444e-16
0.56 0.735616 0.736032 7.93444e-16
0.57 0.755193 0.756513 7.93444e-16
0.58 0.775112 0.777283 7.93444e-16
0.59 0.795379 0.798342 7.93444e-16
0.6 0.816 0.819692 7.93444e-16
0.61 0.836981 0.841334 7.93444e-16
0.62 0.858328 0.863271 7.93444e-16
0.63 0.880047 0.885505 7.93444e-16
0.64 0.902144 0.908038 7.93444e-16
0.65 0.924625 0.930876 7.93444e-16
0.66 0.947496 0.954022 7.93444e-16
0.67 0.970763 0.97748 7.93444e-16
0.68 0.994432 1.00126 7.93444e-16
0.69 1.01851 1.02536 7.93444e-16
0.7 1.043 1.04979 7.93444e-16
0.71 1.06791 1.07456 7.93444e-16
0.72 1.09325 1.09968 7.93444e-16
0.73 1.11902 1.12515 7.93444e-16
0.74 1.14522 1.15098 7.93444e-16
0.75 1.17188 1.1772 7.93444e-16
0.76 1.19898 1.20379 7.93444e-16
0.77 1.22653 1.23079 7.93444e-16
0.78 1.25455 1.25819 7.93444e-16
0.79 1.28304 1.28602 7.93444e-16
0.8 1.312 1.31429 7.93444e-16
0.81 1.34144 1.34302 7.93444e-16
0.82 1.37137 1.37221 7.93444e-16
0.83 1.40179 1.40189 7.93444e-16
0.84 1.4327 1.43208 7.93444e-16
0.85 1.46413 1.4628 7.93444e-16
0.86 1.49606 1.49407 7.93444e-16
0.87 1.5285 1.5259 7.93444e-16
0.88 1.56147 1.55832 7.93444e-16
0.89 1.59497 1.59137 7.93444e-16
0.9 1.629 1.62505 7.93444e-16
0.91 1.66357 1.6594 7.93444e-16
0.92 1.69869 1.69445 7.93444e-16
0.93 1.73436 1.73022 7.93444e-16
0.94 1.77058 1.76675 7.93444e-16
0.95 1.80738 1.80406 7.93444e-16
0.96 1.84474 1.8422 7.93444e-16
0.97 1.88267 1.88119 7.93444e-16
0.98 1.92119 1.92107 7.93444e-16
0.99 1.9603 1.96188 7.93444e-16
