-1 2 1.99935 0.00130754
-0.99 1.9603 1.95978 0.00130754
-0.98 1.92119 1.92181 0.00130754
-0.97 1.88267 1.88209 0.00130754
-0.96 1.84474 1.84458 0.00130754
-0.95 1.80737 1.80805 0.00130754
-0.94 1.77058 1.77073 0.00130754
-0.93 1.73436 1.73371 0.00130754
-0.92 1.69869 1.69824 0.00130754
-0.91 1.66357 1.66393 0.00130754
-0.9 1.629 1.62972 0.00130754
-0.89 1.59497 1.59523 0.00130754
-0.88 1.56147 1.561 0.00130754
-0.87 1.5285 1.52776 0.00130754
-0.86 1.49606 1.49572 0.00130754
-0.85 1.46412 1.46448 0.00130754
-0.84 1.4327 1.43347 0.00130754
-0.83 1.40179 1.40238 0.00130754
-0.82 1.37137 1.37136 0.00130754
-0.81 1.34144 1.34083 0.00130754
-0.8 1.312 1.31119 0.00130754
-0.79 1.28304 1.28254 0.00130754
-0.78 1.25455 1.25467 0.00130754
-0.77 1.22653 1.22721 0.00130754
-0.76 1.19898 1.19983 0.00130754
-0.75 1.17187 1.17244 0.00130754
-0.74 1.14522 1.14521 0.00130754
-0.73 1.11902 1.11841 0.00130754
-0.72 1.09325 1.09235 0.00130754
-0.71 1.06791 1.06715 0.00130754
-0.7 1.043 1.04273 0.00130754
-0.69 1.01851 1.01886 0.00130754
-0.68 0.994432 0.995266 0.00130754
-0.67 0.970763 0.971723 0.00130754
-0.66 0.947496 0.948177 0.00130754
-0.65 0.924625 0.924739 0.00130754
-0.64 0.902144 0.901633 0.00130754
-0.63 0.880047 0.8791 0.00130754
-0.62 0.858328 0.857304 0.00130754
-0.61 0.836981 0.836269 0.00130754
-0.6 0.816 0.815875 0.00130754
-0.59 0.795379 0.795901 0.00130754
-0.58 0.775112 0.77611 0.00130754
-0.57 0.755193 0.756324 0.00130754
-0.56 0.735616 0.736488 0.00130754
-0.55 0.716375 0.71668 0.00130754
-0.54 0.697464 0.697082 0.00130754
-0.53 0.678877 0.677915 0.00130754
-0.52 0.660608 0.659365 0.00130754
-0.51 0.642651 0.641522 0.00130754
-0.5 0.625 0.624351 0.00130754
-0.49 0.607649 0.607702 0.00130754
-0.48 0.590592 0.591355 0.00130754
-0.47 0.573823 0.575085 0.00130754
-0.46 0.557336 0.55873 0.00130754
-0.45 0.541125 0.542234 0.00130754
-0.44 0.525184 0.525665 0.00130754
-0.43 0.509507 0.509192 0.00130754
-0.42 0.494088 0.493036 0.00130754
-0.41 0.478921 0.477406 0.00130754
-0.4 0.464 0.462438 0.00130754
-0.39 0.449319 0.448154 0.00130754
-0.38 0.434872 0.434451 0.00130754
-0.37 0.420653 0.421131 0.00130754
-0.36 0.406656 0.407945 0.00130754
-0.35 0.392875 0.39466 0.00130754
-0.34 0.379304 0.381121 0.00130754
-0.33 0.365937 0.367293 0.00130754
-0.32 0.352768 0.353269 0.00130754
-0.31 0.339791 0.339253 0.00130754
-0.3 0.327 0.325503 0.00130754
-0.29 0.314389 0.312271 0.00130754
-0.28 0.301952 0.299734 0.00130754
-0.27 0.289683 0.287942 0.00130754
-0.26 0.277576 0.276803 0.00130754
-0.25 0.265625 0.266092 0.00130754
-0.24 0.253824 0.255504 0.00130754
-0.23 0.242167 0.24472 0.00130754
-0.22 0.230648 0.233487 0.00130754
-0.21 0.219261 0.221678 0.00130754
-0.2 0.208 0.209337 0.00130754
-0.19 0.196859 0.19667 0.00130754
-0.18 0.185832 0.184014 0.00130754
-0.17 0.174913 0.171762 0.00130754
-0.16 0.164096 0.160271 0.00130754
-0.15 0.153375 0.149775 0.00130754
-0.14 0.142744 0.140317 0.00130754
-0.13 0.132197 0.131717 0.00130754
-0.12 0.121728 0.123588 0.00130754
-0.11 0.111331 0.115399 0.00130754
-0.1 0.101 0.10658 0.00130754
-0.09 0.090729 0.0966345 0.00130754
-0.08 0.080512 0.0852679 0.00130754
-0.07 0.070343 0.0724735 0.00130754
-0.06 0.060216 0.0585821 0.00130754
-0.05 0.050125 0.0442523 0.00130754
-0.04 0.040064 0.0304024 0.00130754
-0.03 0.030027 0.0180925 0.00130754
-0.02 0.020008 0.00837633 0.00130754
-0.01 0.010001 0.00214652 0.00130754
7.5287e-16 7.5287e-16 5.77316e-15 0.00130754
0.01 0.010001 0.00214652 0.00130754
0.02 0.020008 0.00837633 0.00130754
0.03 0.030027 0.0180925 0.00130754
0.04 0.040064 0.0304024 0.00130754
0.05 0.050125 0.0442523 0.00130754
0.06 0.060216 0.0585821 0.00130754
0.07 0.070343 0.0724735 0.00130754
0.08 0.080512 0.0852679 0.00130754
0.09 0.090729 0.0966345 0.00130754
0.1 0.101 0.10658 0.00130754
0.11 0.111331 0.115399 0.00130754
0.12 0.121728 0.123588 0.00130754
0.13 0.132197 0.131717 0.00130754
0.14 0.142744 0.140317 0.00130754
0.15 0.153375 0.149775 0.00130754
0.16 0.164096 0.160271 0.00130754
0.17 0.174913 0.171762 0.00130754
0.18 0.185832 0.184014 0.00130754
0.19 0.196859 0.19667 0.00130754
0.2 0.208 0.209337 0.00130754
0.21 0.219261 0.221678 0.00130754
0.22 0.230648 0.233487 0.00130754
0.23 0.242167 0.24472 0.00130754
0.24 0.253824 0.255504 0.00130754
0.25 0.265625 0.266092 0.00130754
0.26 0.277576 0.276803 0.00130754
0.27 0.289683 0.287942 0.00130754
0.28 0.301952 0.299734 0.00130754
0.29 0.314389 0.312271 0.00130754
0.3 0.327 0.325503 0.00130754
0.31 0.339791 0.339253 0.00130754
0.32 0.352768 0.353269 0.00130754
0.33 0.365937 0.367293 0.00130754
0.34 0.379304 0.381121 0.00130754
0.35 0.392875 0.39466 0.00130754
0.36 0.406656 0.407945 0.00130754
0.37 0.420653 0.421131 0.00130754
0.38 0.434872 0.434451 0.00130754
0.39 0.449319 0.448154 0.00130754
0.4 0.464 0.462438 0.00130754
0.41 0.478921 0.477406 0.00130754
0.42 0.494088 0.493036 0.00130754
0.43 0.509507 0.509192 0.00130754
0.44 0.525184 0.525665 0.00130754
0.45 0.541125 0.542234 0.00130754
0.46 0.557336 0.55873 0.00130754
0.47 0.573823 0.575085 0.00130754
0.48 0.590592 0.591355 0.00130754
0.49 0.607649 0.607702 0.00130754
0.5 0.625 0.624351 0.00130754
0.51 0.642651 0.641522 0.00130754
0.52 0.660608 0.659365 0.00130754
0.53 0.678877 0.677915 0.00130754
0.54 0.697464 0.697082 0.00130754
0.55 0.716375 0.71668 0.00130754
0.56 0.735616 0.736488 0.00130754
0.57 0.755193 0.756324 0.00130754
0.58 0.775112 0.77611 0.00130754
0.59 0.795379 0.795901 0.00130754
0.6 0.816 0.815875 0.00130754
0.61 0.836981 0.836269 0.00130754
0.62 0.858328 0.857304 0.00130754
0.63 0.880047 0.8791 0.00130754
0.64 0.902144 0.901633 0.00130754
0.65 0.924625 0.924739 0.00130754
0.66 0.947496 0.948177 0.00130754
0.67 0.970763 0.971723 0.00130754
0.68 0.994432 0.995266 0.00130754
0.69 1.01851 1.01886 0.00130754
0.7 1.043 1.04273 0.00130754
0.71 1.06791 1.06715 0.00130754
0.72 1.09325 1.09235 0.00130754
0.73 1.11902 1.11841 0.00130754
0.74 1.14522 1.14521 0.00130754
0.75 1.17188 1.17244 0.00130754
0.76 1.19898 1.19983 0.00130754
0.77 1.22653 1.22721 0.00130754
0.78 1.25455 1.25467 0.00130754
0.79 1.28304 1.28254 0.00130754
0.8 1.312 1.31119 0.00130754
0.81 1.34144 1.34083 0.00130754
0.82 1.37137 1.37136 0.00130754
0.83 1.40179 1.40238 0.00130754
0.84 1.4327 1.43347 0.00130754
0.85 1.46413 1.46448 0.00130754
0.86 1.49606 1.49572 0.00130754
0.87 1.5285 1.52776 0.00130754
0.88 1.56147 1.561 0.00130754
0.89 1.59497 1.59523 0.00130754
0.9 1.629 1.62972 0.00130754
0.91 1.66357 1.66393 0.00130754
0.92 1.69869 1.69824 0.00130754
0.93 1.73436 1.73371 0.00130754
0.94 1.77058 1.77073 0.00130754
0.95 1.80738 1.80805 0.00130754
0.96 1.84474 1.84458 0.00130754
0.97 1.88267 1.88209 0.00130754
0.98 1.92119 1.92181 0.00130754
0.99 1.9603 1.95978 0.00130754
