-1 2 1.99649 0.00709399
-0.99 1.9603 1.96379 0.00709399
-0.98 1.92119 1.92292 0.00709399
-0.97 1.88267 1.88112 0.00709399
-0.96 1.84474 1.84127 0.00709399
-0.95 1.80737 1.80396 0.00709399
-0.94 1.77058 1.76866 0.00709399
-0.93 1.73436 1.73455 0.00709399
-0.92 1.69869 1.70085 0.00709399
-0.91 1.66357 1.66704 0.00709399
-0.9 1.629 1.63289 0.00709399
-0.89 1.59497 1.59839 0.00709399
-0.88 1.56147 1.56372 0.00709399
-0.87 1.5285 1.52918 0.00709399
-0.86 1.49606 1.49505 0.00709399
-0.85 1.46412 1.46162 0.00709399
-0.84 1.4327 1.4291 0.00709399
-0.83 1.40179 1.39762 0.00709399
-0.82 1.37137 1.36722 0.00709399
-0.81 1.34144 1.33787 0.00709399
-0.8 1.312 1.30945 0.00709399
-0.79 1.28304 1.28183 0.00709399
-0.78 1.25455 1.25483 0.00709399
-0.77 1.22653 1.22827 0.00709399
-0.76 1.19898 1.202 0.00709399
-0.75 1.17187 1.17588 0.00709399
-0.74 1.14522 1.14982 0.00709399
-0.73 1.11902 1.12376 0.00709399
-0.72 1.09325 1.0977 0.00709399
-0.71 1.06791 1.07166 0.00709399
-0.7 1.043 1.0457 0.00709399
-0.69 1.01851 1.01991 0.00709399
-0.68 0.994432 0.994407 0.00709399
-0.67 0.970763 0.969286 0.00709399
-0.66 0.947496 0.94466 0.00709399
-0.65 0.924625 0.920629 0.00709399
-0.64 0.902144 0.897271 0.00709399
-0.63 0.880047 0.874645 0.00709399
-0.62 0.858328 0.852782 0.00709399
-0.61 0.836981 0.831686 0.00709399
-0.6 0.816 0.811335 0.00709399
-0.59 0.795379 0.791681 0.00709399
-0.58 0.775112 0.772655 0.00709399
-0.57 0.755193 0.754171 0.00709399
-0.56 0.735616 0.736132 0.00709399
-0.55 0.716375 0.718436 0.00709399
-0.54 0.697464 0.70098 0.00709399
-0.53 0.678877 0.683668 0.00709399
-0.52 0.660608 0.666415 0.00709399
-0.51 0.642651 0.649149 0.00709399
-0.5 0.625 0.63182 0.00709399
-0.49 0.607649 0.614396 0.00709399
-0.48 0.590592 0.596869 0.00709399
-0.47 0.573823 0.57925 0.00709399
-0.46 0.557336 0.561575 0.00709399
-0.45 0.541125 0.543894 0.00709399
-0.44 0.525184 0.526276 0.00709399
-0.43 0.509507 0.508799 0.00709399
-0.42 0.494088 0.491552 0.00709399
-0.41 0.478921 0.474622 0.00709399
-0.4 0.464 0.458099 0.00709399
-0.39 0.449319 0.442065 0.00709399
-0.38 0.434872 0.426591 0.00709399
-0.37 0.420653 0.411733 0.00709399
-0.36 0.406656 0.397533 0.00709399
-0.35 0.392875 0.38401 0.00709399
-0.34 0.379304 0.371163 0.00709399
-0.33 0.365937 0.358969 0.00709399
-0.32 0.352768 0.347383 0.00709399
-0.31 0.339791 0.336342 0.00709399
-0.3 0.327 0.325761 0.00709399
-0.29 0.314389 0.315543 0.00709399
-0.28 0.301952 0.305578 0.00709399
-0.27 0.289683 0.295747 0.00709399
-0.26 0.277576 0.285928 0.00709399
-0.25 0.265625 0.276001 0.00709399
-0.24 0.253824 0.265852 0.00709399
-0.23 0.242167 0.255376 0.00709399
-0.22 0.230648 0.244485 0.00709399
-0.21 0.219261 0.233108 0.00709399
-0.2 0.208 0.221195 0.00709399
-0.19 0.196859 0.208725 0.00709399
-0.18 0.185832 0.1957 0.00709399
-0.17 0.174913 0.182152 0.00709399
-0.16 0.164096 0.168139 0.00709399
-0.15 0.153375 0.153747 0.00709399
-0.14 0.142744 0.13909 0.00709399
-0.13 0.132197 0.124304 0.00709399
-0.12 0.121728 0.109545 0.00709399
-0.11 0.111331 0.0949864 0.00709399
-0.1 0.101 0.0808132 0.00709399
-0.09 0.090729 0.0672187 0.00709399
-0.08 0.080512 0.0543984 0.00709399
-0.07 0.070343 0.042545 0.00709399
-0.06 0.060216 0.0318434 0.00709399
-0.05 0.050125 0.0224655 0.00709399
-0.04 0.040064 0.0145657 0.00709399
-0.03 0.030027 0.00827661 0.00709399
-0.02 0.020008 0.00370526 0.00709399
-0.01 0.010001 0.000930361 0.00709399
7.5287e-16 7.5287e-16 -3.33067e-15 0.00709399
0.01 0.010001 0.000930361 0.00709399
0.02 0.020008 0.00370526 0.00709399
0.03 0.030027 0.00827661 0.00709399
0.04 0.040064 0.0145657 0.00709399
0.05 0.050125 0.0224655 0.00709399
0.06 0.060216 0.0318434 0.00709399
0.07 0.070343 0.042545 0.00709399
0.08 0.080512 0.0543984 0.00709399
0.09 0.090729 0.0672187 0.00709399
0.1 0.101 0.0808132 0.00709399
0.11 0.111331 0.0949864 0.00709399
0.12 0.121728 0.109545 0.00709399
0.13 0.132197 0.124304 0.00709399
0.14 0.142744 0.13909 0.00709399
0.15 0.153375 0.153747 0.00709399
0.16 0.164096 0.168139 0.00709399
0.17 0.174913 0.182152 0.00709399
0.18 0.185832 0.1957 0.00709399
0.19 0.196859 0.208725 0.00709399
0.2 0.208 0.221195 0.00709399
0.21 0.219261 0.233108 0.00709399
0.22 0.230648 0.244485 0.00709399
0.23 0.242167 0.255376 0.00709399
0.24 0.253824 0.265852 0.00709399
0.25 0.265625 0.276001 0.00709399
0.26 0.277576 0.285928 0.00709399
0.27 0.289683 0.295747 0.00709399
0.28 0.301952 0.305578 0.00709399
0.29 0.314389 0.315543 0.00709399
0.3 0.327 0.325761 0.00709399
0.31 0.339791 0.336342 0.00709399
0.32 0.352768 0.347383 0.00709399
0.33 0.365937 0.358969 0.00709399
0.34 0.379304 0.371163 0.00709399
0.35 0.392875 0.38401 0.00709399
0.36 0.406656 0.397533 0.00709399
0.37 0.420653 0.411733 0.00709399
0.38 0.434872 0.426591 0.00709399
0.39 0.449319 0.442065 0.00709399
0.4 0.464 0.458099 0.00709399
0.41 0.478921 0.474622 0.00709399
0.42 0.494088 0.491552 0.00709399
0.43 0.509507 0.508799 0.00709399
0.44 0.525184 0.526276 0.00709399
0.45 0.541125 0.543894 0.00709399
0.46 0.557336 0.561575 0.00709399
0.47 0.573823 0.57925 0.00709399
0.48 0.590592 0.596869 0.00709399
0.49 0.607649 0.614396 0.00709399
0.5 0.625 0.63182 0.00709399
0.51 0.642651 0.649149 0.00709399
0.52 0.660608 0.666415 0.00709399
0.53 0.678877 0.683668 0.00709399
0.54 0.697464 0.70098 0.00709399
0.55 0.716375 0.718436 0.00709399
0.56 0.735616 0.736132 0.00709399
0.57 0.755193 0.754171 0.00709399
0.58 0.775112 0.772655 0.00709399
0.59 0.795379 0.791681 0.00709399
0.6 0.816 0.811335 0.00709399
0.61 0.836981 0.831686 0.00709399
0.62 0.858328 0.852782 0.00709399
0.63 0.880047 0.874645 0.00709399
0.64 0.902144 0.897271 0.00709399
0.65 0.924625 0.920629 0.00709399
0.66 0.947496 0.94466 0.00709399
0.67 0.970763 0.969286 0.00709399
0.68 0.994432 0.994407 0.00709399
0.69 1.01851 1.01991 0.00709399
0.7 1.043 1.0457 0.00709399
0.71 1.06791 1.07166 0.00709399
0.72 1.09325 1.0977 0.00709399
0.73 1.11902 1.12376 0.00709399
0.74 1.14522 1.14982 0.00709399
0.75 1.17188 1.17588 0.00709399
0.76 1.19898 1.202 0.00709399
0.77 1.22653 1.22827 0.00709399
0.78 1.25455 1.25483 0.00709399
0.79 1.28304 1.28183 0.00709399
0.8 1.312 1.30945 0.00709399
0.81 1.34144 1.33787 0.00709399
0.82 1.37137 1.36722 0.00709399
0.83 1.40179 1.39762 0.00709399
0.84 1.4327 1.4291 0.00709399
0.85 1.46413 1.46162 0.00709399
0.86 1.49606 1.49505 0.00709399
0.87 1.5285 1.52918 0.00709399
0.88 1.56147 1.56372 0.00709399
0.89 1.59497 1.59839 0.00709399
0.9 1.629 1.63289 0.00709399
0.91 1.66357 1.66704 0.00709399
0.92 1.69869 1.70085 0.00709399
0.93 1.73436 1.73455 0.00709399
0.94 1.77058 1.76866 0.00709399
0.95 1.80738 1.80396 0.00709399
0.96 1.84474 1.84127 0.00709399
0.97 1.88267 1.88112 0.00709399
0.98 1.92119 1.92292 0.00709399
0.99 1.9603 1.96379 0.00709399
