-1 2 2.01228 0.025434
-0.99 1.9603 1.96047 0.025434
-0.98 1.92119 1.91379 0.025434
-0.97 1.88267 1.87124 0.025434
-0.96 1.84474 1.83198 0.025434
-0.95 1.80737 1.79528 0.025434
-0.94 1.77058 1.76053 0.025434
-0.93 1.73436 1.72724 0.025434
-0.92 1.69869 1.69499 0.025434
-0.91 1.66357 1.66344 0.025434
-0.9 1.629 1.63234 0.025434
-0.89 1.59497 1.60148 0.025434
-0.88 1.56147 1.57072 0.025434
-0.87 1.5285 1.53995 0.025434
-0.86 1.49606 1.50911 0.025434
-0.85 1.46412 1.47818 0.025434
-0.84 1.4327 1.44714 0.025434
-0.83 1.40179 1.41602 0.025434
-0.82 1.37137 1.38485 0.025434
-0.81 1.34144 1.35368 0.025434
-0.8 1.312 1.32257 0.025434
-0.79 1.28304 1.29159 0.025434
-0.78 1.25455 1.2608 0.025434
-0.77 1.22653 1.23029 0.025434
-0.76 1.19898 1.20011 0.025434
-0.75 1.17187 1.17034 0.025434
-0.74 1.14522 1.14104 0.025434
-0.73 1.11902 1.11228 0.025434
-0.72 1.09325 1.08411 0.025434
-0.71 1.06791 1.05657 0.025434
-0.7 1.043 1.02971 0.025434
-0.69 1.01851 1.00357 0.025434
-0.68 0.994432 0.978156 0.025434
-0.67 0.970763 0.953501 0.025434
-0.66 0.947496 0.929614 0.025434
-0.65 0.924625 0.906495 0.025434
-0.64 0.902144 0.884143 0.025434
-0.63 0.880047 0.862546 0.025434
-0.62 0.858328 0.841687 0.025434
-0.61 0.836981 0.821543 0.025434
-0.6 0.816 0.802086 0.025434
-0.59 0.795379 0.783283 0.025434
-0.58 0.775112 0.765095 0.025434
-0.57 0.755193 0.747483 0.025434
-0.56 0.735616 0.730401 0.025434
-0.55 0.716375 0.713804 0.025434
-0.54 0.697464 0.697643 0.025434
-0.53 0.678877 0.681868 0.025434
-0.52 0.660608 0.666429 0.025434
-0.51 0.642651 0.651277 0.025434
-0.5 0.625 0.636362 0.025434
-0.49 0.607649 0.621635 0.025434
-0.48 0.590592 0.607049 0.025434
-0.47 0.573823 0.59256 0.025434
-0.46 0.557336 0.578126 0.025434
-0.45 0.541125 0.563706 0.025434
-0.44 0.525184 0.549264 0.025434
-0.43 0.509507 0.534768 0.025434
-0.42 0.494088 0.520188 0.025434
-0.41 0.478921 0.5055 0.025434
-0.4 0.464 0.490683 0.025434
-0.39 0.449319 0.475719 0.025434
-0.38 0.434872 0.460598 0.025434
-0.37 0.420653 0.445311 0.025434
-0.36 0.406656 0.429856 0.025434
-0.35 0.392875 0.414234 0.025434
-0.34 0.379304 0.398451 0.025434
-0.33 0.365937 0.382518 0.025434
-0.32 0.352768 0.366449 0.025434
-0.31 0.339791 0.350264 0.025434
-0.3 0.327 0.333985 0.025434
-0.29 0.314389 0.317638 0.025434
-0.28 0.301952 0.301255 0.025434
-0.27 0.289683 0.284868 0.025434
-0.26 0.277576 0.268514 0.025434
-0.25 0.265625 0.252233 0.025434
-0.24 0.253824 0.236065 0.025434
-0.23 0.242167 0.220055 0.025434
-0.22 0.230648 0.204248 0.025434
-0.21 0.219261 0.188691 0.025434
-0.2 0.208 0.173433 0.025434
-0.19 0.196859 0.158521 0.025434
-0.18 0.185832 0.144006 0.025434
-0.17 0.174913 0.129935 0.025434
-0.16 0.164096 0.116359 0.025434
-0.15 0.153375 0.103325 0.025434
-0.14 0.142744 0.0908797 0.025434
-0.13 0.132197 0.07907 0.025434
-0.12 0.121728 0.0679395 0.025434
-0.11 0.111331 0.0575306 0.025434
-0.1 0.101 0.0478832 0.025434
-0.09 0.090729 0.0390348 0.025434
-0.08 0.080512 0.03102 0.025434
-0.07 0.070343 0.0238706 0.025434
-0.06 0.060216 0.0176151 0.025434
-0.05 0.050125 0.0122785 0.025434
-0.04 0.040064 0.00788229 0.025434
-0.03 0.030027 0.00444436 0.025434
-0.02 0.020008 0.00197863 0.025434
-0.01 0.010001 0.000495164 0.025434
7.5287e-16 7.5287e-16 -2.22045e-16 0.025434
0.01 0.010001 0.000495164 0.025434
0.02 0.020008 0.00197863 0.025434
0.03 0.030027 0.00444436 0.025434
0.04 0.040064 0.00788229 0.025434
0.05 0.050125 0.0122785 0.025434
0.06 0.060216 0.0176151 0.025434
0.07 0.070343 0.0238706 0.025434
0.08 0.080512 0.03102 0.025434
0.09 0.090729 0.0390348 0.025434
0.1 0.101 0.0478832 0.025434
0.11 0.111331 0.0575306 0.025434
0.12 0.121728 0.0679395 0.025434
0.13 0.132197 0.07907 0.025434
0.14 0.142744 0.0908797 0.025434
0.15 0.153375 0.103325 0.025434
0.16 0.164096 0.116359 0.025434
0.17 0.174913 0.129935 0.025434
0.18 0.185832 0.144006 0.025434
0.19 0.196859 0.158521 0.025434
0.2 0.208 0.173433 0.025434
0.21 0.219261 0.188691 0.025434
0.22 0.230648 0.204248 0.025434
0.23 0.242167 0.220055 0.025434
0.24 0.253824 0.236065 0.025434
0.25 0.265625 0.252233 0.025434
0.26 0.277576 0.268514 0.025434
0.27 0.289683 0.284868 0.025434
0.28 0.301952 0.301255 0.025434
0.29 0.314389 0.317638 0.025434
0.3 0.327 0.333985 0.025434
0.31 0.339791 0.350264 0.025434
0.32 0.352768 0.366449 0.025434
0.33 0.365937 0.382518 0.025434
0.34 0.379304 0.398451 0.025434
0.35 0.392875 0.414234 0.025434
0.36 0.406656 0.429856 0.025434
0.37 0.420653 0.445311 0.025434
0.38 0.434872 0.460598 0.025434
0.39 0.449319 0.475719 0.025434
0.4 0.464 0.490683 0.025434
0.41 0.478921 0.5055 0.025434
0.42 0.494088 0.520188 0.025434
0.43 0.509507 0.534768 0.025434
0.44 0.525184 0.549264 0.025434
0.45 0.541125 0.563706 0.025434
0.46 0.557336 0.578126 0.025434
0.47 0.573823 0.59256 0.025434
0.48 0.590592 0.607049 0.025434
0.49 0.607649 0.621635 0.025434
0.5 0.625 0.636362 0.025434
0.51 0.642651 0.651277 0.025434
0.52 0.660608 0.666429 0.025434
0.53 0.678877 0.681868 0.025434
0.54 0.697464 0.697643 0.025434
0.55 0.716375 0.713804 0.025434
0.56 0.735616 0.730401 0.025434
0.57 0.755193 0.747483 0.025434
0.58 0.775112 0.765095 0.025434
0.59 0.795379 0.783283 0.025434
0.6 0.816 0.802086 0.025434
0.61 0.836981 0.821543 0.025434
0.62 0.858328 0.841687 0.025434
0.63 0.880047 0.862546 0.025434
0.64 0.902144 0.884143 0.025434
0.65 0.924625 0.906495 0.025434
0.66 0.947496 0.929614 0.025434
0.67 0.970763 0.953501 0.025434
0.68 0.994432 0.978156 0.025434
0.69 1.01851 1.00357 0.025434
0.7 1.043 1.02971 0.025434
0.71 1.06791 1.05657 0.025434
0.72 1.09325 1.08411 0.025434
0.73 1.11902 1.11228 0.025434
0.74 1.14522 1.14104 0.025434
0.75 1.17188 1.17034 0.025434
0.76 1.19898 1.20011 0.025434
0.77 1.22653 1.23029 0.025434
0.78 1.25455 1.2608 0.025434
0.79 1.28304 1.29159 0.025434
0.8 1.312 1.32257 0.025434
0.81 1.34144 1.35368 0.025434
0.82 1.37137 1.38485 0.025434
0.83 1.40179 1.41602 0.025434
0.84 1.4327 1.44714 0.025434
0.85 1.46413 1.47818 0.025434
0.86 1.49606 1.50911 0.025434
0.87 1.5285 1.53995 0.025434
0.88 1.56147 1.57072 0.025434
0.89 1.59497 1.60148 0.025434
0.9 1.629 1.63234 0.025434
0.91 1.66357 1.66344 0.025434
0.92 1.69869 1.69499 0.025434
0.93 1.73436 1.72724 0.025434
0.94 1.77058 1.76053 0.025434
0.95 1.80738 1.79528 0.025434
0.96 1.84474 1.83198 0.025434
0.97 1.88267 1.87124 0.025434
0.98 1.92119 1.91379 0.025434
0.99 1.9603 1.96047 0.025434
