-1 2 1.06066 6.93072e-16
-0.99 1.9603 1.06066 6.93072e-16
-0.98 1.92119 1.06066 6.93072e-16
-0.97 1.88267 1.06066 6.93072e-16
-0.96 1.84474 1.06066 6.93072e-16
-0.95 1.80737 1.06066 6.93072e-16
-0.94 1.77058 1.06066 6.93072e-16
-0.93 1.73436 1.06066 6.93072e-16
-0.92 1.69869 1.06066 6.93072e-16
-0.91 1.66357 1.06066 6.93072e-16
-0.9 1.629 1.06066 6.93072e-16
-0.89 1.59497 1.06066 6.93072e-16
-0.88 1.56147 1.06066 6.93072e-16
-0.87 1.5285 1.06066 6.93072e-16
-0.86 1.49606 1.06066 6.93072e-16
-0.85 1.46412 1.06066 6.93072e-16
-0.84 1.4327 1.06066 6.93072e-16
-0.83 1.40179 1.06066 6.93072e-16
-0.82 1.37137 1.06066 6.93072e-16
-0.81 1.34144 1.06066 6.93072e-16
-0.8 1.312 1.06066 6.93072e-16
-0.79 1.28304 1.06066 6.93072e-16
-0.78 1.25455 1.06066 6.93072e-16
-0.77 1.22653 1.06066 6.93072e-16
-0.76 1.19898 1.06066 6.93072e-16
-0.75 1.17187 1.06066 6.93072e-16
-0.74 1.14522 1.06066 6.93072e-16
-0.73 1.11902 1.06066 6.93072e-16
-0.72 1.09325 1.06066 6.93072e-16
-0.71 1.06791 1.06066 6.93072e-16
-0.7 1.043 1.06066 6.93072e-16
-0.69 1.01851 1.06066 6.93072e-16
-0.68 0.994432 1.06066 6.93072e-16
-0.67 0.970763 1.06066 6.93072e-16
-0.66 0.947496 1.06066 6.93072e-16
-0.65 0.924625 1.06066 6.93072e-16
-0.64 0.902144 1.06066 6.93072e-16
-0.63 0.880047 1.06066 6.93072e-16
-0.62 0.858328 1.06066 6.93072e-16
-0.61 0.836981 1.06066 6.93072e-16
-0.6 0.816 1.06066 6.93072e-16
-0.59 0.795379 1.06066 6.93072e-16
-0.58 0.775112 1.06066 6.93072e-16
-0.57 0.755193 1.06066 6.93072e-16
-0.56 0.735616 1.06066 6.93072e-16
-0.55 0.716375 1.06066 6.93072e-16
-0.54 0.697464 1.06066 6.93072e-16
-0.53 0.678877 1.06066 6.93072e-16
-0.52 0.660608 1.06066 6.93072e-16
-0.51 0.642651 1.06066 6.93072e-16
-0.5 0.625 1.06066 6.93072e-16
-0.49 0.607649 1.06066 6.93072e-16
-0.48 0.590592 1.06066 6.93072e-16
-0.47 0.573823 1.06066 6.93072e-16
-0.46 0.557336 1.06066 6.93072e-16
-0.45 0.541125 1.06066 6.93072e-16
-0.44 0.525184 1.06066 6.93072e-16
-0.43 0.509507 1.06066 6.93072e-16
-0.42 0.494088 1.06066 6.93072e-16
-0.41 0.478921 1.06066 6.93072e-16
-0.4 0.464 1.06066 6.93072e-16
-0.39 0.449319 1.06066 6.93072e-16
-0.38 0.434872 1.06066 6.93072e-16
-0.37 0.420653 1.06066 6.93072e-16
-0.36 0.406656 1.06066 6.93072e-16
-0.35 0.392875 1.06066 6.93072e-16
-0.34 0.379304 1.06066 6.93072e-16
-0.33 0.365937 1.06066 6.93072e-16
-0.32 0.352768 1.06066 6.93072e-16
-0.31 0.339791 1.06066 6.93072e-16
-0.3 0.327 1.06066 6.93072e-16
-0.29 0.314389 1.06066 6.93072e-16
-0.28 0.301952 1.06066 6.93072e-16
-0.27 0.289683 1.06066 6.93072e-16
-0.26 0.277576 1.06066 6.93072e-16
-0.25 0.265625 1.06066 6.93072e-16
-0.24 0.253824 1.06066 6.93072e-16
-0.23 0.242167 1.06066 6.93072e-16
-0.22 0.230648 1.06066 6.93072e-16
-0.21 0.219261 1.06066 6.93072e-16
-0.2 0.208 1.06066 6.93072e-16
-0.19 0.196859 1.06066 6.93072e-16
-0.18 0.185832 1.06066 6.93072e-16
-0.17 0.174913 1.06066 6.93072e-16
-0.16 0.164096 1.06066 6.93072e-16
-0.15 0.153375 1.06066 6.93072e-16
-0.14 0.142744 1.06066 6.93072e-16
-0.13 0.132197 1.06066 6.93072e-16
-0.12 0.121728 1.06066 6.93072e-16
-0.11 0.111331 1.06066 6.93072e-16
-0.1 0.101 1.06066 6.93072e-16
-0.09 0.090729 1.06066 6.93072e-16
-0.08 0.080512 1.06066 6.93072e-16
-0.07 0.070343 1.06066 6.93072e-16
-0.06 0.060216 1.06066 6.93072e-16
-0.05 0.050125 1.06066 6.93072e-16
-0.04 0.040064 1.06066 6.93072e-16
-0.03 0.030027 1.06066 6.93072e-16
-0.02 0.020008 1.06066 6.93072e-16
-0.01 0.010001 1.06066 6.93072e-16
7.5287e-16 7.5287e-16 1.06066 6.93072e-16
0.01 0.010001 1.06066 6.93072e-16
0.02 0.020008 1.06066 6.93072e-16
0.03 0.030027 1.06066 6.93072e-16
0.04 0.040064 1.06066 6.93072e-16
0.05 0.050125 1.06066 6.93072e-16
0.06 0.060216 1.06066 6.93072e-16
0.07 0.070343 1.06066 6.93072e-16
0.08 0.080512 1.06066 6.93072e-16
0.09 0.090729 1.06066 6.93072e-16
0.1 0.101 1.06066 6.93072e-16
0.11 0.111331 1.06066 6.93072e-16
0.12 0.121728 1.06066 6.93072e-16
0.13 0.132197 1.06066 6.93072e-16
0.14 0.142744 1.06066 6.93072e-16
0.15 0.153375 1.06066 6.93072e-16
0.16 0.164096 1.06066 6.93072e-16
0.17 0.174913 1.06066 6.93072e-16
0.18 0.185832 1.06066 6.93072e-16
0.19 0.196859 1.06066 6.93072e-16
0.2 0.208 1.06066 6.93072e-16
0.21 0.219261 1.06066 6.93072e-16
0.22 0.230648 1.06066 6.93072e-16
0.23 0.242167 1.06066 6.93072e-16
0.24 0.253824 1.06066 6.93072e-16
0.25 0.265625 1.06066 6.93072e-16
0.26 0.277576 1.06066 6.93072e-16
0.27 0.289683 1.06066 6.93072e-16
0.28 0.301952 1.06066 6.93072e-16
0.29 0.314389 1.06066 6.93072e-16
0.3 0.327 1.06066 6.93072e-16
0.31 0.339791 1.06066 6.93072e-16
0.32 0.352768 1.06066 6.93072e-16
0.33 0.365937 1.06066 6.93072e-16
0.34 0.379304 1.06066 6.93072e-16
0.35 0.392875 1.06066 6.93072e-16
0.36 0.406656 1.06066 6.93072e-16
0.37 0.420653 1.06066 6.93072e-16
0.38 0.434872 1.06066 6.93072e-16
0.39 0.449319 1.06066 6.93072e-16
0.4 0.464 1.06066 6.93072e-16
0.41 0.478921 1.06066 6.93072e-16
0.42 0.494088 1.06066 6.93072e-16
0.43 0.509507 1.06066 6.93072e-16
0.44 0.525184 1.06066 6.93072e-16
0.45 0.541125 1.06066 6.93072e-16
0.46 0.557336 1.06066 6.93072e-16
0.47 0.573823 1.06066 6.93072e-16
0.48 0.590592 1.06066 6.93072e-16
0.49 0.607649 1.06066 6.93072e-16
0.5 0.625 1.06066 6.93072e-16
0.51 0.642651 1.06066 6.93072e-16
0.52 0.660608 1.06066 6.93072e-16
0.53 0.678877 1.06066 6.93072e-16
0.54 0.697464 1.06066 6.93072e-16
0.55 0.716375 1.06066 6.93072e-16
0.56 0.735616 1.06066 6.93072e-16
0.57 0.755193 1.06066 6.93072e-16
0.58 0.775112 1.06066 6.93072e-16
0.59 0.795379 1.06066 6.93072e-16
0.6 0.816 1.06066 6.93072e-16
0.61 0.836981 1.06066 6.93072e-16
0.62 0.858328 1.06066 6.93072e-16
0.63 0.880047 1.06066 6.93072e-16
0.64 0.902144 1.06066 6.93072e-16
0.65 0.924625 1.06066 6.93072e-16
0.66 0.947496 1.06066 6.93072e-16
0.67 0.970763 1.06066 6.93072e-16
0.68 0.994432 1.06066 6.93072e-16
0.69 1.01851 1.06066 6.93072e-16
0.7 1.043 1.06066 6.93072e-16
0.71 1.06791 1.06066 6.93072e-16
0.72 1.09325 1.06066 6.93072e-16
0.73 1.11902 1.06066 6.93072e-16
0.74 1.14522 1.06066 6.93072e-16
0.75 1.17188 1.06066 6.93072e-16
0.76 1.19898 1.06066 6.93072e-16
0.77 1.22653 1.06066 6.93072e-16
0.78 1.25455 1.06066 6.93072e-16
0.79 1.28304 1.06066 6.93072e-16
0.8 1.312 1.06066 6.93072e-16
0.81 1.34144 1.06066 6.93072e-16
0.82 1.37137 1.06066 6.93072e-16
0.83 1.40179 1.06066 6.93072e-16
0.84 1.4327 1.06066 6.93072e-16
0.85 1.46413 1.06066 6.93072e-16
0.86 1.49606 1.06066 6.93072e-16
0.87 1.5285 1.06066 6.93072e-16
0.88 1.56147 1.06066 6.93072e-16
0.89 1.59497 1.06066 6.93072e-16
0.9 1.629 1.06066 6.93072e-16
0.91 1.66357 1.06066 6.93072e-16
0.92 1.69869 1.06066 6.93072e-16
0.93 1.73436 1.06066 6.93072e-16
0.94 1.77058 1.06066 6.93072e-16
0.95 1.80738 1.06066 6.93072e-16
0.96 1.84474 1.06066 6.93072e-16
0.97 1.88267 1.06066 6.93072e-16
0.98 1.92119 1.06066 6.93072e-16
0.99 1.9603 1.06066 6.93072e-16
