-1 2 2.00103 0.00206317
-0.99 1.9603 1.96105 0.00206317
-0.98 1.92119 1.92123 0.00206317
-0.97 1.88267 1.88163 0.00206317
-0.96 1.84474 1.84481 0.00206317
-0.95 1.80737 1.80844 0.00206317
-0.94 1.77058 1.77116 0.00206317
-0.93 1.73436 1.73379 0.00206317
-0.92 1.69869 1.69757 0.00206317
-0.91 1.66357 1.66293 0.00206317
-0.9 1.629 1.62935 0.00206317
-0.89 1.59497 1.59604 0.00206317
-0.88 1.56147 1.56252 0.00206317
-0.87 1.5285 1.52887 0.00206317
-0.86 1.49606 1.49552 0.00206317
-0.85 1.46412 1.46299 0.00206317
-0.84 1.4327 1.43157 0.00206317
-0.83 1.40179 1.40121 0.00206317
-0.82 1.37137 1.37162 0.00206317
-0.81 1.34144 1.34242 0.00206317
-0.8 1.312 1.31328 0.00206317
-0.79 1.28304 1.28411 0.00206317
-0.78 1.25455 1.25498 0.00206317
-0.77 1.22653 1.22616 0.00206317
-0.76 1.19898 1.19793 0.00206317
-0.75 1.17187 1.17051 0.00206317
-0.74 1.14522 1.14401 0.00206317
-0.73 1.11902 1.11835 0.00206317
-0.72 1.09325 1.09334 0.00206317
-0.71 1.06791 1.06876 0.00206317
-0.7 1.043 1.04435 0.00206317
-0.69 1.01851 1.01998 0.00206317
-0.68 0.994432 0.995601 0.00206317
-0.67 0.970763 0.971301 0.00206317
-0.66 0.947496 0.947245 0.00206317
-0.65 0.924625 0.923636 0.00206317
-0.64 0.902144 0.90066 0.00206317
-0.63 0.880047 0.878435 0.00206317
-0.62 0.858328 0.856987 0.00206317
-0.61 0.836981 0.836246 0.00206317
-0.6 0.816 0.816062 0.00206317
-0.59 0.795379 0.796242 0.00206317
-0.58 0.775112 0.776597 0.00206317
-0.57 0.755193 0.756978 0.00206317
-0.56 0.735616 0.737309 0.00206317
-0.55 0.716375 0.7176 0.00206317
-0.54 0.697464 0.697942 0.00206317
-0.53 0.678877 0.678484 0.00206317
-0.52 0.660608 0.6594 0.00206317
-0.51 0.642651 0.640853 0.00206317
-0.5 0.625 0.622962 0.00206317
-0.49 0.607649 0.605777 0.00206317
-0.48 0.590592 0.589265 0.00206317
-0.47 0.573823 0.573324 0.00206317
-0.46 0.557336 0.557792 0.00206317
-0.45 0.541125 0.542484 0.00206317
-0.44 0.525184 0.52722 0.00206317
-0.43 0.509507 0.511863 0.00206317
-0.42 0.494088 0.496335 0.00206317
-0.41 0.478921 0.480637 0.00206317
-0.4 0.464 0.464847 0.00206317
-0.39 0.449319 0.449103 0.00206317
-0.38 0.434872 0.433584 0.00206317
-0.37 0.420653 0.418472 0.00206317
-0.36 0.406656 0.403927 0.00206317
-0.35 0.392875 0.390052 0.00206317
-0.34 0.379304 0.376876 0.00206317
-0.33 0.365937 0.364348 0.00206317
-0.32 0.352768 0.35234 0.00206317
-0.31 0.339791 0.340664 0.00206317
-0.3 0.327 0.329102 0.00206317
-0.29 0.314389 0.317438 0.00206317
-0.28 0.301952 0.305494 0.00206317
-0.27 0.289683 0.293154 0.00206317
-0.26 0.277576 0.280391 0.00206317
-0.25 0.265625 0.267268 0.00206317
-0.24 0.253824 0.253937 0.00206317
-0.23 0.242167 0.240613 0.00206317
-0.22 0.230648 0.22755 0.00206317
-0.21 0.219261 0.215 0.00206317
-0.2 0.208 0.203173 0.00206317
-0.19 0.196859 0.192204 0.00206317
-0.18 0.185832 0.182126 0.00206317
-0.17 0.174913 0.172854 0.00206317
-0.16 0.164096 0.164191 0.00206317
-0.15 0.153375 0.155846 0.00206317
-0.14 0.142744 0.147465 0.00206317
-0.13 0.132197 0.138674 0.00206317
-0.12 0.121728 0.129133 0.00206317
-0.11 0.111331 0.118583 0.00206317
-0.1 0.101 0.106888 0.00206317
-0.09 0.090729 0.0940723 0.00206317
-0.08 0.080512 0.0803305 0.00206317
-0.07 0.070343 0.0660286 0.00206317
-0.06 0.060216 0.0516805 0.00206317
-0.05 0.050125 0.037909 0.00206317
-0.04 0.040064 0.0253927 0.00206317
-0.03 0.030027 0.0148053 0.00206317
-0.02 0.020008 0.00675252 0.00206317
-0.01 0.010001 0.00171468 0.00206317
7.5287e-16 7.5287e-16 4.88498e-15 0.00206317
0.01 0.010001 0.00171468 0.00206317
0.02 0.020008 0.00675252 0.00206317
0.03 0.030027 0.0148053 0.00206317
0.04 0.040064 0.0253927 0.00206317
0.05 0.050125 0.037909 0.00206317
0.06 0.060216 0.0516805 0.00206317
0.07 0.070343 0.0660286 0.00206317
0.08 0.080512 0.0803305 0.00206317
0.09 0.090729 0.0940723 0.00206317
0.1 0.101 0.106888 0.00206317
0.11 0.111331 0.118583 0.00206317
0.12 0.121728 0.129133 0.00206317
0.13 0.132197 0.138674 0.00206317
0.14 0.142744 0.147465 0.00206317
0.15 0.153375 0.155846 0.00206317
0.16 0.164096 0.164191 0.00206317
0.17 0.174913 0.172854 0.00206317
0.18 0.185832 0.182126 0.00206317
0.19 0.196859 0.192204 0.00206317
0.2 0.208 0.203173 0.00206317
0.21 0.219261 0.215 0.00206317
0.22 0.230648 0.22755 0.00206317
0.23 0.242167 0.240613 0.00206317
0.24 0.253824 0.253937 0.00206317
0.25 0.265625 0.267268 0.00206317
0.26 0.277576 0.280391 0.00206317
0.27 0.289683 0.293154 0.00206317
0.28 0.301952 0.305494 0.00206317
0.29 0.314389 0.317438 0.00206317
0.3 0.327 0.329102 0.00206317
0.31 0.339791 0.340664 0.00206317
0.32 0.352768 0.35234 0.00206317
0.33 0.365937 0.364348 0.00206317
0.34 0.379304 0.376876 0.00206317
0.35 0.392875 0.390052 0.00206317
0.36 0.406656 0.403927 0.00206317
0.37 0.420653 0.418472 0.00206317
0.38 0.434872 0.433584 0.00206317
0.39 0.449319 0.449103 0.00206317
0.4 0.464 0.464847 0.00206317
0.41 0.478921 0.480637 0.00206317
0.42 0.494088 0.496335 0.00206317
0.43 0.509507 0.511863 0.00206317
0.44 0.525184 0.52722 0.00206317
0.45 0.541125 0.542484 0.00206317
0.46 0.557336 0.557792 0.00206317
0.47 0.573823 0.573324 0.00206317
0.48 0.590592 0.589265 0.00206317
0.49 0.607649 0.605777 0.00206317
0.5 0.625 0.622962 0.00206317
0.51 0.642651 0.640853 0.00206317
0.52 0.660608 0.6594 0.00206317
0.53 0.678877 0.678484 0.00206317
0.54 0.697464 0.697942 0.00206317
0.55 0.716375 0.7176 0.00206317
0.56 0.735616 0.737309 0.00206317
0.57 0.755193 0.756978 0.00206317
0.58 0.775112 0.776597 0.00206317
0.59 0.795379 0.796242 0.00206317
0.6 0.816 0.816062 0.00206317
0.61 0.836981 0.836246 0.00206317
0.62 0.858328 0.856987 0.00206317
0.63 0.880047 0.878435 0.00206317
0.64 0.902144 0.90066 0.00206317
0.65 0.924625 0.923636 0.00206317
0.66 0.947496 0.947245 0.00206317
0.67 0.970763 0.971301 0.00206317
0.68 0.994432 0.995601 0.00206317
0.69 1.01851 1.01998 0.00206317
0.7 1.043 1.04435 0.00206317
0.71 1.06791 1.06876 0.00206317
0.72 1.09325 1.09334 0.00206317
0.73 1.11902 1.11835 0.00206317
0.74 1.14522 1.14401 0.00206317
0.75 1.17188 1.17051 0.00206317
0.76 1.19898 1.19793 0.00206317
0.77 1.22653 1.22616 0.00206317
0.78 1.25455 1.25498 0.00206317
0.79 1.28304 1.28411 0.00206317
0.8 1.312 1.31328 0.00206317
0.81 1.34144 1.34242 0.00206317
0.82 1.37137 1.37162 0.00206317
0.83 1.40179 1.40121 0.00206317
0.84 1.4327 1.43157 0.00206317
0.85 1.46413 1.46299 0.00206317
0.86 1.49606 1.49552 0.00206317
0.87 1.5285 1.52887 0.00206317
0.88 1.56147 1.56252 0.00206317
0.89 1.59497 1.59604 0.00206317
0.9 1.629 1.62935 0.00206317
0.91 1.66357 1.66293 0.00206317
0.92 1.69869 1.69757 0.00206317
0.93 1.73436 1.73379 0.00206317
0.94 1.77058 1.77116 0.00206317
0.95 1.80738 1.80844 0.00206317
0.96 1.84474 1.84481 0.00206317
0.97 1.88267 1.88163 0.00206317
0.98 1.92119 1.92123 0.00206317
0.99 1.9603 1.96105 0.00206317
