-1 2 1.99469 0.0107969
-0.99 1.9603 1.96428 0.0107969
-0.98 1.92119 1.92642 0.0107969
-0.97 1.88267 1.88548 0.0107969
-0.96 1.84474 1.84412 0.0107969
-0.95 1.80737 1.80384 0.0107969
-0.94 1.77058 1.76531 0.0107969
-0.93 1.73436 1.7287 0.0107969
-0.92 1.69869 1.69382 0.0107969
-0.91 1.66357 1.66035 0.0107969
-0.9 1.629 1.62791 0.0107969
-0.89 1.59497 1.59612 0.0107969
-0.88 1.56147 1.56466 0.0107969
-0.87 1.5285 1.5333 0.0107969
-0.86 1.49606 1.50189 0.0107969
-0.85 1.46412 1.47034 0.0107969
-0.84 1.4327 1.43866 0.0107969
-0.83 1.40179 1.40691 0.0107969
-0.82 1.37137 1.37519 0.0107969
-0.81 1.34144 1.34363 0.0107969
-0.8 1.312 1.31237 0.0107969
-0.79 1.28304 1.28156 0.0107969
-0.78 1.25455 1.25133 0.0107969
-0.77 1.22653 1.22179 0.0107969
-0.76 1.19898 1.19304 0.0107969
-0.75 1.17187 1.16515 0.0107969
-0.74 1.14522 1.13813 0.0107969
-0.73 1.11902 1.11202 0.0107969
-0.72 1.09325 1.08677 0.0107969
-0.71 1.06791 1.06235 0.0107969
-0.7 1.043 1.03869 0.0107969
-0.69 1.01851 1.01571 0.0107969
-0.68 0.994432 0.993318 0.0107969
-0.67 0.970763 0.971423 0.0107969
-0.66 0.947496 0.949924 0.0107969
-0.65 0.924625 0.928727 0.0107969
-0.64 0.902144 0.907744 0.0107969
-0.63 0.880047 0.886899 0.0107969
-0.62 0.858328 0.866126 0.0107969
-0.61 0.836981 0.845378 0.0107969
-0.6 0.816 0.824619 0.0107969
-0.59 0.795379 0.803835 0.0107969
-0.58 0.775112 0.783025 0.0107969
-0.57 0.755193 0.762203 0.0107969
-0.56 0.735616 0.741399 0.0107969
-0.55 0.716375 0.720656 0.0107969
-0.54 0.697464 0.700025 0.0107969
-0.53 0.678877 0.679568 0.0107969
-0.52 0.660608 0.659348 0.0107969
-0.51 0.642651 0.639436 0.0107969
-0.5 0.625 0.6199 0.0107969
-0.49 0.607649 0.600806 0.0107969
-0.48 0.590592 0.582215 0.0107969
-0.47 0.573823 0.564181 0.0107969
-0.46 0.557336 0.546749 0.0107969
-0.45 0.541125 0.529955 0.0107969
-0.44 0.525184 0.51382 0.0107969
-0.43 0.509507 0.498355 0.0107969
-0.42 0.494088 0.483556 0.0107969
-0.41 0.478921 0.469406 0.0107969
-0.4 0.464 0.455877 0.0107969
-0.39 0.449319 0.442927 0.0107969
-0.38 0.434872 0.430501 0.0107969
-0.37 0.420653 0.418537 0.0107969
-0.36 0.406656 0.406964 0.0107969
-0.35 0.392875 0.395701 0.0107969
-0.34 0.379304 0.384668 0.0107969
-0.33 0.365937 0.373776 0.0107969
-0.32 0.352768 0.362941 0.0107969
-0.31 0.339791 0.352076 0.0107969
-0.3 0.327 0.341103 0.0107969
-0.29 0.314389 0.329944 0.0107969
-0.28 0.301952 0.318535 0.0107969
-0.27 0.289683 0.306816 0.0107969
-0.26 0.277576 0.294741 0.0107969
-0.25 0.265625 0.282278 0.0107969
-0.24 0.253824 0.269407 0.0107969
-0.23 0.242167 0.256121 0.0107969
-0.22 0.230648 0.24243 0.0107969
-0.21 0.219261 0.22836 0.0107969
-0.2 0.208 0.21395 0.0107969
-0.19 0.196859 0.199254 0.0107969
-0.18 0.185832 0.184342 0.0107969
-0.17 0.174913 0.169294 0.0107969
-0.16 0.164096 0.154204 0.0107969
-0.15 0.153375 0.139175 0.0107969
-0.14 0.142744 0.124319 0.0107969
-0.13 0.132197 0.109754 0.0107969
-0.12 0.121728 0.0956045 0.0107969
-0.11 0.111331 0.0819947 0.0107969
-0.1 0.101 0.0690509 0.0107969
-0.09 0.090729 0.0568972 0.0107969
-0.08 0.080512 0.0456537 0.0107969
-0.07 0.070343 0.0354342 0.0107969
-0.06 0.060216 0.0263444 0.0107969
-0.05 0.050125 0.0184802 0.0107969
-0.04 0.040064 0.0119256 0.0107969
-0.03 0.030027 0.00675155 0.0107969
-0.02 0.020008 0.00301456 0.0107969
-0.01 0.010001 0.000755732 0.0107969
7.5287e-16 7.5287e-16 8.88178e-16 0.0107969
0.01 0.010001 0.000755732 0.0107969
0.02 0.020008 0.00301456 0.0107969
0.03 0.030027 0.00675155 0.0107969
0.04 0.040064 0.0119256 0.0107969
0.05 0.050125 0.0184802 0.0107969
0.06 0.060216 0.0263444 0.0107969
0.07 0.070343 0.0354342 0.0107969
0.08 0.080512 0.0456537 0.0107969
0.09 0.090729 0.0568972 0.0107969
0.1 0.101 0.0690509 0.0107969
0.11 0.111331 0.0819947 0.0107969
0.12 0.121728 0.0956045 0.0107969
0.13 0.132197 0.109754 0.0107969
0.14 0.142744 0.124319 0.0107969
0.15 0.153375 0.139175 0.0107969
0.16 0.164096 0.154204 0.0107969
0.17 0.174913 0.169294 0.0107969
0.18 0.185832 0.184342 0.0107969
0.19 0.196859 0.199254 0.0107969
0.2 0.208 0.21395 0.0107969
0.21 0.219261 0.22836 0.0107969
0.22 0.230648 0.24243 0.0107969
0.23 0.242167 0.256121 0.0107969
0.24 0.253824 0.269407 0.0107969
0.25 0.265625 0.282278 0.0107969
0.26 0.277576 0.294741 0.0107969
0.27 0.289683 0.306816 0.0107969
0.28 0.301952 0.318535 0.0107969
0.29 0.314389 0.329944 0.0107969
0.3 0.327 0.341103 0.0107969
0.31 0.339791 0.352076 0.0107969
0.32 0.352768 0.362941 0.0107969
0.33 0.365937 0.373776 0.0107969
0.34 0.379304 0.384668 0.0107969
0.35 0.392875 0.395701 0.0107969
0.36 0.406656 0.406964 0.0107969
0.37 0.420653 0.418537 0.0107969
0.38 0.434872 0.430501 0.0107969
0.39 0.449319 0.442927 0.0107969
0.4 0.464 0.455877 0.0107969
0.41 0.478921 0.469406 0.0107969
0.42 0.494088 0.483556 0.0107969
0.43 0.509507 0.498355 0.0107969
0.44 0.525184 0.51382 0.0107969
0.45 0.541125 0.529955 0.0107969
0.46 0.557336 0.546749 0.0107969
0.47 0.573823 0.564181 0.0107969
0.48 0.590592 0.582215 0.0107969
0.49 0.607649 0.600806 0.0107969
0.5 0.625 0.6199 0.0107969
0.51 0.642651 0.639436 0.0107969
0.52 0.660608 0.659348 0.0107969
0.53 0.678877 0.679568 0.0107969
0.54 0.697464 0.700025 0.0107969
0.55 0.716375 0.720656 0.0107969
0.56 0.735616 0.741399 0.0107969
0.57 0.755193 0.762203 0.0107969
0.58 0.775112 0.783025 0.0107969
0.59 0.795379 0.803835 0.0107969
0.6 0.816 0.824619 0.0107969
0.61 0.836981 0.845378 0.0107969
0.62 0.858328 0.866126 0.0107969
0.63 0.880047 0.886899 0.0107969
0.64 0.902144 0.907744 0.0107969
0.65 0.924625 0.928727 0.0107969
0.66 0.947496 0.949924 0.0107969
0.67 0.970763 0.971423 0.0107969
0.68 0.994432 0.993318 0.0107969
0.69 1.01851 1.01571 0.0107969
0.7 1.043 1.03869 0.0107969
0.71 1.06791 1.06235 0.0107969
0.72 1.09325 1.08677 0.0107969
0.73 1.11902 1.11202 0.0107969
0.74 1.14522 1.13813 0.0107969
0.75 1.17188 1.16515 0.0107969
0.76 1.19898 1.19304 0.0107969
0.77 1.22653 1.22179 0.0107969
0.78 1.25455 1.25133 0.0107969
0.79 1.28304 1.28156 0.0107969
0.8 1.312 1.31237 0.0107969
0.81 1.34144 1.34363 0.0107969
0.82 1.37137 1.37519 0.0107969
0.83 1.40179 1.40691 0.0107969
0.84 1.4327 1.43866 0.0107969
0.85 1.46413 1.47034 0.0107969
0.86 1.49606 1.50189 0.0107969
0.87 1.5285 1.5333 0.0107969
0.88 1.56147 1.56466 0.0107969
0.89 1.59497 1.59612 0.0107969
0.9 1.629 1.62791 0.0107969
0.91 1.66357 1.66035 0.0107969
0.92 1.69869 1.69382 0.0107969
0.93 1.73436 1.7287 0.0107969
0.94 1.77058 1.76531 0.0107969
0.95 1.80738 1.80384 0.0107969
0.96 1.84474 1.84412 0.0107969
0.97 1.88267 1.88548 0.0107969
0.98 1.92119 1.92642 0.0107969
0.99 1.9603 1.96428 0.0107969
