-1 2 1.99907 0.001867
-0.99 1.9603 1.95947 0.001867
-0.98 1.92119 1.92153 0.001867
-0.97 1.88267 1.88344 0.001867
-0.96 1.84474 1.84416 0.001867
-0.95 1.80737 1.80649 0.001867
-0.94 1.77058 1.77072 0.001867
-0.93 1.73436 1.73532 0.001867
-0.92 1.69869 1.69939 0.001867
-0.91 1.66357 1.66332 0.001867
-0.9 1.629 1.62803 0.001867
-0.89 1.59497 1.59408 0.001867
-0.88 1.56147 1.56134 0.001867
-0.87 1.5285 1.52921 0.001867
-0.86 1.49606 1.49714 0.001867
-0.85 1.46412 1.46492 0.001867
-0.84 1.4327 1.43276 0.001867
-0.83 1.40179 1.40107 0.001867
-0.82 1.37137 1.37025 0.001867
-0.81 1.34144 1.34047 0.001867
-0.8 1.312 1.31163 0.001867
-0.79 1.28304 1.28345 0.001867
-0.78 1.25455 1.25557 0.001867
-0.77 1.22653 1.22773 0.001867
-0.76 1.19898 1.19988 0.001867
-0.75 1.17187 1.17214 0.001867
-0.74 1.14522 1.14473 0.001867
-0.73 1.11902 1.11794 0.001867
-0.72 1.09325 1.09196 0.001867
-0.71 1.06791 1.06684 0.001867
-0.7 1.043 1.04251 0.001867
-0.69 1.01851 1.01877 0.001867
-0.68 0.994432 0.99537 0.001867
-0.67 0.970763 0.972102 0.001867
-0.66 0.947496 0.948842 0.001867
-0.65 0.924625 0.925583 0.001867
-0.64 0.902144 0.902432 0.001867
-0.63 0.880047 0.879569 0.001867
-0.62 0.858328 0.857199 0.001867
-0.61 0.836981 0.835491 0.001867
-0.6 0.816 0.814535 0.001867
-0.59 0.795379 0.79432 0.001867
-0.58 0.775112 0.77474 0.001867
-0.57 0.755193 0.75562 0.001867
-0.56 0.735616 0.736758 0.001867
-0.55 0.716375 0.717974 0.001867
-0.54 0.697464 0.69915 0.001867
-0.53 0.678877 0.680255 0.001867
-0.52 0.660608 0.661348 0.001867
-0.51 0.642651 0.642563 0.001867
-0.5 0.625 0.624077 0.001867
-0.49 0.607649 0.606069 0.001867
-0.48 0.590592 0.588682 0.001867
-0.47 0.573823 0.571987 0.001867
-0.46 0.557336 0.555974 0.001867
-0.45 0.541125 0.540544 0.001867
-0.44 0.525184 0.525538 0.001867
-0.43 0.509507 0.510759 0.001867
-0.42 0.494088 0.496016 0.001867
-0.41 0.478921 0.481159 0.001867
-0.4 0.464 0.466107 0.001867
-0.39 0.449319 0.450865 0.001867
-0.38 0.434872 0.435523 0.001867
-0.37 0.420653 0.420238 0.001867
-0.36 0.406656 0.405204 0.001867
-0.35 0.392875 0.390616 0.001867
-0.34 0.379304 0.376632 0.001867
-0.33 0.365937 0.363344 0.001867
-0.32 0.352768 0.350753 0.001867
-0.31 0.339791 0.338769 0.001867
-0.3 0.327 0.327223 0.001867
-0.29 0.314389 0.315893 0.001867
-0.28 0.301952 0.304538 0.001867
-0.27 0.289683 0.292943 0.001867
-0.26 0.277576 0.280954 0.001867
-0.25 0.265625 0.268508 0.001867
-0.24 0.253824 0.255648 0.001867
-0.23 0.242167 0.242516 0.001867
-0.22 0.230648 0.229341 0.001867
-0.21 0.219261 0.216395 0.001867
-0.2 0.208 0.203958 0.001867
-0.19 0.196859 0.192262 0.001867
-0.18 0.185832 0.181456 0.001867
-0.17 0.174913 0.171567 0.001867
-0.16 0.164096 0.162491 0.001867
-0.15 0.153375 0.153994 0.001867
-0.14 0.142744 0.145736 0.001867
-0.13 0.132197 0.13732 0.001867
-0.12 0.121728 0.12834 0.001867
-0.11 0.111331 0.118448 0.001867
-0.1 0.101 0.107409 0.001867
-0.09 0.090729 0.0951544 0.001867
-0.08 0.080512 0.0818052 0.001867
-0.07 0.070343 0.0676858 0.001867
-0.06 0.060216 0.053305 0.001867
-0.05 0.050125 0.0393165 0.001867
-0.04 0.040064 0.0264594 0.001867
-0.03 0.030027 0.0154852 0.001867
-0.02 0.020008 0.007082 0.001867
-0.01 0.010001 0.00180134 0.001867
7.5287e-16 7.5287e-16 -2.88658e-15 0.001867
0.01 0.010001 0.00180134 0.001867
0.02 0.020008 0.007082 0.001867
0.03 0.030027 0.0154852 0.001867
0.04 0.040064 0.0264594 0.001867
0.05 0.050125 0.0393165 0.001867
0.06 0.060216 0.053305 0.001867
0.07 0.070343 0.0676858 0.001867
0.08 0.080512 0.0818052 0.001867
0.09 0.090729 0.0951544 0.001867
0.1 0.101 0.107409 0.001867
0.11 0.111331 0.118448 0.001867
0.12 0.121728 0.12834 0.001867
0.13 0.132197 0.13732 0.001867
0.14 0.142744 0.145736 0.001867
0.15 0.153375 0.153994 0.001867
0.16 0.164096 0.162491 0.001867
0.17 0.174913 0.171567 0.001867
0.18 0.185832 0.181456 0.001867
0.19 0.196859 0.192262 0.001867
0.2 0.208 0.203958 0.001867
0.21 0.219261 0.216395 0.001867
0.22 0.230648 0.229341 0.001867
0.23 0.242167 0.242516 0.001867
0.24 0.253824 0.255648 0.001867
0.25 0.265625 0.268508 0.001867
0.26 0.277576 0.280954 0.001867
0.27 0.289683 0.292943 0.001867
0.28 0.301952 0.304538 0.001867
0.29 0.314389 0.315893 0.001867
0.3 0.327 0.327223 0.001867
0.31 0.339791 0.338769 0.001867
0.32 0.352768 0.350753 0.001867
0.33 0.365937 0.363344 0.001867
0.34 0.379304 0.376632 0.001867
0.35 0.392875 0.390616 0.001867
0.36 0.406656 0.405204 0.001867
0.37 0.420653 0.420238 0.001867
0.38 0.434872 0.435523 0.001867
0.39 0.449319 0.450865 0.001867
0.4 0.464 0.466107 0.001867
0.41 0.478921 0.481159 0.001867
0.42 0.494088 0.496016 0.001867
0.43 0.509507 0.510759 0.001867
0.44 0.525184 0.525538 0.001867
0.45 0.541125 0.540544 0.001867
0.46 0.557336 0.555974 0.001867
0.47 0.573823 0.571987 0.001867
0.48 0.590592 0.588682 0.001867
0.49 0.607649 0.606069 0.001867
0.5 0.625 0.624077 0.001867
0.51 0.642651 0.642563 0.001867
0.52 0.660608 0.661348 0.001867
0.53 0.678877 0.680255 0.001867
0.54 0.697464 0.69915 0.001867
0.55 0.716375 0.717974 0.001867
0.56 0.735616 0.736758 0.001867
0.57 0.755193 0.75562 0.001867
0.58 0.775112 0.77474 0.001867
0.59 0.795379 0.79432 0.001867
0.6 0.816 0.814535 0.001867
0.61 0.836981 0.835491 0.001867
0.62 0.858328 0.857199 0.001867
0.63 0.880047 0.879569 0.001867
0.64 0.902144 0.902432 0.001867
0.65 0.924625 0.925583 0.001867
0.66 0.947496 0.948842 0.001867
0.67 0.970763 0.972102 0.001867
0.68 0.994432 0.99537 0.001867
0.69 1.01851 1.01877 0.001867
0.7 1.043 1.04251 0.001867
0.71 1.06791 1.06684 0.001867
0.72 1.09325 1.09196 0.001867
0.73 1.11902 1.11794 0.001867
0.74 1.14522 1.14473 0.001867
0.75 1.17188 1.17214 0.001867
0.76 1.19898 1.19988 0.001867
0.77 1.22653 1.22773 0.001867
0.78 1.25455 1.25557 0.001867
0.79 1.28304 1.28345 0.001867
0.8 1.312 1.31163 0.001867
0.81 1.34144 1.34047 0.001867
0.82 1.37137 1.37025 0.001867
0.83 1.40179 1.40107 0.001867
0.84 1.4327 1.43276 0.001867
0.85 1.46413 1.46492 0.001867
0.86 1.49606 1.49714 0.001867
0.87 1.5285 1.52921 0.001867
0.88 1.56147 1.56134 0.001867
0.89 1.59497 1.59408 0.001867
0.9 1.629 1.62803 0.001867
0.91 1.66357 1.66332 0.001867
0.92 1.69869 1.69939 0.001867
0.93 1.73436 1.73532 0.001867
0.94 1.77058 1.77072 0.001867
0.95 1.80738 1.80649 0.001867
0.96 1.84474 1.84416 0.001867
0.97 1.88267 1.88344 0.001867
0.98 1.92119 1.92153 0.001867
0.99 1.9603 1.95947 0.001867
