-1 2 2.00293 0.00591841
-0.99 1.9603 1.95736 0.00591841
-0.98 1.92119 1.92088 0.00591841
-0.97 1.88267 1.88511 0.00591841
-0.96 1.84474 1.8477 0.00591841
-0.95 1.80737 1.80899 0.00591841
-0.94 1.77058 1.77011 0.00591841
-0.93 1.73436 1.73209 0.00591841
-0.92 1.69869 1.69555 0.00591841
-0.91 1.66357 1.66062 0.00591841
-0.9 1.629 1.62711 0.00591841
-0.89 1.59497 1.59462 0.00591841
-0.88 1.56147 1.56273 0.00591841
-0.87 1.5285 1.53106 0.00591841
-0.86 1.49606 1.49935 0.00591841
-0.85 1.46412 1.4675 0.00591841
-0.84 1.4327 1.43553 0.00591841
-0.83 1.40179 1.40356 0.00591841
-0.82 1.37137 1.3718 0.00591841
-0.81 1.34144 1.34046 0.00591841
-0.8 1.312 1.30975 0.00591841
-0.79 1.28304 1.27985 0.00591841
-0.78 1.25455 1.25086 0.00591841
-0.77 1.22653 1.22283 0.00591841
-0.76 1.19898 1.19574 0.00591841
-0.75 1.17187 1.16951 0.00591841
-0.74 1.14522 1.14402 0.00591841
-0.73 1.11902 1.11913 0.00591841
-0.72 1.09325 1.09468 0.00591841
-0.71 1.06791 1.07052 0.00591841
-0.7 1.043 1.04653 0.00591841
-0.69 1.01851 1.0226 0.00591841
-0.68 0.994432 0.998688 0.00591841
-0.67 0.970763 0.974766 0.00591841
-0.66 0.947496 0.950857 0.00591841
-0.65 0.924625 0.927018 0.00591841
-0.64 0.902144 0.903332 0.00591841
-0.63 0.880047 0.879899 0.00591841
-0.62 0.858328 0.85683 0.00591841
-0.61 0.836981 0.834232 0.00591841
-0.6 0.816 0.812206 0.00591841
-0.59 0.795379 0.79083 0.00591841
-0.58 0.775112 0.77016 0.00591841
-0.57 0.755193 0.750225 0.00591841
-0.56 0.735616 0.731023 0.00591841
-0.55 0.716375 0.712522 0.00591841
-0.54 0.697464 0.694665 0.00591841
-0.53 0.678877 0.677372 0.00591841
-0.52 0.660608 0.660546 0.00591841
-0.51 0.642651 0.64408 0.00591841
-0.5 0.625 0.627862 0.00591841
-0.49 0.607649 0.611786 0.00591841
-0.48 0.590592 0.595754 0.00591841
-0.47 0.573823 0.579687 0.00591841
-0.46 0.557336 0.563524 0.00591841
-0.45 0.541125 0.547228 0.00591841
-0.44 0.525184 0.53079 0.00591841
-0.43 0.509507 0.514225 0.00591841
-0.42 0.494088 0.497574 0.00591841
-0.41 0.478921 0.4809 0.00591841
-0.4 0.464 0.464282 0.00591841
-0.39 0.449319 0.447816 0.00591841
-0.38 0.434872 0.431602 0.00591841
-0.37 0.420653 0.415743 0.00591841
-0.36 0.406656 0.400337 0.00591841
-0.35 0.392875 0.385472 0.00591841
-0.34 0.379304 0.371219 0.00591841
-0.33 0.365937 0.357629 0.00591841
-0.32 0.352768 0.344729 0.00591841
-0.31 0.339791 0.332518 0.00591841
-0.3 0.327 0.320971 0.00591841
-0.29 0.314389 0.310031 0.00591841
-0.28 0.301952 0.29962 0.00591841
-0.27 0.289683 0.289635 0.00591841
-0.26 0.277576 0.279955 0.00591841
-0.25 0.265625 0.270448 0.00591841
-0.24 0.253824 0.260971 0.00591841
-0.23 0.242167 0.251384 0.00591841
-0.22 0.230648 0.241549 0.00591841
-0.21 0.219261 0.231344 0.00591841
-0.2 0.208 0.220662 0.00591841
-0.19 0.196859 0.209421 0.00591841
-0.18 0.185832 0.197571 0.00591841
-0.17 0.174913 0.18509 0.00591841
-0.16 0.164096 0.171996 0.00591841
-0.15 0.153375 0.158339 0.00591841
-0.14 0.142744 0.144209 0.00591841
-0.13 0.132197 0.129729 0.00591841
-0.12 0.121728 0.115055 0.00591841
-0.11 0.111331 0.100371 0.00591841
-0.1 0.101 0.0858835 0.00591841
-0.09 0.090729 0.071816 0.00591841
-0.08 0.080512 0.0584014 0.00591841
-0.07 0.070343 0.0458752 0.00591841
-0.06 0.060216 0.0344677 0.00591841
-0.05 0.050125 0.0243969 0.00591841
-0.04 0.040064 0.0158609 0.00591841
-0.03 0.030027 0.00903173 0.00591841
-0.02 0.020008 0.00404949 0.00591841
-0.01 0.010001 0.00101773 0.00591841
7.5287e-16 7.5287e-16 2.88658e-15 0.00591841
0.01 0.010001 0.00101773 0.00591841
0.02 0.020008 0.00404949 0.00591841
0.03 0.030027 0.00903173 0.00591841
0.04 0.040064 0.0158609 0.00591841
0.05 0.050125 0.0243969 0.00591841
0.06 0.060216 0.0344677 0.00591841
0.07 0.070343 0.0458752 0.00591841
0.08 0.080512 0.0584014 0.00591841
0.09 0.090729 0.071816 0.00591841
0.1 0.101 0.0858835 0.00591841
0.11 0.111331 0.100371 0.00591841
0.12 0.121728 0.115055 0.00591841
0.13 0.132197 0.129729 0.00591841
0.14 0.142744 0.144209 0.00591841
0.15 0.153375 0.158339 0.00591841
0.16 0.164096 0.171996 0.00591841
0.17 0.174913 0.18509 0.00591841
0.18 0.185832 0.197571 0.00591841
0.19 0.196859 0.209421 0.00591841
0.2 0.208 0.220662 0.00591841
0.21 0.219261 0.231344 0.00591841
0.22 0.230648 0.241549 0.00591841
0.23 0.242167 0.251384 0.00591841
0.24 0.253824 0.260971 0.00591841
0.25 0.265625 0.270448 0.00591841
0.26 0.277576 0.279955 0.00591841
0.27 0.289683 0.289635 0.00591841
0.28 0.301952 0.29962 0.00591841
0.29 0.314389 0.310031 0.00591841
0.3 0.327 0.320971 0.00591841
0.31 0.339791 0.332518 0.00591841
0.32 0.352768 0.344729 0.00591841
0.33 0.365937 0.357629 0.00591841
0.34 0.379304 0.371219 0.00591841
0.35 0.392875 0.385472 0.00591841
0.36 0.406656 0.400337 0.00591841
0.37 0.420653 0.415743 0.00591841
0.38 0.434872 0.431602 0.00591841
0.39 0.449319 0.447816 0.00591841
0.4 0.464 0.464282 0.00591841
0.41 0.478921 0.4809 0.00591841
0.42 0.494088 0.497574 0.00591841
0.43 0.509507 0.514225 0.00591841
0.44 0.525184 0.53079 0.00591841
0.45 0.541125 0.547228 0.00591841
0.46 0.557336 0.563524 0.00591841
0.47 0.573823 0.579687 0.00591841
0.48 0.590592 0.595754 0.00591841
0.49 0.607649 0.611786 0.00591841
0.5 0.625 0.627862 0.00591841
0.51 0.642651 0.64408 0.00591841
0.52 0.660608 0.660546 0.00591841
0.53 0.678877 0.677372 0.00591841
0.54 0.697464 0.694665 0.00591841
0.55 0.716375 0.712522 0.00591841
0.56 0.735616 0.731023 0.00591841
0.57 0.755193 0.750225 0.00591841
0.58 0.775112 0.77016 0.00591841
0.59 0.795379 0.79083 0.00591841
0.6 0.816 0.812206 0.00591841
0.61 0.836981 0.834232 0.00591841
0.62 0.858328 0.85683 0.00591841
0.63 0.880047 0.879899 0.00591841
0.64 0.902144 0.903332 0.00591841
0.65 0.924625 0.927018 0.00591841
0.66 0.947496 0.950857 0.00591841
0.67 0.970763 0.974766 0.00591841
0.68 0.994432 0.998688 0.00591841
0.69 1.01851 1.0226 0.00591841
0.7 1.043 1.04653 0.00591841
0.71 1.06791 1.07052 0.00591841
0.72 1.09325 1.09468 0.00591841
0.73 1.11902 1.11913 0.00591841
0.74 1.14522 1.14402 0.00591841
0.75 1.17188 1.16951 0.00591841
0.76 1.19898 1.19574 0.00591841
0.77 1.22653 1.22283 0.00591841
0.78 1.25455 1.25086 0.00591841
0.79 1.28304 1.27985 0.00591841
0.8 1.312 1.30975 0.00591841
0.81 1.34144 1.34046 0.00591841
0.82 1.37137 1.3718 0.00591841
0.83 1.40179 1.40356 0.00591841
0.84 1.4327 1.43553 0.00591841
0.85 1.46413 1.4675 0.00591841
0.86 1.49606 1.49935 0.00591841
0.87 1.5285 1.53106 0.00591841
0.88 1.56147 1.56273 0.00591841
0.89 1.59497 1.59462 0.00591841
0.9 1.629 1.62711 0.00591841
0.91 1.66357 1.66062 0.00591841
0.92 1.69869 1.69555 0.00591841
0.93 1.73436 1.73209 0.00591841
0.94 1.77058 1.77011 0.00591841
0.95 1.80738 1.80899 0.00591841
0.96 1.84474 1.8477 0.00591841
0.97 1.88267 1.88511 0.00591841
0.98 1.92119 1.92088 0.00591841
0.99 1.9603 1.95736 0.00591841
