-1 2 1.99857 0.00288028
-0.99 1.9603 1.96036 0.00288028
-0.98 1.92119 1.91981 0.00288028
-0.97 1.88267 1.88304 0.00288028
-0.96 1.84474 1.84623 0.00288028
-0.95 1.80737 1.80812 0.00288028
-0.94 1.77058 1.76986 0.00288028
-0.93 1.73436 1.73283 0.00288028
-0.92 1.69869 1.69752 0.00288028
-0.91 1.66357 1.66352 0.00288028
-0.9 1.629 1.63008 0.00288028
-0.89 1.59497 1.59657 0.00288028
-0.88 1.56147 1.56279 0.00288028
-0.87 1.5285 1.52893 0.00288028
-0.86 1.49606 1.49542 0.00288028
-0.85 1.46412 1.46268 0.00288028
-0.84 1.4327 1.43101 0.00288028
-0.83 1.40179 1.40044 0.00288028
-0.82 1.37137 1.37083 0.00288028
-0.81 1.34144 1.34189 0.00288028
-0.8 1.312 1.3133 0.00288028
-0.79 1.28304 1.28481 0.00288028
-0.78 1.25455 1.25629 0.00288028
-0.77 1.22653 1.22777 0.00288028
-0.76 1.19898 1.19938 0.00288028
-0.75 1.17187 1.17133 0.00288028
-0.74 1.14522 1.14386 0.00288028
-0.73 1.11902 1.11715 0.00288028
-0.72 1.09325 1.0913 0.00288028
-0.71 1.06791 1.06631 0.00288028
-0.7 1.043 1.0421 0.00288028
-0.69 1.01851 1.01852 0.00288028
-0.68 0.994432 0.995357 0.00288028
-0.67 0.970763 0.972435 0.00288028
-0.66 0.947496 0.949602 0.00288028
-0.65 0.924625 0.926769 0.00288028
-0.64 0.902144 0.903925 0.00288028
-0.63 0.880047 0.881131 0.00288028
-0.62 0.858328 0.858505 0.00288028
-0.61 0.836981 0.8362 0.00288028
-0.6 0.816 0.814374 0.00288028
-0.59 0.795379 0.793163 0.00288028
-0.58 0.775112 0.772661 0.00288028
-0.57 0.755193 0.752902 0.00288028
-0.56 0.735616 0.733859 0.00288028
-0.55 0.716375 0.715445 0.00288028
-0.54 0.697464 0.69753 0.00288028
-0.53 0.678877 0.679958 0.00288028
-0.52 0.660608 0.66257 0.00288028
-0.51 0.642651 0.645228 0.00288028
-0.5 0.625 0.627831 0.00288028
-0.49 0.607649 0.61033 0.00288028
-0.48 0.590592 0.592733 0.00288028
-0.47 0.573823 0.5751 0.00288028
-0.46 0.557336 0.557538 0.00288028
-0.45 0.541125 0.540185 0.00288028
-0.44 0.525184 0.523187 0.00288028
-0.43 0.509507 0.506684 0.00288028
-0.42 0.494088 0.490786 0.00288028
-0.41 0.478921 0.47556 0.00288028
-0.4 0.464 0.461023 0.00288028
-0.39 0.449319 0.447132 0.00288028
-0.38 0.434872 0.433794 0.00288028
-0.37 0.420653 0.420876 0.00288028
-0.36 0.406656 0.408214 0.00288028
-0.35 0.392875 0.395636 0.00288028
-0.34 0.379304 0.382982 0.00288028
-0.33 0.365937 0.370121 0.00288028
-0.32 0.352768 0.356965 0.00288028
-0.31 0.339791 0.343484 0.00288028
-0.3 0.327 0.329707 0.00288028
-0.29 0.314389 0.31572 0.00288028
-0.28 0.301952 0.301661 0.00288028
-0.27 0.289683 0.2877 0.00288028
-0.26 0.277576 0.274026 0.00288028
-0.25 0.265625 0.260825 0.00288028
-0.24 0.253824 0.248257 0.00288028
-0.23 0.242167 0.236436 0.00288028
-0.22 0.230648 0.225419 0.00288028
-0.21 0.219261 0.215192 0.00288028
-0.2 0.208 0.205666 0.00288028
-0.19 0.196859 0.196686 0.00288028
-0.18 0.185832 0.188037 0.00288028
-0.17 0.174913 0.179466 0.00288028
-0.16 0.164096 0.170699 0.00288028
-0.15 0.153375 0.161473 0.00288028
-0.14 0.142744 0.151556 0.00288028
-0.13 0.132197 0.140777 0.00288028
-0.12 0.121728 0.129044 0.00288028
-0.11 0.111331 0.116364 0.00288028
-0.1 0.101 0.102845 0.00288028
-0.09 0.090729 0.0887054 0.00288028
-0.08 0.080512 0.0742573 0.00288028
-0.07 0.070343 0.0598969 0.00288028
-0.06 0.060216 0.0460789 0.00288028
-0.05 0.050125 0.0332894 0.00288028
-0.04 0.040064 0.0220137 0.00288028
-0.03 0.030027 0.0127046 0.00288028
-0.02 0.020008 0.00575163 0.00288028
-0.01 0.010001 0.00145398 0.00288028
7.5287e-16 7.5287e-16 -2.22045e-16 0.00288028
0.01 0.010001 0.00145398 0.00288028
0.02 0.020008 0.00575163 0.00288028
0.03 0.030027 0.0127046 0.00288028
0.04 0.040064 0.0220137 0.00288028
0.05 0.050125 0.0332894 0.00288028
0.06 0.060216 0.0460789 0.00288028
0.07 0.070343 0.0598969 0.00288028
0.08 0.080512 0.0742573 0.00288028
0.09 0.090729 0.0887054 0.00288028
0.1 0.101 0.102845 0.00288028
0.11 0.111331 0.116364 0.00288028
0.12 0.121728 0.129044 0.00288028
0.13 0.132197 0.140777 0.00288028
0.14 0.142744 0.151556 0.00288028
0.15 0.153375 0.161473 0.00288028
0.16 0.164096 0.170699 0.00288028
0.17 0.174913 0.179466 0.00288028
0.18 0.185832 0.188037 0.00288028
0.19 0.196859 0.196686 0.00288028
0.2 0.208 0.205666 0.00288028
0.21 0.219261 0.215192 0.00288028
0.22 0.230648 0.225419 0.00288028
0.23 0.242167 0.236436 0.00288028
0.24 0.253824 0.248257 0.00288028
0.25 0.265625 0.260825 0.00288028
0.26 0.277576 0.274026 0.00288028
0.27 0.289683 0.2877 0.00288028
0.28 0.301952 0.301661 0.00288028
0.29 0.314389 0.31572 0.00288028
0.3 0.327 0.329707 0.00288028
0.31 0.339791 0.343484 0.00288028
0.32 0.352768 0.356965 0.00288028
0.33 0.365937 0.370121 0.00288028
0.34 0.379304 0.382982 0.00288028
0.35 0.392875 0.395636 0.00288028
0.36 0.406656 0.408214 0.00288028
0.37 0.420653 0.420876 0.00288028
0.38 0.434872 0.433794 0.00288028
0.39 0.449319 0.447132 0.00288028
0.4 0.464 0.461023 0.00288028
0.41 0.478921 0.47556 0.00288028
0.42 0.494088 0.490786 0.00288028
0.43 0.509507 0.506684 0.00288028
0.44 0.525184 0.523187 0.00288028
0.45 0.541125 0.540185 0.00288028
0.46 0.557336 0.557538 0.00288028
0.47 0.573823 0.5751 0.00288028
0.48 0.590592 0.592733 0.00288028
0.49 0.607649 0.61033 0.00288028
0.5 0.625 0.627831 0.00288028
0.51 0.642651 0.645228 0.00288028
0.52 0.660608 0.66257 0.00288028
0.53 0.678877 0.679958 0.00288028
0.54 0.697464 0.69753 0.00288028
0.55 0.716375 0.715445 0.00288028
0.56 0.735616 0.733859 0.00288028
0.57 0.755193 0.752902 0.00288028
0.58 0.775112 0.772661 0.00288028
0.59 0.795379 0.793163 0.00288028
0.6 0.816 0.814374 0.00288028
0.61 0.836981 0.8362 0.00288028
0.62 0.858328 0.858505 0.00288028
0.63 0.880047 0.881131 0.00288028
0.64 0.902144 0.903925 0.00288028
0.65 0.924625 0.926769 0.00288028
0.66 0.947496 0.949602 0.00288028
0.67 0.970763 0.972435 0.00288028
0.68 0.994432 0.995357 0.00288028
0.69 1.01851 1.01852 0.00288028
0.7 1.043 1.0421 0.00288028
0.71 1.06791 1.06631 0.00288028
0.72 1.09325 1.0913 0.00288028
0.73 1.11902 1.11715 0.00288028
0.74 1.14522 1.14386 0.00288028
0.75 1.17188 1.17133 0.00288028
0.76 1.19898 1.19938 0.00288028
0.77 1.22653 1.22777 0.00288028
0.78 1.25455 1.25629 0.00288028
0.79 1.28304 1.28481 0.00288028
0.8 1.312 1.3133 0.00288028
0.81 1.34144 1.34189 0.00288028
0.82 1.37137 1.37083 0.00288028
0.83 1.40179 1.40044 0.00288028
0.84 1.4327 1.43101 0.00288028
0.85 1.46413 1.46268 0.00288028
0.86 1.49606 1.49542 0.00288028
0.87 1.5285 1.52893 0.00288028
0.88 1.56147 1.56279 0.00288028
0.89 1.59497 1.59657 0.00288028
0.9 1.629 1.63008 0.00288028
0.91 1.66357 1.66352 0.00288028
0.92 1.69869 1.69752 0.00288028
0.93 1.73436 1.73283 0.00288028
0.94 1.77058 1.76986 0.00288028
0.95 1.80738 1.80812 0.00288028
0.96 1.84474 1.84623 0.00288028
0.97 1.88267 1.88304 0.00288028
0.98 1.92119 1.91981 0.00288028
0.99 1.9603 1.96036 0.00288028
