-1 2 2.02073 1.01036
-0.99 1.9603 1.98051 1.01036
-0.98 1.92119 1.94071 1.01036
-0.97 1.88267 1.9013 1.01036
-0.96 1.84474 1.8623 1.01036
-0.95 1.80737 1.82371 1.01036
-0.94 1.77058 1.78551 1.01036
-0.93 1.73436 1.74773 1.01036
-0.92 1.69869 1.71034 1.01036
-0.91 1.66357 1.67336 1.01036
-0.9 1.629 1.63679 1.01036
-0.89 1.59497 1.60062 1.01036
-0.88 1.56147 1.56485 1.01036
-0.87 1.5285 1.52949 1.01036
-0.86 1.49606 1.49453 1.01036
-0.85 1.46412 1.45997 1.01036
-0.84 1.4327 1.42582 1.01036
-0.83 1.40179 1.39208 1.01036
-0.82 1.37137 1.35874 1.01036
-0.81 1.34144 1.3258 1.01036
-0.8 1.312 1.29326 1.01036
-0.79 1.28304 1.26114 1.01036
-0.78 1.25455 1.22941 1.01036
-0.77 1.22653 1.19809 1.01036
-0.76 1.19898 1.16717 1.01036
-0.75 1.17187 1.13666 1.01036
-0.74 1.14522 1.10655 1.01036
-0.73 1.11902 1.07684 1.01036
-0.72 1.09325 1.04754 1.01036
-0.71 1.06791 1.01865 1.01036
-0.7 1.043 0.990156 1.01036
-0.69 1.01851 0.962068 1.01036
-0.68 0.994432 0.934384 1.01036
-0.67 0.970763 0.907104 1.01036
-0.66 0.947496 0.880228 1.01036
-0.65 0.924625 0.853757 1.01036
-0.64 0.902144 0.827689 1.01036
-0.63 0.880047 0.802026 1.01036
-0.62 0.858328 0.776767 1.01036
-0.61 0.836981 0.751912 1.01036
-0.6 0.816 0.727461 1.01036
-0.59 0.795379 0.703415 1.01036
-0.58 0.775112 0.679772 1.01036
-0.57 0.755193 0.656534 1.01036
-0.56 0.735616 0.6337 1.01036
-0.55 0.716375 0.61127 1.01036
-0.54 0.697464 0.589244 1.01036
-0.53 0.678877 0.567622 1.01036
-0.52 0.660608 0.546404 1.01036
-0.51 0.642651 0.525591 1.01036
-0.5 0.625 0.505181 1.01036
-0.49 0.607649 0.485176 1.01036
-0.48 0.590592 0.465575 1.01036
-0.47 0.573823 0.446378 1.01036
-0.46 0.557336 0.427586 1.01036
-0.45 0.541125 0.409197 1.01036
-0.44 0.525184 0.391213 1.01036
-0.43 0.509507 0.373632 1.01036
-0.42 0.494088 0.356456 1.01036
-0.41 0.478921 0.339684 1.01036
-0.4 0.464 0.323316 1.01036
-0.39 0.449319 0.307352 1.01036
-0.38 0.434872 0.291793 1.01036
-0.37 0.420653 0.276637 1.01036
-0.36 0.406656 0.261886 1.01036
-0.35 0.392875 0.247539 1.01036
-0.34 0.379304 0.233596 1.01036
-0.33 0.365937 0.220057 1.01036
-0.32 0.352768 0.206922 1.01036
-0.31 0.339791 0.194192 1.01036
-0.3 0.327 0.181865 1.01036
-0.29 0.314389 0.169943 1.01036
-0.28 0.301952 0.158425 1.01036
-0.27 0.289683 0.147311 1.01036
-0.26 0.277576 0.136601 1.01036
-0.25 0.265625 0.126295 1.01036
-0.24 0.253824 0.116394 1.01036
-0.23 0.242167 0.106896 1.01036
-0.22 0.230648 0.0978031 1.01036
-0.21 0.219261 0.089114 1.01036
-0.2 0.208 0.080829 1.01036
-0.19 0.196859 0.0729482 1.01036
-0.18 0.185832 0.0654715 1.01036
-0.17 0.174913 0.058399 1.01036
-0.16 0.164096 0.0517306 1.01036
-0.15 0.153375 0.0454663 1.01036
-0.14 0.142744 0.0396062 1.01036
-0.13 0.132197 0.0341503 1.01036
-0.12 0.121728 0.0290985 1.01036
-0.11 0.111331 0.0244508 1.01036
-0.1 0.101 0.0202073 1.01036
-0.09 0.090729 0.0163679 1.01036
-0.08 0.080512 0.0129326 1.01036
-0.07 0.070343 0.00990156 1.01036
-0.06 0.060216 0.00727461 1.01036
-0.05 0.050125 0.00505181 1.01036
-0.04 0.040064 0.00323316 1.01036
-0.03 0.030027 0.00181865 1.01036
-0.02 0.020008 0.00080829 1.01036
-0.01 0.010001 0.000202073 1.01036
7.5287e-16 7.5287e-16 -2.22045e-16 1.01036
0.01 0.010001 0.000202073 1.01036
0.02 0.020008 0.00080829 1.01036
0.03 0.030027 0.00181865 1.01036
0.04 0.040064 0.00323316 1.01036
0.05 0.050125 0.00505181 1.01036
0.06 0.060216 0.00727461 1.01036
0.07 0.070343 0.00990156 1.01036
0.08 0.080512 0.0129326 1.01036
0.09 0.090729 0.0163679 1.01036
0.1 0.101 0.0202073 1.01036
0.11 0.111331 0.0244508 1.01036
0.12 0.121728 0.0290985 1.01036
0.13 0.132197 0.0341503 1.01036
0.14 0.142744 0.0396062 1.01036
0.15 0.153375 0.0454663 1.01036
0.16 0.164096 0.0517306 1.01036
0.17 0.174913 0.058399 1.01036
0.18 0.185832 0.0654715 1.01036
0.19 0.196859 0.0729482 1.01036
0.2 0.208 0.080829 1.01036
0.21 0.219261 0.089114 1.01036
0.22 0.230648 0.0978031 1.01036
0.23 0.242167 0.106896 1.01036
0.24 0.253824 0.116394 1.01036
0.25 0.265625 0.126295 1.01036
0.26 0.277576 0.136601 1.01036
0.27 0.289683 0.147311 1.01036
0.28 0.301952 0.158425 1.01036
0.29 0.314389 0.169943 1.01036
0.3 0.327 0.181865 1.01036
0.31 0.339791 0.194192 1.01036
0.32 0.352768 0.206922 1.01036
0.33 0.365937 0.220057 1.01036
0.34 0.379304 0.233596 1.01036
0.35 0.392875 0.247539 1.01036
0.36 0.406656 0.261886 1.01036
0.37 0.420653 0.276637 1.01036
0.38 0.434872 0.291793 1.01036
0.39 0.449319 0.307352 1.01036
0.4 0.464 0.323316 1.01036
0.41 0.478921 0.339684 1.01036
0.42 0.494088 0.356456 1.01036
0.43 0.509507 0.373632 1.01036
0.44 0.525184 0.391213 1.01036
0.45 0.541125 0.409197 1.01036
0.46 0.557336 0.427586 1.01036
0.47 0.573823 0.446378 1.01036
0.48 0.590592 0.465575 1.01036
0.49 0.607649 0.485176 1.01036
0.5 0.625 0.505181 1.01036
0.51 0.642651 0.525591 1.01036
0.52 0.660608 0.546404 1.01036
0.53 0.678877 0.567622 1.01036
0.54 0.697464 0.589244 1.01036
0.55 0.716375 0.61127 1.01036
0.56 0.735616 0.6337 1.01036
0.57 0.755193 0.656534 1.01036
0.58 0.775112 0.679772 1.01036
0.59 0.795379 0.703415 1.01036
0.6 0.816 0.727461 1.01036
0.61 0.836981 0.751912 1.01036
0.62 0.858328 0.776767 1.01036
0.63 0.880047 0.802026 1.01036
0.64 0.902144 0.827689 1.01036
0.65 0.924625 0.853757 1.01036
0.66 0.947496 0.880228 1.01036
0.67 0.970763 0.907104 1.01036
0.68 0.994432 0.934384 1.01036
0.69 1.01851 0.962068 1.01036
0.7 1.043 0.990156 1.01036
0.71 1.06791 1.01865 1.01036
0.72 1.09325 1.04754 1.01036
0.73 1.11902 1.07684 1.01036
0.74 1.14522 1.10655 1.01036
0.75 1.17188 1.13666 1.01036
0.76 1.19898 1.16717 1.01036
0.77 1.22653 1.19809 1.01036
0.78 1.25455 1.22941 1.01036
0.79 1.28304 1.26114 1.01036
0.8 1.312 1.29326 1.01036
0.81 1.34144 1.3258 1.01036
0.82 1.37137 1.35874 1.01036
0.83 1.40179 1.39208 1.01036
0.84 1.4327 1.42582 1.01036
0.85 1.46413 1.45997 1.01036
0.86 1.49606 1.49453 1.01036
0.87 1.5285 1.52949 1.01036
0.88 1.56147 1.56485 1.01036
0.89 1.59497 1.60062 1.01036
0.9 1.629 1.63679 1.01036
0.91 1.66357 1.67336 1.01036
0.92 1.69869 1.71034 1.01036
0.93 1.73436 1.74773 1.01036
0.94 1.77058 1.78551 1.01036
0.95 1.80738 1.82371 1.01036
0.96 1.84474 1.8623 1.01036
0.97 1.88267 1.9013 1.01036
0.98 1.92119 1.94071 1.01036
0.99 1.9603 1.98051 1.01036
