-1 2 1.99997 1.03391e-15
-0.99 1.9603 1.96027 1.03391e-15
-0.98 1.92119 1.92122 1.03391e-15
-0.97 1.88267 1.88267 1.03391e-15
-0.96 1.84474 1.84471 1.03391e-15
-0.95 1.80737 1.80739 1.03391e-15
-0.94 1.77058 1.77061 1.03391e-15
-0.93 1.73436 1.73436 1.03391e-15
-0.92 1.69869 1.69866 1.03391e-15
-0.91 1.66357 1.66355 1.03391e-15
-0.9 1.629 1.62901 1.03391e-15
-0.89 1.59497 1.595 1.03391e-15
-0.88 1.56147 1.5615 1.03391e-15
-0.87 1.5285 1.5285 1.03391e-15
-0.86 1.49606 1.49603 1.03391e-15
-0.85 1.46412 1.46409 1.03391e-15
-0.84 1.4327 1.43269 1.03391e-15
-0.83 1.40179 1.4018 1.03391e-15
-0.82 1.37137 1.3714 1.03391e-15
-0.81 1.34144 1.34147 1.03391e-15
-0.8 1.312 1.31201 1.03391e-15
-0.79 1.28304 1.28302 1.03391e-15
-0.78 1.25455 1.25451 1.03391e-15
-0.77 1.22653 1.22649 1.03391e-15
-0.76 1.19898 1.19896 1.03391e-15
-0.75 1.17187 1.17189 1.03391e-15
-0.74 1.14522 1.14526 1.03391e-15
-0.73 1.11902 1.11906 1.03391e-15
-0.72 1.09325 1.09328 1.03391e-15
-0.71 1.06791 1.06792 1.03391e-15
-0.7 1.043 1.04298 1.03391e-15
-0.69 1.01851 1.01846 1.03391e-15
-0.68 0.994432 0.994379 1.03391e-15
-0.67 0.970763 0.970724 1.03391e-15
-0.66 0.947496 0.947486 1.03391e-15
-0.65 0.924625 0.92465 1.03391e-15
-0.64 0.902144 0.902197 1.03391e-15
-0.63 0.880047 0.88011 1.03391e-15
-0.62 0.858328 0.85838 1.03391e-15
-0.61 0.836981 0.837003 1.03391e-15
-0.6 0.816 0.815983 1.03391e-15
-0.59 0.795379 0.795327 1.03391e-15
-0.58 0.775112 0.775039 1.03391e-15
-0.57 0.755193 0.755122 1.03391e-15
-0.56 0.735616 0.735569 1.03391e-15
-0.55 0.716375 0.716368 1.03391e-15
-0.54 0.697464 0.697502 1.03391e-15
-0.53 0.678877 0.678952 1.03391e-15
-0.52 0.660608 0.6607 1.03391e-15
-0.51 0.642651 0.642734 1.03391e-15
-0.5 0.625 0.62505 1.03391e-15
-0.49 0.607649 0.607648 1.03391e-15
-0.48 0.590592 0.590538 1.03391e-15
-0.47 0.573823 0.573726 1.03391e-15
-0.46 0.557336 0.557219 1.03391e-15
-0.45 0.541125 0.541019 1.03391e-15
-0.44 0.525184 0.525119 1.03391e-15
-0.43 0.509507 0.509504 1.03391e-15
-0.42 0.494088 0.494152 1.03391e-15
-0.41 0.478921 0.479043 1.03391e-15
-0.4 0.464 0.464152 1.03391e-15
-0.39 0.449319 0.449466 1.03391e-15
-0.38 0.434872 0.434974 1.03391e-15
-0.37 0.420653 0.420681 1.03391e-15
-0.36 0.406656 0.406594 1.03391e-15
-0.35 0.392875 0.392729 1.03391e-15
-0.34 0.379304 0.379101 1.03391e-15
-0.33 0.365937 0.365722 1.03391e-15
-0.32 0.352768 0.352592 1.03391e-15
-0.31 0.339791 0.339703 1.03391e-15
-0.3 0.327 0.327032 1.03391e-15
-0.29 0.314389 0.314549 1.03391e-15
-0.28 0.301952 0.302219 1.03391e-15
-0.27 0.289683 0.290007 1.03391e-15
-0.26 0.277576 0.277886 1.03391e-15
-0.25 0.265625 0.265844 1.03391e-15
-0.24 0.253824 0.253886 1.03391e-15
-0.23 0.242167 0.24203 1.03391e-15
-0.22 0.230648 0.230311 1.03391e-15
-0.21 0.219261 0.218771 1.03391e-15
-0.2 0.208 0.207445 1.03391e-15
-0.19 0.196859 0.196362 1.03391e-15
-0.18 0.185832 0.185524 1.03391e-15
-0.17 0.174913 0.17491 1.03391e-15
-0.16 0.164096 0.164467 1.03391e-15
-0.15 0.153375 0.154119 1.03391e-15
-0.14 0.142744 0.143772 1.03391e-15
-0.13 0.132197 0.13333 1.03391e-15
-0.12 0.121728 0.122713 1.03391e-15
-0.11 0.111331 0.111872 1.03391e-15
-0.1 0.101 0.100813 1.03391e-15
-0.09 0.090729 0.0896046 1.03391e-15
-0.08 0.080512 0.0783883 1.03391e-15
-0.07 0.070343 0.0673771 1.03391e-15
-0.06 0.060216 0.0568473 1.03391e-15
-0.05 0.050125 0.0471202 1.03391e-15
-0.04 0.040064 0.0385395 1.03391e-15
-0.03 0.030027 0.0314423 1.03391e-15
-0.02 0.020008 0.0261299 1.03391e-15
-0.01 0.010001 0.0228404 1.03391e-15
7.5287e-16 7.5287e-16 0.0217263 1.03391e-15
0.01 0.010001 0.0228404 1.03391e-15
0.02 0.020008 0.0261299 1.03391e-15
0.03 0.030027 0.0314423 1.03391e-15
0.04 0.040064 0.0385395 1.03391e-15
0.05 0.050125 0.0471202 1.03391e-15
0.06 0.060216 0.0568473 1.03391e-15
0.07 0.070343 0.0673771 1.03391e-15
0.08 0.080512 0.0783883 1.03391e-15
0.09 0.090729 0.0896046 1.03391e-15
0.1 0.101 0.100813 1.03391e-15
0.11 0.111331 0.111872 1.03391e-15
0.12 0.121728 0.122713 1.03391e-15
0.13 0.132197 0.13333 1.03391e-15
0.14 0.142744 0.143772 1.03391e-15
0.15 0.153375 0.154119 1.03391e-15
0.16 0.164096 0.164467 1.03391e-15
0.17 0.174913 0.17491 1.03391e-15
0.18 0.185832 0.185524 1.03391e-15
0.19 0.196859 0.196362 1.03391e-15
0.2 0.208 0.207445 1.03391e-15
0.21 0.219261 0.218771 1.03391e-15
0.22 0.230648 0.230311 1.03391e-15
0.23 0.242167 0.24203 1.03391e-15
0.24 0.253824 0.253886 1.03391e-15
0.25 0.265625 0.265844 1.03391e-15
0.26 0.277576 0.277886 1.03391e-15
0.27 0.289683 0.290007 1.03391e-15
0.28 0.301952 0.302219 1.03391e-15
0.29 0.314389 0.314549 1.03391e-15
0.3 0.327 0.327032 1.03391e-15
0.31 0.339791 0.339703 1.03391e-15
0.32 0.352768 0.352592 1.03391e-15
0.33 0.365937 0.365722 1.03391e-15
0.34 0.379304 0.379101 1.03391e-15
0.35 0.392875 0.392729 1.03391e-15
0.36 0.406656 0.406594 1.03391e-15
0.37 0.420653 0.420681 1.03391e-15
0.38 0.434872 0.434974 1.03391e-15
0.39 0.449319 0.449466 1.03391e-15
0.4 0.464 0.464152 1.03391e-15
0.41 0.478921 0.479043 1.03391e-15
0.42 0.494088 0.494152 1.03391e-15
0.43 0.509507 0.509504 1.03391e-15
0.44 0.525184 0.525119 1.03391e-15
0.45 0.541125 0.541019 1.03391e-15
0.46 0.557336 0.557219 1.03391e-15
0.47 0.573823 0.573726 1.03391e-15
0.48 0.590592 0.590538 1.03391e-15
0.49 0.607649 0.607648 1.03391e-15
0.5 0.625 0.62505 1.03391e-15
0.51 0.642651 0.642734 1.03391e-15
0.52 0.660608 0.6607 1.03391e-15
0.53 0.678877 0.678952 1.03391e-15
0.54 0.697464 0.697502 1.03391e-15
0.55 0.716375 0.716368 1.03391e-15
0.56 0.735616 0.735569 1.03391e-15
0.57 0.755193 0.755122 1.03391e-15
0.58 0.775112 0.775039 1.03391e-15
0.59 0.795379 0.795327 1.03391e-15
0.6 0.816 0.815983 1.03391e-15
0.61 0.836981 0.837003 1.03391e-15
0.62 0.858328 0.85838 1.03391e-15
0.63 0.880047 0.88011 1.03391e-15
0.64 0.902144 0.902197 1.03391e-15
0.65 0.924625 0.92465 1.03391e-15
0.66 0.947496 0.947486 1.03391e-15
0.67 0.970763 0.970724 1.03391e-15
0.68 0.994432 0.994379 1.03391e-15
0.69 1.01851 1.01846 1.03391e-15
0.7 1.043 1.04298 1.03391e-15
0.71 1.06791 1.06792 1.03391e-15
0.72 1.09325 1.09328 1.03391e-15
0.73 1.11902 1.11906 1.03391e-15
0.74 1.14522 1.14526 1.03391e-15
0.75 1.17188 1.17189 1.03391e-15
0.76 1.19898 1.19896 1.03391e-15
0.77 1.22653 1.22649 1.03391e-15
0.78 1.25455 1.25451 1.03391e-15
0.79 1.28304 1.28302 1.03391e-15
0.8 1.312 1.31201 1.03391e-15
0.81 1.34144 1.34147 1.03391e-15
0.82 1.37137 1.3714 1.03391e-15
0.83 1.40179 1.4018 1.03391e-15
0.84 1.4327 1.43269 1.03391e-15
0.85 1.46413 1.46409 1.03391e-15
0.86 1.49606 1.49603 1.03391e-15
0.87 1.5285 1.5285 1.03391e-15
0.88 1.56147 1.5615 1.03391e-15
0.89 1.59497 1.595 1.03391e-15
0.9 1.629 1.62901 1.03391e-15
0.91 1.66357 1.66355 1.03391e-15
0.92 1.69869 1.69866 1.03391e-15
0.93 1.73436 1.73436 1.03391e-15
0.94 1.77058 1.77061 1.03391e-15
0.95 1.80738 1.80739 1.03391e-15
0.96 1.84474 1.84471 1.03391e-15
0.97 1.88267 1.88267 1.03391e-15
0.98 1.92119 1.92122 1.03391e-15
0.99 1.9603 1.96027 1.03391e-15
