-1 2 2.00005 1.8611e-15
-0.99 1.9603 1.96032 1.8611e-15
-0.98 1.92119 1.92122 1.8611e-15
-0.97 1.88267 1.88263 1.8611e-15
-0.96 1.84474 1.8447 1.8611e-15
-0.95 1.80737 1.8074 1.8611e-15
-0.94 1.77058 1.77064 1.8611e-15
-0.93 1.73436 1.73439 1.8611e-15
-0.92 1.69869 1.69867 1.8611e-15
-0.91 1.66357 1.66351 1.8611e-15
-0.9 1.629 1.62894 1.8611e-15
-0.89 1.59497 1.59495 1.8611e-15
-0.88 1.56147 1.56151 1.8611e-15
-0.87 1.5285 1.52857 1.8611e-15
-0.86 1.49606 1.49612 1.8611e-15
-0.85 1.46412 1.46416 1.8611e-15
-0.84 1.4327 1.43269 1.8611e-15
-0.83 1.40179 1.40173 1.8611e-15
-0.82 1.37137 1.37129 1.8611e-15
-0.81 1.34144 1.34137 1.8611e-15
-0.8 1.312 1.31197 1.8611e-15
-0.79 1.28304 1.28306 1.8611e-15
-0.78 1.25455 1.25461 1.8611e-15
-0.77 1.22653 1.22662 1.8611e-15
-0.76 1.19898 1.19906 1.8611e-15
-0.75 1.17187 1.17193 1.8611e-15
-0.74 1.14522 1.14524 1.8611e-15
-0.73 1.11902 1.11898 1.8611e-15
-0.72 1.09325 1.09317 1.8611e-15
-0.71 1.06791 1.06781 1.8611e-15
-0.7 1.043 1.0429 1.8611e-15
-0.69 1.01851 1.01844 1.8611e-15
-0.68 0.994432 0.994408 1.8611e-15
-0.67 0.970763 0.970794 1.8611e-15
-0.66 0.947496 0.947577 1.8611e-15
-0.65 0.924625 0.92474 1.8611e-15
-0.64 0.902144 0.902269 1.8611e-15
-0.63 0.880047 0.880155 1.8611e-15
-0.62 0.858328 0.858394 1.8611e-15
-0.61 0.836981 0.836989 1.8611e-15
-0.6 0.816 0.815945 1.8611e-15
-0.59 0.795379 0.795269 1.8611e-15
-0.58 0.775112 0.774965 1.8611e-15
-0.57 0.755193 0.755037 1.8611e-15
-0.56 0.735616 0.73548 1.8611e-15
-0.55 0.716375 0.716287 1.8611e-15
-0.54 0.697464 0.697444 1.8611e-15
-0.53 0.678877 0.678933 1.8611e-15
-0.52 0.660608 0.660734 1.8611e-15
-0.51 0.642651 0.64283 1.8611e-15
-0.5 0.625 0.625204 1.8611e-15
-0.49 0.607649 0.607843 1.8611e-15
-0.48 0.590592 0.590741 1.8611e-15
-0.47 0.573823 0.573899 1.8611e-15
-0.46 0.557336 0.557319 1.8611e-15
-0.45 0.541125 0.541011 1.8611e-15
-0.44 0.525184 0.524984 1.8611e-15
-0.43 0.509507 0.509246 1.8611e-15
-0.42 0.494088 0.493805 1.8611e-15
-0.41 0.478921 0.478659 1.8611e-15
-0.4 0.464 0.463804 1.8611e-15
-0.39 0.449319 0.449227 1.8611e-15
-0.38 0.434872 0.434908 1.8611e-15
-0.37 0.420653 0.420824 1.8611e-15
-0.36 0.406656 0.40695 1.8611e-15
-0.35 0.392875 0.393259 1.8611e-15
-0.34 0.379304 0.379727 1.8611e-15
-0.33 0.365937 0.366339 1.8611e-15
-0.32 0.352768 0.353085 1.8611e-15
-0.31 0.339791 0.339965 1.8611e-15
-0.3 0.327 0.326986 1.8611e-15
-0.29 0.314389 0.314165 1.8611e-15
-0.28 0.301952 0.301525 1.8611e-15
-0.27 0.289683 0.289089 1.8611e-15
-0.26 0.277576 0.276881 1.8611e-15
-0.25 0.265625 0.264919 1.8611e-15
-0.24 0.253824 0.25321 1.8611e-15
-0.23 0.242167 0.241751 1.8611e-15
-0.22 0.230648 0.230525 1.8611e-15
-0.21 0.219261 0.2195 1.8611e-15
-0.2 0.208 0.208628 1.8611e-15
-0.19 0.196859 0.197855 1.8611e-15
-0.18 0.185832 0.187117 1.8611e-15
-0.17 0.174913 0.176352 1.8611e-15
-0.16 0.164096 0.165505 1.8611e-15
-0.15 0.153375 0.154532 1.8611e-15
-0.14 0.142744 0.143414 1.8611e-15
-0.13 0.132197 0.132154 1.8611e-15
-0.12 0.121728 0.120792 1.8611e-15
-0.11 0.111331 0.109399 1.8611e-15
-0.1 0.101 0.0980815 1.8611e-15
-0.09 0.090729 0.0869811 1.8611e-15
-0.08 0.080512 0.0762672 1.8611e-15
-0.07 0.070343 0.0661319 1.8611e-15
-0.06 0.060216 0.0567807 1.8611e-15
-0.05 0.050125 0.0484228 1.8611e-15
-0.04 0.040064 0.04126 1.8611e-15
-0.03 0.030027 0.0354758 1.8611e-15
-0.02 0.020008 0.0312251 1.8611e-15
-0.01 0.010001 0.0286257 1.8611e-15
7.5287e-16 7.5287e-16 0.0277509 1.8611e-15
0.01 0.010001 0.0286257 1.8611e-15
0.02 0.020008 0.0312251 1.8611e-15
0.03 0.030027 0.0354758 1.8611e-15
0.04 0.040064 0.04126 1.8611e-15
0.05 0.050125 0.0484228 1.8611e-15
0.06 0.060216 0.0567807 1.8611e-15
0.07 0.070343 0.0661319 1.8611e-15
0.08 0.080512 0.0762672 1.8611e-15
0.09 0.090729 0.0869811 1.8611e-15
0.1 0.101 0.0980815 1.8611e-15
0.11 0.111331 0.109399 1.8611e-15
0.12 0.121728 0.120792 1.8611e-15
0.13 0.132197 0.132154 1.8611e-15
0.14 0.142744 0.143414 1.8611e-15
0.15 0.153375 0.154532 1.8611e-15
0.16 0.164096 0.165505 1.8611e-15
0.17 0.174913 0.176352 1.8611e-15
0.18 0.185832 0.187117 1.8611e-15
0.19 0.196859 0.197855 1.8611e-15
0.2 0.208 0.208628 1.8611e-15
0.21 0.219261 0.2195 1.8611e-15
0.22 0.230648 0.230525 1.8611e-15
0.23 0.242167 0.241751 1.8611e-15
0.24 0.253824 0.25321 1.8611e-15
0.25 0.265625 0.264919 1.8611e-15
0.26 0.277576 0.276881 1.8611e-15
0.27 0.289683 0.289089 1.8611e-15
0.28 0.301952 0.301525 1.8611e-15
0.29 0.314389 0.314165 1.8611e-15
0.3 0.327 0.326986 1.8611e-15
0.31 0.339791 0.339965 1.8611e-15
0.32 0.352768 0.353085 1.8611e-15
0.33 0.365937 0.366339 1.8611e-15
0.34 0.379304 0.379727 1.8611e-15
0.35 0.392875 0.393259 1.8611e-15
0.36 0.406656 0.40695 1.8611e-15
0.37 0.420653 0.420824 1.8611e-15
0.38 0.434872 0.434908 1.8611e-15
0.39 0.449319 0.449227 1.8611e-15
0.4 0.464 0.463804 1.8611e-15
0.41 0.478921 0.478659 1.8611e-15
0.42 0.494088 0.493805 1.8611e-15
0.43 0.509507 0.509246 1.8611e-15
0.44 0.525184 0.524984 1.8611e-15
0.45 0.541125 0.541011 1.8611e-15
0.46 0.557336 0.557319 1.8611e-15
0.47 0.573823 0.573899 1.8611e-15
0.48 0.590592 0.590741 1.8611e-15
0.49 0.607649 0.607843 1.8611e-15
0.5 0.625 0.625204 1.8611e-15
0.51 0.642651 0.64283 1.8611e-15
0.52 0.660608 0.660734 1.8611e-15
0.53 0.678877 0.678933 1.8611e-15
0.54 0.697464 0.697444 1.8611e-15
0.55 0.716375 0.716287 1.8611e-15
0.56 0.735616 0.73548 1.8611e-15
0.57 0.755193 0.755037 1.8611e-15
0.58 0.775112 0.774965 1.8611e-15
0.59 0.795379 0.795269 1.8611e-15
0.6 0.816 0.815945 1.8611e-15
0.61 0.836981 0.836989 1.8611e-15
0.62 0.858328 0.858394 1.8611e-15
0.63 0.880047 0.880155 1.8611e-15
0.64 0.902144 0.902269 1.8611e-15
0.65 0.924625 0.92474 1.8611e-15
0.66 0.947496 0.947577 1.8611e-15
0.67 0.970763 0.970794 1.8611e-15
0.68 0.994432 0.994408 1.8611e-15
0.69 1.01851 1.01844 1.8611e-15
0.7 1.043 1.0429 1.8611e-15
0.71 1.06791 1.06781 1.8611e-15
0.72 1.09325 1.09317 1.8611e-15
0.73 1.11902 1.11898 1.8611e-15
0.74 1.14522 1.14524 1.8611e-15
0.75 1.17188 1.17193 1.8611e-15
0.76 1.19898 1.19906 1.8611e-15
0.77 1.22653 1.22662 1.8611e-15
0.78 1.25455 1.25461 1.8611e-15
0.79 1.28304 1.28306 1.8611e-15
0.8 1.312 1.31197 1.8611e-15
0.81 1.34144 1.34137 1.8611e-15
0.82 1.37137 1.37129 1.8611e-15
0.83 1.40179 1.40173 1.8611e-15
0.84 1.4327 1.43269 1.8611e-15
0.85 1.46413 1.46416 1.8611e-15
0.86 1.49606 1.49612 1.8611e-15
0.87 1.5285 1.52857 1.8611e-15
0.88 1.56147 1.56151 1.8611e-15
0.89 1.59497 1.59495 1.8611e-15
0.9 1.629 1.62894 1.8611e-15
0.91 1.66357 1.66351 1.8611e-15
0.92 1.69869 1.69867 1.8611e-15
0.93 1.73436 1.73439 1.8611e-15
0.94 1.77058 1.77064 1.8611e-15
0.95 1.80738 1.8074 1.8611e-15
0.96 1.84474 1.8447 1.8611e-15
0.97 1.88267 1.88263 1.8611e-15
0.98 1.92119 1.92122 1.8611e-15
0.99 1.9603 1.96032 1.8611e-15
