-1 2 1.98216 0.0373534
-0.99 1.9603 1.95503 0.0373534
-0.98 1.92119 1.92537 0.0373534
-0.97 1.88267 1.89362 0.0373534
-0.96 1.84474 1.86015 0.0373534
-0.95 1.80737 1.82533 0.0373534
-0.94 1.77058 1.78946 0.0373534
-0.93 1.73436 1.75285 0.0373534
-0.92 1.69869 1.71574 0.0373534
-0.91 1.66357 1.67836 0.0373534
-0.9 1.629 1.64093 0.0373534
-0.89 1.59497 1.60362 0.0373534
-0.88 1.56147 1.56658 0.0373534
-0.87 1.5285 1.52996 0.0373534
-0.86 1.49606 1.49386 0.0373534
-0.85 1.46412 1.4584 0.0373534
-0.84 1.4327 1.42363 0.0373534
-0.83 1.40179 1.38964 0.0373534
-0.82 1.37137 1.35648 0.0373534
-0.81 1.34144 1.32418 0.0373534
-0.8 1.312 1.29277 0.0373534
-0.79 1.28304 1.26227 0.0373534
-0.78 1.25455 1.23269 0.0373534
-0.77 1.22653 1.20401 0.0373534
-0.76 1.19898 1.17624 0.0373534
-0.75 1.17187 1.14936 0.0373534
-0.74 1.14522 1.12334 0.0373534
-0.73 1.11902 1.09816 0.0373534
-0.72 1.09325 1.07378 0.0373534
-0.71 1.06791 1.05018 0.0373534
-0.7 1.043 1.0273 0.0373534
-0.69 1.01851 1.00512 0.0373534
-0.68 0.994432 0.983584 0.0373534
-0.67 0.970763 0.96265 0.0373534
-0.66 0.947496 0.942274 0.0373534
-0.65 0.924625 0.922408 0.0373534
-0.64 0.902144 0.903008 0.0373534
-0.63 0.880047 0.884028 0.0373534
-0.62 0.858328 0.865424 0.0373534
-0.61 0.836981 0.847151 0.0373534
-0.6 0.816 0.829167 0.0373534
-0.59 0.795379 0.811431 0.0373534
-0.58 0.775112 0.793905 0.0373534
-0.57 0.755193 0.77655 0.0373534
-0.56 0.735616 0.759334 0.0373534
-0.55 0.716375 0.742222 0.0373534
-0.54 0.697464 0.725186 0.0373534
-0.53 0.678877 0.708197 0.0373534
-0.52 0.660608 0.691232 0.0373534
-0.51 0.642651 0.674268 0.0373534
-0.5 0.625 0.657286 0.0373534
-0.49 0.607649 0.640271 0.0373534
-0.48 0.590592 0.623209 0.0373534
-0.47 0.573823 0.606088 0.0373534
-0.46 0.557336 0.588903 0.0373534
-0.45 0.541125 0.571648 0.0373534
-0.44 0.525184 0.554321 0.0373534
-0.43 0.509507 0.536922 0.0373534
-0.42 0.494088 0.519456 0.0373534
-0.41 0.478921 0.501927 0.0373534
-0.4 0.464 0.484345 0.0373534
-0.39 0.449319 0.466719 0.0373534
-0.38 0.434872 0.449064 0.0373534
-0.37 0.420653 0.431394 0.0373534
-0.36 0.406656 0.413727 0.0373534
-0.35 0.392875 0.396081 0.0373534
-0.34 0.379304 0.378477 0.0373534
-0.33 0.365937 0.360939 0.0373534
-0.32 0.352768 0.34349 0.0373534
-0.31 0.339791 0.326155 0.0373534
-0.3 0.327 0.308962 0.0373534
-0.29 0.314389 0.291937 0.0373534
-0.28 0.301952 0.27511 0.0373534
-0.27 0.289683 0.258509 0.0373534
-0.26 0.277576 0.242166 0.0373534
-0.25 0.265625 0.226109 0.0373534
-0.24 0.253824 0.21037 0.0373534
-0.23 0.242167 0.19498 0.0373534
-0.22 0.230648 0.17997 0.0373534
-0.21 0.219261 0.16537 0.0373534
-0.2 0.208 0.151212 0.0373534
-0.19 0.196859 0.137524 0.0373534
-0.18 0.185832 0.124337 0.0373534
-0.17 0.174913 0.111679 0.0373534
-0.16 0.164096 0.0995795 0.0373534
-0.15 0.153375 0.0880645 0.0373534
-0.14 0.142744 0.0771605 0.0373534
-0.13 0.132197 0.0668924 0.0373534
-0.12 0.121728 0.057284 0.0373534
-0.11 0.111331 0.0483578 0.0373534
-0.1 0.101 0.0401346 0.0373534
-0.09 0.090729 0.0326339 0.0373534
-0.08 0.080512 0.0258735 0.0373534
-0.07 0.070343 0.0198696 0.0373534
-0.06 0.060216 0.0146365 0.0373534
-0.05 0.050125 0.0101869 0.0373534
-0.04 0.040064 0.00653153 0.0373534
-0.03 0.030027 0.00367921 0.0373534
-0.02 0.020008 0.00163686 0.0373534
-0.01 0.010001 0.000409465 0.0373534
7.5287e-16 7.5287e-16 6.66134e-16 0.0373534
0.01 0.010001 0.000409465 0.0373534
0.02 0.020008 0.00163686 0.0373534
0.03 0.030027 0.00367921 0.0373534
0.04 0.040064 0.00653153 0.0373534
0.05 0.050125 0.0101869 0.0373534
0.06 0.060216 0.0146365 0.0373534
0.07 0.070343 0.0198696 0.0373534
0.08 0.080512 0.0258735 0.0373534
0.09 0.090729 0.0326339 0.0373534
0.1 0.101 0.0401346 0.0373534
0.11 0.111331 0.0483578 0.0373534
0.12 0.121728 0.057284 0.0373534
0.13 0.132197 0.0668924 0.0373534
0.14 0.142744 0.0771605 0.0373534
0.15 0.153375 0.0880645 0.0373534
0.16 0.164096 0.0995795 0.0373534
0.17 0.174913 0.111679 0.0373534
0.18 0.185832 0.124337 0.0373534
0.19 0.196859 0.137524 0.0373534
0.2 0.208 0.151212 0.0373534
0.21 0.219261 0.16537 0.0373534
0.22 0.230648 0.17997 0.0373534
0.23 0.242167 0.19498 0.0373534
0.24 0.253824 0.21037 0.0373534
0.25 0.265625 0.226109 0.0373534
0.26 0.277576 0.242166 0.0373534
0.27 0.289683 0.258509 0.0373534
0.28 0.301952 0.27511 0.0373534
0.29 0.314389 0.291937 0.0373534
0.3 0.327 0.308962 0.0373534
0.31 0.339791 0.326155 0.0373534
0.32 0.352768 0.34349 0.0373534
0.33 0.365937 0.360939 0.0373534
0.34 0.379304 0.378477 0.0373534
0.35 0.392875 0.396081 0.0373534
0.36 0.406656 0.413727 0.0373534
0.37 0.420653 0.431394 0.0373534
0.38 0.434872 0.449064 0.0373534
0.39 0.449319 0.466719 0.0373534
0.4 0.464 0.484345 0.0373534
0.41 0.478921 0.501927 0.0373534
0.42 0.494088 0.519456 0.0373534
0.43 0.509507 0.536922 0.0373534
0.44 0.525184 0.554321 0.0373534
0.45 0.541125 0.571648 0.0373534
0.46 0.557336 0.588903 0.0373534
0.47 0.573823 0.606088 0.0373534
0.48 0.590592 0.623209 0.0373534
0.49 0.607649 0.640271 0.0373534
0.5 0.625 0.657286 0.0373534
0.51 0.642651 0.674268 0.0373534
0.52 0.660608 0.691232 0.0373534
0.53 0.678877 0.708197 0.0373534
0.54 0.697464 0.725186 0.0373534
0.55 0.716375 0.742222 0.0373534
0.56 0.735616 0.759334 0.0373534
0.57 0.755193 0.77655 0.0373534
0.58 0.775112 0.793905 0.0373534
0.59 0.795379 0.811431 0.0373534
0.6 0.816 0.829167 0.0373534
0.61 0.836981 0.847151 0.0373534
0.62 0.858328 0.865424 0.0373534
0.63 0.880047 0.884028 0.0373534
0.64 0.902144 0.903008 0.0373534
0.65 0.924625 0.922408 0.0373534
0.66 0.947496 0.942274 0.0373534
0.67 0.970763 0.96265 0.0373534
0.68 0.994432 0.983584 0.0373534
0.69 1.01851 1.00512 0.0373534
0.7 1.043 1.0273 0.0373534
0.71 1.06791 1.05018 0.0373534
0.72 1.09325 1.07378 0.0373534
0.73 1.11902 1.09816 0.0373534
0.74 1.14522 1.12334 0.0373534
0.75 1.17188 1.14936 0.0373534
0.76 1.19898 1.17624 0.0373534
0.77 1.22653 1.20401 0.0373534
0.78 1.25455 1.23269 0.0373534
0.79 1.28304 1.26227 0.0373534
0.8 1.312 1.29277 0.0373534
0.81 1.34144 1.32418 0.0373534
0.82 1.37137 1.35648 0.0373534
0.83 1.40179 1.38964 0.0373534
0.84 1.4327 1.42363 0.0373534
0.85 1.46413 1.4584 0.0373534
0.86 1.49606 1.49386 0.0373534
0.87 1.5285 1.52996 0.0373534
0.88 1.56147 1.56658 0.0373534
0.89 1.59497 1.60362 0.0373534
0.9 1.629 1.64093 0.0373534
0.91 1.66357 1.67836 0.0373534
0.92 1.69869 1.71574 0.0373534
0.93 1.73436 1.75285 0.0373534
0.94 1.77058 1.78946 0.0373534
0.95 1.80738 1.82533 0.0373534
0.96 1.84474 1.86015 0.0373534
0.97 1.88267 1.89362 0.0373534
0.98 1.92119 1.92537 0.0373534
0.99 1.9603 1.95503 0.0373534
