-1 2 1.99923 0.00155011
-0.99 1.9603 1.95952 0.00155011
-0.98 1.92119 1.92192 0.00155011
-0.97 1.88267 1.88263 0.00155011
-0.96 1.84474 1.84395 0.00155011
-0.95 1.80737 1.8075 0.00155011
-0.94 1.77058 1.77141 0.00155011
-0.93 1.73436 1.73464 0.00155011
-0.92 1.69869 1.69806 0.00155011
-0.91 1.66357 1.66279 0.00155011
-0.9 1.629 1.62889 0.00155011
-0.89 1.59497 1.59564 0.00155011
-0.88 1.56147 1.56232 0.00155011
-0.87 1.5285 1.52882 0.00155011
-0.86 1.49606 1.4956 0.00155011
-0.85 1.46412 1.46323 0.00155011
-0.84 1.4327 1.43199 0.00155011
-0.83 1.40179 1.40171 0.00155011
-0.82 1.37137 1.37199 0.00155011
-0.81 1.34144 1.34239 0.00155011
-0.8 1.312 1.31275 0.00155011
-0.79 1.28304 1.28318 0.00155011
-0.78 1.25455 1.25401 0.00155011
-0.77 1.22653 1.22557 0.00155011
-0.76 1.19898 1.19805 0.00155011
-0.75 1.17187 1.17141 0.00155011
-0.74 1.14522 1.14544 0.00155011
-0.73 1.11902 1.11983 0.00155011
-0.72 1.09325 1.09432 0.00155011
-0.71 1.06791 1.06881 0.00155011
-0.7 1.043 1.04336 0.00155011
-0.69 1.01851 1.01819 0.00155011
-0.68 0.994432 0.993538 0.00155011
-0.67 0.970763 0.969614 0.00155011
-0.66 0.947496 0.9465 0.00155011
-0.65 0.924625 0.924136 0.00155011
-0.64 0.902144 0.90234 0.00155011
-0.63 0.880047 0.880877 0.00155011
-0.62 0.858328 0.859532 0.00155011
-0.61 0.836981 0.838178 0.00155011
-0.6 0.816 0.81681 0.00155011
-0.59 0.795379 0.795539 0.00155011
-0.58 0.775112 0.774557 0.00155011
-0.57 0.755193 0.754071 0.00155011
-0.56 0.735616 0.734244 0.00155011
-0.55 0.716375 0.715146 0.00155011
-0.54 0.697464 0.696736 0.00155011
-0.53 0.678877 0.678871 0.00155011
-0.52 0.660608 0.661348 0.00155011
-0.51 0.642651 0.643957 0.00155011
-0.5 0.625 0.626536 0.00155011
-0.49 0.607649 0.60901 0.00155011
-0.48 0.590592 0.591411 0.00155011
-0.47 0.573823 0.573867 0.00155011
-0.46 0.557336 0.556565 0.00155011
-0.45 0.541125 0.539705 0.00155011
-0.44 0.525184 0.523449 0.00155011
-0.43 0.509507 0.507881 0.00155011
-0.42 0.494088 0.492978 0.00155011
-0.41 0.478921 0.478622 0.00155011
-0.4 0.464 0.464621 0.00155011
-0.39 0.449319 0.450752 0.00155011
-0.38 0.434872 0.436811 0.00155011
-0.37 0.420653 0.422662 0.00155011
-0.36 0.406656 0.408265 0.00155011
-0.35 0.392875 0.393687 0.00155011
-0.34 0.379304 0.379088 0.00155011
-0.33 0.365937 0.364687 0.00155011
-0.32 0.352768 0.350713 0.00155011
-0.31 0.339791 0.337351 0.00155011
-0.3 0.327 0.324705 0.00155011
-0.29 0.314389 0.312765 0.00155011
-0.28 0.301952 0.301406 0.00155011
-0.27 0.289683 0.290409 0.00155011
-0.26 0.277576 0.279501 0.00155011
-0.25 0.265625 0.268411 0.00155011
-0.24 0.253824 0.256922 0.00155011
-0.23 0.242167 0.244922 0.00155011
-0.22 0.230648 0.23243 0.00155011
-0.21 0.219261 0.219599 0.00155011
-0.2 0.208 0.206691 0.00155011
-0.19 0.196859 0.194034 0.00155011
-0.18 0.185832 0.181955 0.00155011
-0.17 0.174913 0.170715 0.00155011
-0.16 0.164096 0.160449 0.00155011
-0.15 0.153375 0.15113 0.00155011
-0.14 0.142744 0.142555 0.00155011
-0.13 0.132197 0.134367 0.00155011
-0.12 0.121728 0.126106 0.00155011
-0.11 0.111331 0.117287 0.00155011
-0.1 0.101 0.107481 0.00155011
-0.09 0.090729 0.0964058 0.00155011
-0.08 0.080512 0.0839946 0.00155011
-0.07 0.070343 0.0704371 0.00155011
-0.06 0.060216 0.0561862 0.00155011
-0.05 0.050125 0.041925 0.00155011
-0.04 0.040064 0.0284973 0.00155011
-0.03 0.030027 0.0168122 0.00155011
-0.02 0.020008 0.0077341 0.00155011
-0.01 0.010001 0.00197424 0.00155011
7.5287e-16 7.5287e-16 -3.33067e-15 0.00155011
0.01 0.010001 0.00197424 0.00155011
0.02 0.020008 0.0077341 0.00155011
0.03 0.030027 0.0168122 0.00155011
0.04 0.040064 0.0284973 0.00155011
0.05 0.050125 0.041925 0.00155011
0.06 0.060216 0.0561862 0.00155011
0.07 0.070343 0.0704371 0.00155011
0.08 0.080512 0.0839946 0.00155011
0.09 0.090729 0.0964058 0.00155011
0.1 0.101 0.107481 0.00155011
0.11 0.111331 0.117287 0.00155011
0.12 0.121728 0.126106 0.00155011
0.13 0.132197 0.134367 0.00155011
0.14 0.142744 0.142555 0.00155011
0.15 0.153375 0.15113 0.00155011
0.16 0.164096 0.160449 0.00155011
0.17 0.174913 0.170715 0.00155011
0.18 0.185832 0.181955 0.00155011
0.19 0.196859 0.194034 0.00155011
0.2 0.208 0.206691 0.00155011
0.21 0.219261 0.219599 0.00155011
0.22 0.230648 0.23243 0.00155011
0.23 0.242167 0.244922 0.00155011
0.24 0.253824 0.256922 0.00155011
0.25 0.265625 0.268411 0.00155011
0.26 0.277576 0.279501 0.00155011
0.27 0.289683 0.290409 0.00155011
0.28 0.301952 0.301406 0.00155011
0.29 0.314389 0.312765 0.00155011
0.3 0.327 0.324705 0.00155011
0.31 0.339791 0.337351 0.00155011
0.32 0.352768 0.350713 0.00155011
0.33 0.365937 0.364687 0.00155011
0.34 0.379304 0.379088 0.00155011
0.35 0.392875 0.393687 0.00155011
0.36 0.406656 0.408265 0.00155011
0.37 0.420653 0.422662 0.00155011
0.38 0.434872 0.436811 0.00155011
0.39 0.449319 0.450752 0.00155011
0.4 0.464 0.464621 0.00155011
0.41 0.478921 0.478622 0.00155011
0.42 0.494088 0.492978 0.00155011
0.43 0.509507 0.507881 0.00155011
0.44 0.525184 0.523449 0.00155011
0.45 0.541125 0.539705 0.00155011
0.46 0.557336 0.556565 0.00155011
0.47 0.573823 0.573867 0.00155011
0.48 0.590592 0.591411 0.00155011
0.49 0.607649 0.60901 0.00155011
0.5 0.625 0.626536 0.00155011
0.51 0.642651 0.643957 0.00155011
0.52 0.660608 0.661348 0.00155011
0.53 0.678877 0.678871 0.00155011
0.54 0.697464 0.696736 0.00155011
0.55 0.716375 0.715146 0.00155011
0.56 0.735616 0.734244 0.00155011
0.57 0.755193 0.754071 0.00155011
0.58 0.775112 0.774557 0.00155011
0.59 0.795379 0.795539 0.00155011
0.6 0.816 0.81681 0.00155011
0.61 0.836981 0.838178 0.00155011
0.62 0.858328 0.859532 0.00155011
0.63 0.880047 0.880877 0.00155011
0.64 0.902144 0.90234 0.00155011
0.65 0.924625 0.924136 0.00155011
0.66 0.947496 0.9465 0.00155011
0.67 0.970763 0.969614 0.00155011
0.68 0.994432 0.993538 0.00155011
0.69 1.01851 1.01819 0.00155011
0.7 1.043 1.04336 0.00155011
0.71 1.06791 1.06881 0.00155011
0.72 1.09325 1.09432 0.00155011
0.73 1.11902 1.11983 0.00155011
0.74 1.14522 1.14544 0.00155011
0.75 1.17188 1.17141 0.00155011
0.76 1.19898 1.19805 0.00155011
0.77 1.22653 1.22557 0.00155011
0.78 1.25455 1.25401 0.00155011
0.79 1.28304 1.28318 0.00155011
0.8 1.312 1.31275 0.00155011
0.81 1.34144 1.34239 0.00155011
0.82 1.37137 1.37199 0.00155011
0.83 1.40179 1.40171 0.00155011
0.84 1.4327 1.43199 0.00155011
0.85 1.46413 1.46323 0.00155011
0.86 1.49606 1.4956 0.00155011
0.87 1.5285 1.52882 0.00155011
0.88 1.56147 1.56232 0.00155011
0.89 1.59497 1.59564 0.00155011
0.9 1.629 1.62889 0.00155011
0.91 1.66357 1.66279 0.00155011
0.92 1.69869 1.69806 0.00155011
0.93 1.73436 1.73464 0.00155011
0.94 1.77058 1.77141 0.00155011
0.95 1.80738 1.8075 0.00155011
0.96 1.84474 1.84395 0.00155011
0.97 1.88267 1.88263 0.00155011
0.98 1.92119 1.92192 0.00155011
0.99 1.9603 1.95952 0.00155011
