-1 2 2.00003 1.88713e-15
-0.99 1.9603 1.96033 1.88713e-15
-0.98 1.92119 1.92117 1.88713e-15
-0.97 1.88267 1.88267 1.88713e-15
-0.96 1.84474 1.84477 1.88713e-15
-0.95 1.80737 1.80738 1.88713e-15
-0.94 1.77058 1.77055 1.88713e-15
-0.93 1.73436 1.73434 1.88713e-15
-0.92 1.69869 1.6987 1.88713e-15
-0.91 1.66357 1.66361 1.88713e-15
-0.9 1.629 1.62902 1.88713e-15
-0.89 1.59497 1.59495 1.88713e-15
-0.88 1.56147 1.56144 1.88713e-15
-0.87 1.5285 1.52847 1.88713e-15
-0.86 1.49606 1.49606 1.88713e-15
-0.85 1.46412 1.46415 1.88713e-15
-0.84 1.4327 1.43274 1.88713e-15
-0.83 1.40179 1.40181 1.88713e-15
-0.82 1.37137 1.37136 1.88713e-15
-0.81 1.34144 1.34141 1.88713e-15
-0.8 1.312 1.31196 1.88713e-15
-0.79 1.28304 1.28301 1.88713e-15
-0.78 1.25455 1.25455 1.88713e-15
-0.77 1.22653 1.22656 1.88713e-15
-0.76 1.19898 1.19902 1.88713e-15
-0.75 1.17187 1.17192 1.88713e-15
-0.74 1.14522 1.14525 1.88713e-15
-0.73 1.11902 1.11901 1.88713e-15
-0.72 1.09325 1.09321 1.88713e-15
-0.71 1.06791 1.06786 1.88713e-15
-0.7 1.043 1.04295 1.88713e-15
-0.69 1.01851 1.01848 1.88713e-15
-0.68 0.994432 0.994437 1.88713e-15
-0.67 0.970763 0.970803 1.88713e-15
-0.66 0.947496 0.947559 1.88713e-15
-0.65 0.924625 0.92469 1.88713e-15
-0.64 0.902144 0.902189 1.88713e-15
-0.63 0.880047 0.880057 1.88713e-15
-0.62 0.858328 0.858298 1.88713e-15
-0.61 0.836981 0.836918 1.88713e-15
-0.6 0.816 0.815921 1.88713e-15
-0.59 0.795379 0.795308 1.88713e-15
-0.58 0.775112 0.77507 1.88713e-15
-0.57 0.755193 0.755195 1.88713e-15
-0.56 0.735616 0.735663 1.88713e-15
-0.55 0.716375 0.716458 1.88713e-15
-0.54 0.697464 0.697561 1.88713e-15
-0.53 0.678877 0.678963 1.88713e-15
-0.52 0.660608 0.660658 1.88713e-15
-0.51 0.642651 0.642649 1.88713e-15
-0.5 0.625 0.624944 1.88713e-15
-0.49 0.607649 0.607548 1.88713e-15
-0.48 0.590592 0.59047 1.88713e-15
-0.47 0.573823 0.573709 1.88713e-15
-0.46 0.557336 0.55726 1.88713e-15
-0.45 0.541125 0.541109 1.88713e-15
-0.44 0.525184 0.525237 1.88713e-15
-0.43 0.509507 0.509622 1.88713e-15
-0.42 0.494088 0.494243 1.88713e-15
-0.41 0.478921 0.479081 1.88713e-15
-0.4 0.464 0.464128 1.88713e-15
-0.39 0.449319 0.449382 1.88713e-15
-0.38 0.434872 0.434848 1.88713e-15
-0.37 0.420653 0.420538 1.88713e-15
-0.36 0.406656 0.406468 1.88713e-15
-0.35 0.392875 0.39265 1.88713e-15
-0.34 0.379304 0.379089 1.88713e-15
-0.33 0.365937 0.365783 1.88713e-15
-0.32 0.352768 0.352716 1.88713e-15
-0.31 0.339791 0.339866 1.88713e-15
-0.3 0.327 0.327201 1.88713e-15
-0.29 0.314389 0.314688 1.88713e-15
-0.28 0.301952 0.302294 1.88713e-15
-0.27 0.289683 0.289999 1.88713e-15
-0.26 0.277576 0.277791 1.88713e-15
-0.25 0.265625 0.265677 1.88713e-15
-0.24 0.253824 0.253675 1.88713e-15
-0.23 0.242167 0.241818 1.88713e-15
-0.22 0.230648 0.230142 1.88713e-15
-0.21 0.219261 0.218682 1.88713e-15
-0.2 0.208 0.207463 1.88713e-15
-0.19 0.196859 0.196491 1.88713e-15
-0.18 0.185832 0.185748 1.88713e-15
-0.17 0.174913 0.175193 1.88713e-15
-0.16 0.164096 0.164759 1.88713e-15
-0.15 0.153375 0.154363 1.88713e-15
-0.14 0.142744 0.143914 1.88713e-15
-0.13 0.132197 0.133331 1.88713e-15
-0.12 0.121728 0.122556 1.88713e-15
-0.11 0.111331 0.111568 1.88713e-15
-0.1 0.101 0.100399 1.88713e-15
-0.09 0.090729 0.0891423 1.88713e-15
-0.08 0.080512 0.0779537 1.88713e-15
-0.07 0.070343 0.0670509 1.88713e-15
-0.06 0.060216 0.0567016 1.88713e-15
-0.05 0.050125 0.0472081 1.88713e-15
-0.04 0.040064 0.0388853 1.88713e-15
-0.03 0.030027 0.0320371 1.88713e-15
-0.02 0.020008 0.0269316 1.88713e-15
-0.01 0.010001 0.0237789 1.88713e-15
7.5287e-16 7.5287e-16 0.0227126 1.88713e-15
0.01 0.010001 0.0237789 1.88713e-15
0.02 0.020008 0.0269316 1.88713e-15
0.03 0.030027 0.0320371 1.88713e-15
0.04 0.040064 0.0388853 1.88713e-15
0.05 0.050125 0.0472081 1.88713e-15
0.06 0.060216 0.0567016 1.88713e-15
0.07 0.070343 0.0670509 1.88713e-15
0.08 0.080512 0.0779537 1.88713e-15
0.09 0.090729 0.0891423 1.88713e-15
0.1 0.101 0.100399 1.88713e-15
0.11 0.111331 0.111568 1.88713e-15
0.12 0.121728 0.122556 1.88713e-15
0.13 0.132197 0.133331 1.88713e-15
0.14 0.142744 0.143914 1.88713e-15
0.15 0.153375 0.154363 1.88713e-15
0.16 0.164096 0.164759 1.88713e-15
0.17 0.174913 0.175193 1.88713e-15
0.18 0.185832 0.185748 1.88713e-15
0.19 0.196859 0.196491 1.88713e-15
0.2 0.208 0.207463 1.88713e-15
0.21 0.219261 0.218682 1.88713e-15
0.22 0.230648 0.230142 1.88713e-15
0.23 0.242167 0.241818 1.88713e-15
0.24 0.253824 0.253675 1.88713e-15
0.25 0.265625 0.265677 1.88713e-15
0.26 0.277576 0.277791 1.88713e-15
0.27 0.289683 0.289999 1.88713e-15
0.28 0.301952 0.302294 1.88713e-15
0.29 0.314389 0.314688 1.88713e-15
0.3 0.327 0.327201 1.88713e-15
0.31 0.339791 0.339866 1.88713e-15
0.32 0.352768 0.352716 1.88713e-15
0.33 0.365937 0.365783 1.88713e-15
0.34 0.379304 0.379089 1.88713e-15
0.35 0.392875 0.39265 1.88713e-15
0.36 0.406656 0.406468 1.88713e-15
0.37 0.420653 0.420538 1.88713e-15
0.38 0.434872 0.434848 1.88713e-15
0.39 0.449319 0.449382 1.88713e-15
0.4 0.464 0.464128 1.88713e-15
0.41 0.478921 0.479081 1.88713e-15
0.42 0.494088 0.494243 1.88713e-15
0.43 0.509507 0.509622 1.88713e-15
0.44 0.525184 0.525237 1.88713e-15
0.45 0.541125 0.541109 1.88713e-15
0.46 0.557336 0.55726 1.88713e-15
0.47 0.573823 0.573709 1.88713e-15
0.48 0.590592 0.59047 1.88713e-15
0.49 0.607649 0.607548 1.88713e-15
0.5 0.625 0.624944 1.88713e-15
0.51 0.642651 0.642649 1.88713e-15
0.52 0.660608 0.660658 1.88713e-15
0.53 0.678877 0.678963 1.88713e-15
0.54 0.697464 0.697561 1.88713e-15
0.55 0.716375 0.716458 1.88713e-15
0.56 0.735616 0.735663 1.88713e-15
0.57 0.755193 0.755195 1.88713e-15
0.58 0.775112 0.77507 1.88713e-15
0.59 0.795379 0.795308 1.88713e-15
0.6 0.816 0.815921 1.88713e-15
0.61 0.836981 0.836918 1.88713e-15
0.62 0.858328 0.858298 1.88713e-15
0.63 0.880047 0.880057 1.88713e-15
0.64 0.902144 0.902189 1.88713e-15
0.65 0.924625 0.92469 1.88713e-15
0.66 0.947496 0.947559 1.88713e-15
0.67 0.970763 0.970803 1.88713e-15
0.68 0.994432 0.994437 1.88713e-15
0.69 1.01851 1.01848 1.88713e-15
0.7 1.043 1.04295 1.88713e-15
0.71 1.06791 1.06786 1.88713e-15
0.72 1.09325 1.09321 1.88713e-15
0.73 1.11902 1.11901 1.88713e-15
0.74 1.14522 1.14525 1.88713e-15
0.75 1.17188 1.17192 1.88713e-15
0.76 1.19898 1.19902 1.88713e-15
0.77 1.22653 1.22656 1.88713e-15
0.78 1.25455 1.25455 1.88713e-15
0.79 1.28304 1.28301 1.88713e-15
0.8 1.312 1.31196 1.88713e-15
0.81 1.34144 1.34141 1.88713e-15
0.82 1.37137 1.37136 1.88713e-15
0.83 1.40179 1.40181 1.88713e-15
0.84 1.4327 1.43274 1.88713e-15
0.85 1.46413 1.46415 1.88713e-15
0.86 1.49606 1.49606 1.88713e-15
0.87 1.5285 1.52847 1.88713e-15
0.88 1.56147 1.56144 1.88713e-15
0.89 1.59497 1.59495 1.88713e-15
0.9 1.629 1.62902 1.88713e-15
0.91 1.66357 1.66361 1.88713e-15
0.92 1.69869 1.6987 1.88713e-15
0.93 1.73436 1.73434 1.88713e-15
0.94 1.77058 1.77055 1.88713e-15
0.95 1.80738 1.80738 1.88713e-15
0.96 1.84474 1.84477 1.88713e-15
0.97 1.88267 1.88267 1.88713e-15
0.98 1.92119 1.92117 1.88713e-15
0.99 1.9603 1.96033 1.88713e-15
