-1 2 1.99106 0.0183467
-0.99 1.9603 1.9627 0.0183467
-0.98 1.92119 1.92902 0.0183467
-0.97 1.88267 1.89186 0.0183467
-0.96 1.84474 1.85267 0.0183467
-0.95 1.80737 1.81255 0.0183467
-0.94 1.77058 1.77234 0.0183467
-0.93 1.73436 1.73264 0.0183467
-0.92 1.69869 1.69386 0.0183467
-0.91 1.66357 1.65626 0.0183467
-0.9 1.629 1.61998 0.0183467
-0.89 1.59497 1.58507 0.0183467
-0.88 1.56147 1.5515 0.0183467
-0.87 1.5285 1.51919 0.0183467
-0.86 1.49606 1.48803 0.0183467
-0.85 1.46412 1.45789 0.0183467
-0.84 1.4327 1.42862 0.0183467
-0.83 1.40179 1.40007 0.0183467
-0.82 1.37137 1.3721 0.0183467
-0.81 1.34144 1.34458 0.0183467
-0.8 1.312 1.3174 0.0183467
-0.79 1.28304 1.29044 0.0183467
-0.78 1.25455 1.26364 0.0183467
-0.77 1.22653 1.23692 0.0183467
-0.76 1.19898 1.21024 0.0183467
-0.75 1.17187 1.18357 0.0183467
-0.74 1.14522 1.15691 0.0183467
-0.73 1.11902 1.13026 0.0183467
-0.72 1.09325 1.10363 0.0183467
-0.71 1.06791 1.07706 0.0183467
-0.7 1.043 1.0506 0.0183467
-0.69 1.01851 1.02428 0.0183467
-0.68 0.994432 0.998168 0.0183467
-0.67 0.970763 0.972315 0.0183467
-0.66 0.947496 0.946784 0.0183467
-0.65 0.924625 0.921635 0.0183467
-0.64 0.902144 0.896924 0.0183467
-0.63 0.880047 0.872709 0.0183467
-0.62 0.858328 0.849038 0.0183467
-0.61 0.836981 0.825958 0.0183467
-0.6 0.816 0.803508 0.0183467
-0.59 0.795379 0.781718 0.0183467
-0.58 0.775112 0.760613 0.0183467
-0.57 0.755193 0.740208 0.0183467
-0.56 0.735616 0.720511 0.0183467
-0.55 0.716375 0.701522 0.0183467
-0.54 0.697464 0.68323 0.0183467
-0.53 0.678877 0.66562 0.0183467
-0.52 0.660608 0.648667 0.0183467
-0.51 0.642651 0.632339 0.0183467
-0.5 0.625 0.6166 0.0183467
-0.49 0.607649 0.601404 0.0183467
-0.48 0.590592 0.586705 0.0183467
-0.47 0.573823 0.57245 0.0183467
-0.46 0.557336 0.558584 0.0183467
-0.45 0.541125 0.545048 0.0183467
-0.44 0.525184 0.531784 0.0183467
-0.43 0.509507 0.518732 0.0183467
-0.42 0.494088 0.505833 0.0183467
-0.41 0.478921 0.493029 0.0183467
-0.4 0.464 0.480264 0.0183467
-0.39 0.449319 0.467486 0.0183467
-0.38 0.434872 0.454645 0.0183467
-0.37 0.420653 0.441697 0.0183467
-0.36 0.406656 0.428602 0.0183467
-0.35 0.392875 0.415326 0.0183467
-0.34 0.379304 0.401841 0.0183467
-0.33 0.365937 0.388125 0.0183467
-0.32 0.352768 0.374162 0.0183467
-0.31 0.339791 0.359945 0.0183467
-0.3 0.327 0.345473 0.0183467
-0.29 0.314389 0.330751 0.0183467
-0.28 0.301952 0.315792 0.0183467
-0.27 0.289683 0.300617 0.0183467
-0.26 0.277576 0.285253 0.0183467
-0.25 0.265625 0.269732 0.0183467
-0.24 0.253824 0.254095 0.0183467
-0.23 0.242167 0.238386 0.0183467
-0.22 0.230648 0.222656 0.0183467
-0.21 0.219261 0.206961 0.0183467
-0.2 0.208 0.191359 0.0183467
-0.19 0.196859 0.175915 0.0183467
-0.18 0.185832 0.160694 0.0183467
-0.17 0.174913 0.145765 0.0183467
-0.16 0.164096 0.131198 0.0183467
-0.15 0.153375 0.117064 0.0183467
-0.14 0.142744 0.103433 0.0183467
-0.13 0.132197 0.0903777 0.0183467
-0.12 0.121728 0.0779657 0.0183467
-0.11 0.111331 0.0662651 0.0183467
-0.1 0.101 0.0553405 0.0183467
-0.09 0.090729 0.0452536 0.0183467
-0.08 0.080512 0.0360619 0.0183467
-0.07 0.070343 0.0278188 0.0183467
-0.06 0.060216 0.0205726 0.0183467
-0.05 0.050125 0.014366 0.0183467
-0.04 0.040064 0.00923618 0.0183467
-0.03 0.030027 0.00521378 0.0183467
-0.02 0.020008 0.00232311 0.0183467
-0.01 0.010001 0.000581662 0.0183467
7.5287e-16 7.5287e-16 1.55431e-15 0.0183467
0.01 0.010001 0.000581662 0.0183467
0.02 0.020008 0.00232311 0.0183467
0.03 0.030027 0.00521378 0.0183467
0.04 0.040064 0.00923618 0.0183467
0.05 0.050125 0.014366 0.0183467
0.06 0.060216 0.0205726 0.0183467
0.07 0.070343 0.0278188 0.0183467
0.08 0.080512 0.0360619 0.0183467
0.09 0.090729 0.0452536 0.0183467
0.1 0.101 0.0553405 0.0183467
0.11 0.111331 0.0662651 0.0183467
0.12 0.121728 0.0779657 0.0183467
0.13 0.132197 0.0903777 0.0183467
0.14 0.142744 0.103433 0.0183467
0.15 0.153375 0.117064 0.0183467
0.16 0.164096 0.131198 0.0183467
0.17 0.174913 0.145765 0.0183467
0.18 0.185832 0.160694 0.0183467
0.19 0.196859 0.175915 0.0183467
0.2 0.208 0.191359 0.0183467
0.21 0.219261 0.206961 0.0183467
0.22 0.230648 0.222656 0.0183467
0.23 0.242167 0.238386 0.0183467
0.24 0.253824 0.254095 0.0183467
0.25 0.265625 0.269732 0.0183467
0.26 0.277576 0.285253 0.0183467
0.27 0.289683 0.300617 0.0183467
0.28 0.301952 0.315792 0.0183467
0.29 0.314389 0.330751 0.0183467
0.3 0.327 0.345473 0.0183467
0.31 0.339791 0.359945 0.0183467
0.32 0.352768 0.374162 0.0183467
0.33 0.365937 0.388125 0.0183467
0.34 0.379304 0.401841 0.0183467
0.35 0.392875 0.415326 0.0183467
0.36 0.406656 0.428602 0.0183467
0.37 0.420653 0.441697 0.0183467
0.38 0.434872 0.454645 0.0183467
0.39 0.449319 0.467486 0.0183467
0.4 0.464 0.480264 0.0183467
0.41 0.478921 0.493029 0.0183467
0.42 0.494088 0.505833 0.0183467
0.43 0.509507 0.518732 0.0183467
0.44 0.525184 0.531784 0.0183467
0.45 0.541125 0.545048 0.0183467
0.46 0.557336 0.558584 0.0183467
0.47 0.573823 0.57245 0.0183467
0.48 0.590592 0.586705 0.0183467
0.49 0.607649 0.601404 0.0183467
0.5 0.625 0.6166 0.0183467
0.51 0.642651 0.632339 0.0183467
0.52 0.660608 0.648667 0.0183467
0.53 0.678877 0.66562 0.0183467
0.54 0.697464 0.68323 0.0183467
0.55 0.716375 0.701522 0.0183467
0.56 0.735616 0.720511 0.0183467
0.57 0.755193 0.740208 0.0183467
0.58 0.775112 0.760613 0.0183467
0.59 0.795379 0.781718 0.0183467
0.6 0.816 0.803508 0.0183467
0.61 0.836981 0.825958 0.0183467
0.62 0.858328 0.849038 0.0183467
0.63 0.880047 0.872709 0.0183467
0.64 0.902144 0.896924 0.0183467
0.65 0.924625 0.921635 0.0183467
0.66 0.947496 0.946784 0.0183467
0.67 0.970763 0.972315 0.0183467
0.68 0.994432 0.998168 0.0183467
0.69 1.01851 1.02428 0.0183467
0.7 1.043 1.0506 0.0183467
0.71 1.06791 1.07706 0.0183467
0.72 1.09325 1.10363 0.0183467
0.73 1.11902 1.13026 0.0183467
0.74 1.14522 1.15691 0.0183467
0.75 1.17188 1.18357 0.0183467
0.76 1.19898 1.21024 0.0183467
0.77 1.22653 1.23692 0.0183467
0.78 1.25455 1.26364 0.0183467
0.79 1.28304 1.29044 0.0183467
0.8 1.312 1.3174 0.0183467
0.81 1.34144 1.34458 0.0183467
0.82 1.37137 1.3721 0.0183467
0.83 1.40179 1.40007 0.0183467
0.84 1.4327 1.42862 0.0183467
0.85 1.46413 1.45789 0.0183467
0.86 1.49606 1.48803 0.0183467
0.87 1.5285 1.51919 0.0183467
0.88 1.56147 1.5515 0.0183467
0.89 1.59497 1.58507 0.0183467
0.9 1.629 1.61998 0.0183467
0.91 1.66357 1.65626 0.0183467
0.92 1.69869 1.69386 0.0183467
0.93 1.73436 1.73264 0.0183467
0.94 1.77058 1.77234 0.0183467
0.95 1.80738 1.81255 0.0183467
0.96 1.84474 1.85267 0.0183467
0.97 1.88267 1.89186 0.0183467
0.98 1.92119 1.92902 0.0183467
0.99 1.9603 1.9627 0.0183467
