-1 2 1.99986 9.44053e-16
-0.99 1.9603 1.96042 9.44053e-16
-0.98 1.92119 1.92112 9.44053e-16
-0.97 1.88267 1.88253 9.44053e-16
-0.96 1.84474 1.84467 9.44053e-16
-0.95 1.80737 1.80743 9.44053e-16
-0.94 1.77058 1.77073 9.44053e-16
-0.93 1.73436 1.73451 9.44053e-16
-0.92 1.69869 1.69877 9.44053e-16
-0.91 1.66357 1.66355 9.44053e-16
-0.9 1.629 1.62889 9.44053e-16
-0.89 1.59497 1.5948 9.44053e-16
-0.88 1.56147 1.5613 9.44053e-16
-0.87 1.5285 1.52838 9.44053e-16
-0.86 1.49606 1.49602 9.44053e-16
-0.85 1.46412 1.46418 9.44053e-16
-0.84 1.4327 1.43284 9.44053e-16
-0.83 1.40179 1.40197 9.44053e-16
-0.82 1.37137 1.37157 9.44053e-16
-0.81 1.34144 1.34161 9.44053e-16
-0.8 1.312 1.31211 9.44053e-16
-0.79 1.28304 1.28306 9.44053e-16
-0.78 1.25455 1.25449 9.44053e-16
-0.77 1.22653 1.22638 9.44053e-16
-0.76 1.19898 1.19876 9.44053e-16
-0.75 1.17187 1.17163 9.44053e-16
-0.74 1.14522 1.14499 9.44053e-16
-0.73 1.11902 1.11883 9.44053e-16
-0.72 1.09325 1.09313 9.44053e-16
-0.71 1.06791 1.06788 9.44053e-16
-0.7 1.043 1.04307 9.44053e-16
-0.69 1.01851 1.01867 9.44053e-16
-0.68 0.994432 0.994674 9.44053e-16
-0.67 0.970763 0.971054 9.44053e-16
-0.66 0.947496 0.947803 9.44053e-16
-0.65 0.924625 0.924911 9.44053e-16
-0.64 0.902144 0.902374 9.44053e-16
-0.63 0.880047 0.880191 9.44053e-16
-0.62 0.858328 0.858366 9.44053e-16
-0.61 0.836981 0.836902 9.44053e-16
-0.6 0.816 0.815807 9.44053e-16
-0.59 0.795379 0.795086 9.44053e-16
-0.58 0.775112 0.774745 9.44053e-16
-0.57 0.755193 0.754785 9.44053e-16
-0.56 0.735616 0.735207 9.44053e-16
-0.55 0.716375 0.716006 9.44053e-16
-0.54 0.697464 0.697174 9.44053e-16
-0.53 0.678877 0.6787 9.44053e-16
-0.52 0.660608 0.660569 9.44053e-16
-0.51 0.642651 0.642762 9.44053e-16
-0.5 0.625 0.625262 9.44053e-16
-0.49 0.607649 0.608048 9.44053e-16
-0.48 0.590592 0.591101 9.44053e-16
-0.47 0.573823 0.574404 9.44053e-16
-0.46 0.557336 0.557943 9.44053e-16
-0.45 0.541125 0.541705 9.44053e-16
-0.44 0.525184 0.525684 9.44053e-16
-0.43 0.509507 0.509877 9.44053e-16
-0.42 0.494088 0.494284 9.44053e-16
-0.41 0.478921 0.478912 9.44053e-16
-0.4 0.464 0.463768 9.44053e-16
-0.39 0.449319 0.448864 9.44053e-16
-0.38 0.434872 0.434211 9.44053e-16
-0.37 0.420653 0.419822 9.44053e-16
-0.36 0.406656 0.405706 9.44053e-16
-0.35 0.392875 0.391872 9.44053e-16
-0.34 0.379304 0.378325 9.44053e-16
-0.33 0.365937 0.365065 9.44053e-16
-0.32 0.352768 0.352084 9.44053e-16
-0.31 0.339791 0.339372 9.44053e-16
-0.3 0.327 0.32691 9.44053e-16
-0.29 0.314389 0.314675 9.44053e-16
-0.28 0.301952 0.302637 9.44053e-16
-0.27 0.289683 0.290764 9.44053e-16
-0.26 0.277576 0.279019 9.44053e-16
-0.25 0.265625 0.267366 9.44053e-16
-0.24 0.253824 0.255766 9.44053e-16
-0.23 0.242167 0.244187 9.44053e-16
-0.22 0.230648 0.232597 9.44053e-16
-0.21 0.219261 0.220974 9.44053e-16
-0.2 0.208 0.209304 9.44053e-16
-0.19 0.196859 0.19758 9.44053e-16
-0.18 0.185832 0.185811 9.44053e-16
-0.17 0.174913 0.174016 9.44053e-16
-0.16 0.164096 0.162228 9.44053e-16
-0.15 0.153375 0.150492 9.44053e-16
-0.14 0.142744 0.138869 9.44053e-16
-0.13 0.132197 0.127429 9.44053e-16
-0.12 0.121728 0.116256 9.44053e-16
-0.11 0.111331 0.105442 9.44053e-16
-0.1 0.101 0.0950851 9.44053e-16
-0.09 0.090729 0.0852904 9.44053e-16
-0.08 0.080512 0.0761638 9.44053e-16
-0.07 0.070343 0.0678106 9.44053e-16
-0.06 0.060216 0.0603327 9.44053e-16
-0.05 0.050125 0.0538251 9.44053e-16
-0.04 0.040064 0.0483736 9.44053e-16
-0.03 0.030027 0.0440523 9.44053e-16
-0.02 0.020008 0.0409213 9.44053e-16
-0.01 0.010001 0.0390246 9.44053e-16
7.5287e-16 7.5287e-16 0.0383893 9.44053e-16
0.01 0.010001 0.0390246 9.44053e-16
0.02 0.020008 0.0409213 9.44053e-16
0.03 0.030027 0.0440523 9.44053e-16
0.04 0.040064 0.0483736 9.44053e-16
0.05 0.050125 0.0538251 9.44053e-16
0.06 0.060216 0.0603327 9.44053e-16
0.07 0.070343 0.0678106 9.44053e-16
0.08 0.080512 0.0761638 9.44053e-16
0.09 0.090729 0.0852904 9.44053e-16
0.1 0.101 0.0950851 9.44053e-16
0.11 0.111331 0.105442 9.44053e-16
0.12 0.121728 0.116256 9.44053e-16
0.13 0.132197 0.127429 9.44053e-16
0.14 0.142744 0.138869 9.44053e-16
0.15 0.153375 0.150492 9.44053e-16
0.16 0.164096 0.162228 9.44053e-16
0.17 0.174913 0.174016 9.44053e-16
0.18 0.185832 0.185811 9.44053e-16
0.19 0.196859 0.19758 9.44053e-16
0.2 0.208 0.209304 9.44053e-16
0.21 0.219261 0.220974 9.44053e-16
0.22 0.230648 0.232597 9.44053e-16
0.23 0.242167 0.244187 9.44053e-16
0.24 0.253824 0.255766 9.44053e-16
0.25 0.265625 0.267366 9.44053e-16
0.26 0.277576 0.279019 9.44053e-16
0.27 0.289683 0.290764 9.44053e-16
0.28 0.301952 0.302637 9.44053e-16
0.29 0.314389 0.314675 9.44053e-16
0.3 0.327 0.32691 9.44053e-16
0.31 0.339791 0.339372 9.44053e-16
0.32 0.352768 0.352084 9.44053e-16
0.33 0.365937 0.365065 9.44053e-16
0.34 0.379304 0.378325 9.44053e-16
0.35 0.392875 0.391872 9.44053e-16
0.36 0.406656 0.405706 9.44053e-16
0.37 0.420653 0.419822 9.44053e-16
0.38 0.434872 0.434211 9.44053e-16
0.39 0.449319 0.448864 9.44053e-16
0.4 0.464 0.463768 9.44053e-16
0.41 0.478921 0.478912 9.44053e-16
0.42 0.494088 0.494284 9.44053e-16
0.43 0.509507 0.509877 9.44053e-16
0.44 0.525184 0.525684 9.44053e-16
0.45 0.541125 0.541705 9.44053e-16
0.46 0.557336 0.557943 9.44053e-16
0.47 0.573823 0.574404 9.44053e-16
0.48 0.590592 0.591101 9.44053e-16
0.49 0.607649 0.608048 9.44053e-16
0.5 0.625 0.625262 9.44053e-16
0.51 0.642651 0.642762 9.44053e-16
0.52 0.660608 0.660569 9.44053e-16
0.53 0.678877 0.6787 9.44053e-16
0.54 0.697464 0.697174 9.44053e-16
0.55 0.716375 0.716006 9.44053e-16
0.56 0.735616 0.735207 9.44053e-16
0.57 0.755193 0.754785 9.44053e-16
0.58 0.775112 0.774745 9.44053e-16
0.59 0.795379 0.795086 9.44053e-16
0.6 0.816 0.815807 9.44053e-16
0.61 0.836981 0.836902 9.44053e-16
0.62 0.858328 0.858366 9.44053e-16
0.63 0.880047 0.880191 9.44053e-16
0.64 0.902144 0.902374 9.44053e-16
0.65 0.924625 0.924911 9.44053e-16
0.66 0.947496 0.947803 9.44053e-16
0.67 0.970763 0.971054 9.44053e-16
0.68 0.994432 0.994674 9.44053e-16
0.69 1.01851 1.01867 9.44053e-16
0.7 1.043 1.04307 9.44053e-16
0.71 1.06791 1.06788 9.44053e-16
0.72 1.09325 1.09313 9.44053e-16
0.73 1.11902 1.11883 9.44053e-16
0.74 1.14522 1.14499 9.44053e-16
0.75 1.17188 1.17163 9.44053e-16
0.76 1.19898 1.19876 9.44053e-16
0.77 1.22653 1.22638 9.44053e-16
0.78 1.25455 1.25449 9.44053e-16
0.79 1.28304 1.28306 9.44053e-16
0.8 1.312 1.31211 9.44053e-16
0.81 1.34144 1.34161 9.44053e-16
0.82 1.37137 1.37157 9.44053e-16
0.83 1.40179 1.40197 9.44053e-16
0.84 1.4327 1.43284 9.44053e-16
0.85 1.46413 1.46418 9.44053e-16
0.86 1.49606 1.49602 9.44053e-16
0.87 1.5285 1.52838 9.44053e-16
0.88 1.56147 1.5613 9.44053e-16
0.89 1.59497 1.5948 9.44053e-16
0.9 1.629 1.62889 9.44053e-16
0.91 1.66357 1.66355 9.44053e-16
0.92 1.69869 1.69877 9.44053e-16
0.93 1.73436 1.73451 9.44053e-16
0.94 1.77058 1.77073 9.44053e-16
0.95 1.80738 1.80743 9.44053e-16
0.96 1.84474 1.84467 9.44053e-16
0.97 1.88267 1.88253 9.44053e-16
0.98 1.92119 1.92112 9.44053e-16
0.99 1.9603 1.96042 9.44053e-16
