-1 2 2.00007 3.09482e-15
-0.99 1.9603 1.96029 3.09482e-15
-0.98 1.92119 1.92127 3.09482e-15
-0.97 1.88267 1.88267 3.09482e-15
-0.96 1.84474 1.84466 3.09482e-15
-0.95 1.80737 1.80731 3.09482e-15
-0.94 1.77058 1.7706 3.09482e-15
-0.93 1.73436 1.73443 3.09482e-15
-0.92 1.69869 1.69877 3.09482e-15
-0.91 1.66357 1.66361 3.09482e-15
-0.9 1.629 1.62897 3.09482e-15
-0.89 1.59497 1.59489 3.09482e-15
-0.88 1.56147 1.56138 3.09482e-15
-0.87 1.5285 1.52843 3.09482e-15
-0.86 1.49606 1.49604 3.09482e-15
-0.85 1.46412 1.46417 3.09482e-15
-0.84 1.4327 1.4328 3.09482e-15
-0.83 1.40179 1.40189 3.09482e-15
-0.82 1.37137 1.37146 3.09482e-15
-0.81 1.34144 1.34148 3.09482e-15
-0.8 1.312 1.31198 3.09482e-15
-0.79 1.28304 1.28296 3.09482e-15
-0.78 1.25455 1.25444 3.09482e-15
-0.77 1.22653 1.22641 3.09482e-15
-0.76 1.19898 1.19887 3.09482e-15
-0.75 1.17187 1.17182 3.09482e-15
-0.74 1.14522 1.14523 3.09482e-15
-0.73 1.11902 1.11909 3.09482e-15
-0.72 1.09325 1.09337 3.09482e-15
-0.71 1.06791 1.06806 3.09482e-15
-0.7 1.043 1.04314 3.09482e-15
-0.69 1.01851 1.01862 3.09482e-15
-0.68 0.994432 0.994489 3.09482e-15
-0.67 0.970763 0.970752 3.09482e-15
-0.66 0.947496 0.947416 3.09482e-15
-0.65 0.924625 0.924487 3.09482e-15
-0.64 0.902144 0.90197 3.09482e-15
-0.63 0.880047 0.879866 3.09482e-15
-0.62 0.858328 0.858171 3.09482e-15
-0.61 0.836981 0.836875 3.09482e-15
-0.6 0.816 0.815965 3.09482e-15
-0.59 0.795379 0.795426 3.09482e-15
-0.58 0.775112 0.775238 3.09482e-15
-0.57 0.755193 0.755382 3.09482e-15
-0.56 0.735616 0.735844 3.09482e-15
-0.55 0.716375 0.716609 3.09482e-15
-0.54 0.697464 0.697669 3.09482e-15
-0.53 0.678877 0.679021 3.09482e-15
-0.52 0.660608 0.660666 3.09482e-15
-0.51 0.642651 0.642609 3.09482e-15
-0.5 0.625 0.624856 3.09482e-15
-0.49 0.607649 0.607417 3.09482e-15
-0.48 0.590592 0.590296 3.09482e-15
-0.47 0.573823 0.5735 3.09482e-15
-0.46 0.557336 0.557027 3.09482e-15
-0.45 0.541125 0.540873 3.09482e-15
-0.44 0.525184 0.525027 3.09482e-15
-0.43 0.509507 0.509474 3.09482e-15
-0.42 0.494088 0.494194 3.09482e-15
-0.41 0.478921 0.479164 3.09482e-15
-0.4 0.464 0.464362 3.09482e-15
-0.39 0.449319 0.449765 3.09482e-15
-0.38 0.434872 0.435353 3.09482e-15
-0.37 0.420653 0.421113 3.09482e-15
-0.36 0.406656 0.407035 3.09482e-15
-0.35 0.392875 0.393118 3.09482e-15
-0.34 0.379304 0.379367 3.09482e-15
-0.33 0.365937 0.365792 3.09482e-15
-0.32 0.352768 0.352408 3.09482e-15
-0.31 0.339791 0.339236 3.09482e-15
-0.3 0.327 0.326292 3.09482e-15
-0.29 0.314389 0.313595 3.09482e-15
-0.28 0.301952 0.301156 3.09482e-15
-0.27 0.289683 0.288979 3.09482e-15
-0.26 0.277576 0.277061 3.09482e-15
-0.25 0.265625 0.265387 3.09482e-15
-0.24 0.253824 0.253933 3.09482e-15
-0.23 0.242167 0.242663 3.09482e-15
-0.22 0.230648 0.231533 3.09482e-15
-0.21 0.219261 0.220495 3.09482e-15
-0.2 0.208 0.209496 3.09482e-15
-0.19 0.196859 0.198487 3.09482e-15
-0.18 0.185832 0.187421 3.09482e-15
-0.17 0.174913 0.176267 3.09482e-15
-0.16 0.164096 0.165003 3.09482e-15
-0.15 0.153375 0.153629 3.09482e-15
-0.14 0.142744 0.142167 3.09482e-15
-0.13 0.132197 0.130661 3.09482e-15
-0.12 0.121728 0.119181 3.09482e-15
-0.11 0.111331 0.107823 3.09482e-15
-0.1 0.101 0.096702 3.09482e-15
-0.09 0.090729 0.0859554 3.09482e-15
-0.08 0.080512 0.0757344 3.09482e-15
-0.07 0.070343 0.0662 3.09482e-15
-0.06 0.060216 0.0575163 3.09482e-15
-0.05 0.050125 0.0498441 3.09482e-15
-0.04 0.040064 0.0433337 3.09482e-15
-0.03 0.030027 0.0381188 3.09482e-15
-0.02 0.020008 0.0343101 3.09482e-15
-0.01 0.010001 0.0319906 3.09482e-15
7.5287e-16 7.5287e-16 0.0312116 3.09482e-15
0.01 0.010001 0.0319906 3.09482e-15
0.02 0.020008 0.0343101 3.09482e-15
0.03 0.030027 0.0381188 3.09482e-15
0.04 0.040064 0.0433337 3.09482e-15
0.05 0.050125 0.0498441 3.09482e-15
0.06 0.060216 0.0575163 3.09482e-15
0.07 0.070343 0.0662 3.09482e-15
0.08 0.080512 0.0757344 3.09482e-15
0.09 0.090729 0.0859554 3.09482e-15
0.1 0.101 0.096702 3.09482e-15
0.11 0.111331 0.107823 3.09482e-15
0.12 0.121728 0.119181 3.09482e-15
0.13 0.132197 0.130661 3.09482e-15
0.14 0.142744 0.142167 3.09482e-15
0.15 0.153375 0.153629 3.09482e-15
0.16 0.164096 0.165003 3.09482e-15
0.17 0.174913 0.176267 3.09482e-15
0.18 0.185832 0.187421 3.09482e-15
0.19 0.196859 0.198487 3.09482e-15
0.2 0.208 0.209496 3.09482e-15
0.21 0.219261 0.220495 3.09482e-15
0.22 0.230648 0.231533 3.09482e-15
0.23 0.242167 0.242663 3.09482e-15
0.24 0.253824 0.253933 3.09482e-15
0.25 0.265625 0.265387 3.09482e-15
0.26 0.277576 0.277061 3.09482e-15
0.27 0.289683 0.288979 3.09482e-15
0.28 0.301952 0.301156 3.09482e-15
0.29 0.314389 0.313595 3.09482e-15
0.3 0.327 0.326292 3.09482e-15
0.31 0.339791 0.339236 3.09482e-15
0.32 0.352768 0.352408 3.09482e-15
0.33 0.365937 0.365792 3.09482e-15
0.34 0.379304 0.379367 3.09482e-15
0.35 0.392875 0.393118 3.09482e-15
0.36 0.406656 0.407035 3.09482e-15
0.37 0.420653 0.421113 3.09482e-15
0.38 0.434872 0.435353 3.09482e-15
0.39 0.449319 0.449765 3.09482e-15
0.4 0.464 0.464362 3.09482e-15
0.41 0.478921 0.479164 3.09482e-15
0.42 0.494088 0.494194 3.09482e-15
0.43 0.509507 0.509474 3.09482e-15
0.44 0.525184 0.525027 3.09482e-15
0.45 0.541125 0.540873 3.09482e-15
0.46 0.557336 0.557027 3.09482e-15
0.47 0.573823 0.5735 3.09482e-15
0.48 0.590592 0.590296 3.09482e-15
0.49 0.607649 0.607417 3.09482e-15
0.5 0.625 0.624856 3.09482e-15
0.51 0.642651 0.642609 3.09482e-15
0.52 0.660608 0.660666 3.09482e-15
0.53 0.678877 0.679021 3.09482e-15
0.54 0.697464 0.697669 3.09482e-15
0.55 0.716375 0.716609 3.09482e-15
0.56 0.735616 0.735844 3.09482e-15
0.57 0.755193 0.755382 3.09482e-15
0.58 0.775112 0.775238 3.09482e-15
0.59 0.795379 0.795426 3.09482e-15
0.6 0.816 0.815965 3.09482e-15
0.61 0.836981 0.836875 3.09482e-15
0.62 0.858328 0.858171 3.09482e-15
0.63 0.880047 0.879866 3.09482e-15
0.64 0.902144 0.90197 3.09482e-15
0.65 0.924625 0.924487 3.09482e-15
0.66 0.947496 0.947416 3.09482e-15
0.67 0.970763 0.970752 3.09482e-15
0.68 0.994432 0.994489 3.09482e-15
0.69 1.01851 1.01862 3.09482e-15
0.7 1.043 1.04314 3.09482e-15
0.71 1.06791 1.06806 3.09482e-15
0.72 1.09325 1.09337 3.09482e-15
0.73 1.11902 1.11909 3.09482e-15
0.74 1.14522 1.14523 3.09482e-15
0.75 1.17188 1.17182 3.09482e-15
0.76 1.19898 1.19887 3.09482e-15
0.77 1.22653 1.22641 3.09482e-15
0.78 1.25455 1.25444 3.09482e-15
0.79 1.28304 1.28296 3.09482e-15
0.8 1.312 1.31198 3.09482e-15
0.81 1.34144 1.34148 3.09482e-15
0.82 1.37137 1.37146 3.09482e-15
0.83 1.40179 1.40189 3.09482e-15
0.84 1.4327 1.4328 3.09482e-15
0.85 1.46413 1.46417 3.09482e-15
0.86 1.49606 1.49604 3.09482e-15
0.87 1.5285 1.52843 3.09482e-15
0.88 1.56147 1.56138 3.09482e-15
0.89 1.59497 1.59489 3.09482e-15
0.9 1.629 1.62897 3.09482e-15
0.91 1.66357 1.66361 3.09482e-15
0.92 1.69869 1.69877 3.09482e-15
0.93 1.73436 1.73443 3.09482e-15
0.94 1.77058 1.7706 3.09482e-15
0.95 1.80738 1.80731 3.09482e-15
0.96 1.84474 1.84466 3.09482e-15
0.97 1.88267 1.88267 3.09482e-15
0.98 1.92119 1.92127 3.09482e-15
0.99 1.9603 1.96029 3.09482e-15
