-1 2 1.99886 0.00229195
-0.99 1.9603 1.95972 0.00229195
-0.98 1.92119 1.92069 0.00229195
-0.97 1.88267 1.88378 0.00229195
-0.96 1.84474 1.8453 0.00229195
-0.95 1.80737 1.80655 0.00229195
-0.94 1.77058 1.76943 0.00229195
-0.93 1.73436 1.7341 0.00229195
-0.92 1.69869 1.69955 0.00229195
-0.91 1.66357 1.66482 0.00229195
-0.9 1.629 1.62971 0.00229195
-0.89 1.59497 1.59467 0.00229195
-0.88 1.56147 1.56036 0.00229195
-0.87 1.5285 1.52723 0.00229195
-0.86 1.49606 1.4953 0.00229195
-0.85 1.46412 1.46427 0.00229195
-0.84 1.4327 1.43368 0.00229195
-0.83 1.40179 1.40315 0.00229195
-0.82 1.37137 1.37255 0.00229195
-0.81 1.34144 1.34196 0.00229195
-0.8 1.312 1.31165 0.00229195
-0.79 1.28304 1.28195 0.00229195
-0.78 1.25455 1.2531 0.00229195
-0.77 1.22653 1.22521 0.00229195
-0.76 1.19898 1.19822 0.00229195
-0.75 1.17187 1.17193 0.00229195
-0.74 1.14522 1.14608 0.00229195
-0.73 1.11902 1.12043 0.00229195
-0.72 1.09325 1.09482 0.00229195
-0.71 1.06791 1.0692 0.00229195
-0.7 1.043 1.04366 0.00229195
-0.69 1.01851 1.01835 0.00229195
-0.68 0.994432 0.993478 0.00229195
-0.67 0.970763 0.969244 0.00229195
-0.66 0.947496 0.945775 0.00229195
-0.65 0.924625 0.92311 0.00229195
-0.64 0.902144 0.901195 0.00229195
-0.63 0.880047 0.879894 0.00229195
-0.62 0.858328 0.859023 0.00229195
-0.61 0.836981 0.83839 0.00229195
-0.6 0.816 0.817834 0.00229195
-0.59 0.795379 0.797259 0.00229195
-0.58 0.775112 0.776646 0.00229195
-0.57 0.755193 0.756057 0.00229195
-0.56 0.735616 0.735618 0.00229195
-0.55 0.716375 0.715491 0.00229195
-0.54 0.697464 0.695841 0.00229195
-0.53 0.678877 0.676807 0.00229195
-0.52 0.660608 0.65847 0.00229195
-0.51 0.642651 0.640844 0.00229195
-0.5 0.625 0.62387 0.00229195
-0.49 0.607649 0.607424 0.00229195
-0.48 0.590592 0.591344 0.00229195
-0.47 0.573823 0.575452 0.00229195
-0.46 0.557336 0.559587 0.00229195
-0.45 0.541125 0.543629 0.00229195
-0.44 0.525184 0.527519 0.00229195
-0.43 0.509507 0.511268 0.00229195
-0.42 0.494088 0.494954 0.00229195
-0.41 0.478921 0.47871 0.00229195
-0.4 0.464 0.4627 0.00229195
-0.39 0.449319 0.447095 0.00229195
-0.38 0.434872 0.432044 0.00229195
-0.37 0.420653 0.41765 0.00229195
-0.36 0.406656 0.40395 0.00229195
-0.35 0.392875 0.390911 0.00229195
-0.34 0.379304 0.378432 0.00229195
-0.33 0.365937 0.366351 0.00229195
-0.32 0.352768 0.354475 0.00229195
-0.31 0.339791 0.3426 0.00229195
-0.3 0.327 0.330544 0.00229195
-0.29 0.314389 0.318171 0.00229195
-0.28 0.301952 0.30541 0.00229195
-0.27 0.289683 0.292273 0.00229195
-0.26 0.277576 0.278848 0.00229195
-0.25 0.265625 0.265295 0.00229195
-0.24 0.253824 0.251825 0.00229195
-0.23 0.242167 0.238669 0.00229195
-0.22 0.230648 0.226053 0.00229195
-0.21 0.219261 0.214158 0.00229195
-0.2 0.208 0.203099 0.00229195
-0.19 0.196859 0.1929 0.00229195
-0.18 0.185832 0.183486 0.00229195
-0.17 0.174913 0.174683 0.00229195
-0.16 0.164096 0.166234 0.00229195
-0.15 0.153375 0.157825 0.00229195
-0.14 0.142744 0.149117 0.00229195
-0.13 0.132197 0.13979 0.00229195
-0.12 0.121728 0.129582 0.00229195
-0.11 0.111331 0.118326 0.00229195
-0.1 0.101 0.105982 0.00229195
-0.09 0.090729 0.0926511 0.00229195
-0.08 0.080512 0.0785866 0.00229195
-0.07 0.070343 0.0641791 0.00229195
-0.06 0.060216 0.0499338 0.00229195
-0.05 0.050125 0.0364341 0.00229195
-0.04 0.040064 0.0242954 0.00229195
-0.03 0.030027 0.0141148 0.00229195
-0.02 0.020008 0.00642088 0.00229195
-0.01 0.010001 0.0016279 0.00229195
7.5287e-16 7.5287e-16 3.9968e-15 0.00229195
0.01 0.010001 0.0016279 0.00229195
0.02 0.020008 0.00642088 0.00229195
0.03 0.030027 0.0141148 0.00229195
0.04 0.040064 0.0242954 0.00229195
0.05 0.050125 0.0364341 0.00229195
0.06 0.060216 0.0499338 0.00229195
0.07 0.070343 0.0641791 0.00229195
0.08 0.080512 0.0785866 0.00229195
0.09 0.090729 0.0926511 0.00229195
0.1 0.101 0.105982 0.00229195
0.11 0.111331 0.118326 0.00229195
0.12 0.121728 0.129582 0.00229195
0.13 0.132197 0.13979 0.00229195
0.14 0.142744 0.149117 0.00229195
0.15 0.153375 0.157825 0.00229195
0.16 0.164096 0.166234 0.00229195
0.17 0.174913 0.174683 0.00229195
0.18 0.185832 0.183486 0.00229195
0.19 0.196859 0.1929 0.00229195
0.2 0.208 0.203099 0.00229195
0.21 0.219261 0.214158 0.00229195
0.22 0.230648 0.226053 0.00229195
0.23 0.242167 0.238669 0.00229195
0.24 0.253824 0.251825 0.00229195
0.25 0.265625 0.265295 0.00229195
0.26 0.277576 0.278848 0.00229195
0.27 0.289683 0.292273 0.00229195
0.28 0.301952 0.30541 0.00229195
0.29 0.314389 0.318171 0.00229195
0.3 0.327 0.330544 0.00229195
0.31 0.339791 0.3426 0.00229195
0.32 0.352768 0.354475 0.00229195
0.33 0.365937 0.366351 0.00229195
0.34 0.379304 0.378432 0.00229195
0.35 0.392875 0.390911 0.00229195
0.36 0.406656 0.40395 0.00229195
0.37 0.420653 0.41765 0.00229195
0.38 0.434872 0.432044 0.00229195
0.39 0.449319 0.447095 0.00229195
0.4 0.464 0.4627 0.00229195
0.41 0.478921 0.47871 0.00229195
0.42 0.494088 0.494954 0.00229195
0.43 0.509507 0.511268 0.00229195
0.44 0.525184 0.527519 0.00229195
0.45 0.541125 0.543629 0.00229195
0.46 0.557336 0.559587 0.00229195
0.47 0.573823 0.575452 0.00229195
0.48 0.590592 0.591344 0.00229195
0.49 0.607649 0.607424 0.00229195
0.5 0.625 0.62387 0.00229195
0.51 0.642651 0.640844 0.00229195
0.52 0.660608 0.65847 0.00229195
0.53 0.678877 0.676807 0.00229195
0.54 0.697464 0.695841 0.00229195
0.55 0.716375 0.715491 0.00229195
0.56 0.735616 0.735618 0.00229195
0.57 0.755193 0.756057 0.00229195
0.58 0.775112 0.776646 0.00229195
0.59 0.795379 0.797259 0.00229195
0.6 0.816 0.817834 0.00229195
0.61 0.836981 0.83839 0.00229195
0.62 0.858328 0.859023 0.00229195
0.63 0.880047 0.879894 0.00229195
0.64 0.902144 0.901195 0.00229195
0.65 0.924625 0.92311 0.00229195
0.66 0.947496 0.945775 0.00229195
0.67 0.970763 0.969244 0.00229195
0.68 0.994432 0.993478 0.00229195
0.69 1.01851 1.01835 0.00229195
0.7 1.043 1.04366 0.00229195
0.71 1.06791 1.0692 0.00229195
0.72 1.09325 1.09482 0.00229195
0.73 1.11902 1.12043 0.00229195
0.74 1.14522 1.14608 0.00229195
0.75 1.17188 1.17193 0.00229195
0.76 1.19898 1.19822 0.00229195
0.77 1.22653 1.22521 0.00229195
0.78 1.25455 1.2531 0.00229195
0.79 1.28304 1.28195 0.00229195
0.8 1.312 1.31165 0.00229195
0.81 1.34144 1.34196 0.00229195
0.82 1.37137 1.37255 0.00229195
0.83 1.40179 1.40315 0.00229195
0.84 1.4327 1.43368 0.00229195
0.85 1.46413 1.46427 0.00229195
0.86 1.49606 1.4953 0.00229195
0.87 1.5285 1.52723 0.00229195
0.88 1.56147 1.56036 0.00229195
0.89 1.59497 1.59467 0.00229195
0.9 1.629 1.62971 0.00229195
0.91 1.66357 1.66482 0.00229195
0.92 1.69869 1.69955 0.00229195
0.93 1.73436 1.7341 0.00229195
0.94 1.77058 1.76943 0.00229195
0.95 1.80738 1.80655 0.00229195
0.96 1.84474 1.8453 0.00229195
0.97 1.88267 1.88378 0.00229195
0.98 1.92119 1.92069 0.00229195
0.99 1.9603 1.95972 0.00229195
