-1 -1 -1.04534 0.0911413
-0.99 -1 -0.954224 0.0911413
-0.98 -1 -0.986109 0.0911413
-0.97 -1 -1.02975 0.0911413
-0.96 -1 -1.04717 0.0911413
-0.95 -1 -1.03639 0.0911413
-0.94 -1 -1.00931 0.0911413
-0.93 -1 -0.979849 0.0911413
-0.92 -1 -0.958415 0.0911413
-0.91 -1 -0.950237 0.0911413
-0.9 -1 -0.955788 0.0911413
-0.89 -1 -0.972133 0.0911413
-0.88 -1 -0.994504 0.0911413
-0.87 -1 -1.01772 0.0911413
-0.86 -1 -1.03724 0.0911413
-0.85 -1 -1.04982 0.0911413
-0.84 -1 -1.0538 0.0911413
-0.83 -1 -1.04906 0.0911413
-0.82 -1 -1.03681 0.0911413
-0.81 -1 -1.0192 0.0911413
-0.8 -1 -0.998878 0.0911413
-0.79 -1 -0.978639 0.0911413
-0.78 -1 -0.961027 0.0911413
-0.77 -1 -0.948081 0.0911413
-0.76 -1 -0.941165 0.0911413
-0.75 -1 -0.940885 0.0911413
-0.74 -1 -0.947104 0.0911413
-0.73 -1 -0.95902 0.0911413
-0.72 -1 -0.975306 0.0911413
-0.71 -1 -0.994275 0.0911413
-0.7 -1 -1.01406 0.0911413
-0.69 -1 -1.03282 0.0911413
-0.68 -1 -1.04884 0.0911413
-0.67 -1 -1.06073 0.0911413
-0.66 -1 -1.0675 0.0911413
-0.65 -1 -1.06861 0.0911413
-0.64 -1 -1.06398 0.0911413
-0.63 -1 -1.054 0.0911413
-0.62 -1 -1.03948 0.0911413
-0.61 -1 -1.02152 0.0911413
-0.6 -1 -1.00149 0.0911413
-0.59 -1 -0.980872 0.0911413
-0.58 -1 -0.961178 0.0911413
-0.57 -1 -0.94383 0.0911413
-0.56 -1 -0.930076 0.0911413
-0.55 -1 -0.920909 0.0911413
-0.54 -1 -0.91701 0.0911413
-0.53 -1 -0.918708 0.0911413
-0.52 -1 -0.925969 0.0911413
-0.51 -1 -0.938403 0.0911413
-0.5 -1 -0.955294 0.0911413
-0.49 -1 -0.975647 0.0911413
-0.48 -1 -0.998249 0.0911413
-0.47 -1 -1.02174 0.0911413
-0.46 -1 -1.04471 0.0911413
-0.45 -1 -1.06574 0.0911413
-0.44 -1 -1.08352 0.0911413
-0.43 -1 -1.09692 0.0911413
-0.42 -1 -1.10502 0.0911413
-0.41 -1 -1.1072 0.0911413
-0.4 -1 -1.10314 0.0911413
-0.39 -1 -1.09287 0.0911413
-0.38 -1 -1.07675 0.0911413
-0.37 -1 -1.05546 0.0911413
-0.36 -1 -1.03 0.0911413
-0.35 -1 -1.00158 0.0911413
-0.34 -1 -0.971628 0.0911413
-0.33 -1 -0.941692 0.0911413
-0.32 -1 -0.913371 0.0911413
-0.31 -1 -0.888243 0.0911413
-0.3 -1 -0.867789 0.0911413
-0.29 -1 -0.853319 0.0911413
-0.28 -1 -0.845905 0.0911413
-0.27 -1 -0.846328 0.0911413
-0.26 -1 -0.855029 0.0911413
-0.25 -1 -0.872074 0.0911413
-0.24 -1 -0.897145 0.0911413
-0.23 -1 -0.929525 0.0911413
-0.22 -1 -0.968121 0.0911413
-0.21 -1 -1.01149 0.0911413
-0.2 -1 -1.05787 0.0911413
-0.19 -1 -1.10524 0.0911413
-0.18 -1 -1.15142 0.0911413
-0.17 -1 -1.19406 0.0911413
-0.16 -1 -1.23082 0.0911413
-0.15 -1 -1.25936 0.0911413
-0.14 -1 -1.27748 0.0911413
-0.13 -1 -1.2832 0.0911413
-0.12 -1 -1.27479 0.0911413
-0.11 -1 -1.25086 0.0911413
-0.1 -1 -1.21042 0.0911413
-0.09 -1 -1.15292 0.0911413
-0.08 -1 -1.07825 0.0911413
-0.07 -1 -0.986806 0.0911413
-0.06 -1 -0.879424 0.0911413
-0.05 -1 -0.757412 0.0911413
-0.04 -1 -0.622493 0.0911413
-0.03 -1 -0.476765 0.0911413
-0.02 -1 -0.32264 0.0911413
-0.01 -1 -0.162776 0.0911413
7.5287e-16 1 1.05914e-14 0.0911413
0.01 1 0.162776 0.0911413
0.02 1 0.32264 0.0911413
0.03 1 0.476765 0.0911413
0.04 1 0.622493 0.0911413
0.05 1 0.757412 0.0911413
0.06 1 0.879424 0.0911413
0.07 1 0.986806 0.0911413
0.08 1 1.07825 0.0911413
0.09 1 1.15292 0.0911413
0.1 1 1.21042 0.0911413
0.11 1 1.25086 0.0911413
0.12 1 1.27479 0.0911413
0.13 1 1.2832 0.0911413
0.14 1 1.27748 0.0911413
0.15 1 1.25936 0.0911413
0.16 1 1.23082 0.0911413
0.17 1 1.19406 0.0911413
0.18 1 1.15142 0.0911413
0.19 1 1.10524 0.0911413
0.2 1 1.05787 0.0911413
0.21 1 1.01149 0.0911413
0.22 1 0.968121 0.0911413
0.23 1 0.929525 0.0911413
0.24 1 0.897145 0.0911413
0.25 1 0.872074 0.0911413
0.26 1 0.855029 0.0911413
0.27 1 0.846328 0.0911413
0.28 1 0.845905 0.0911413
0.29 1 0.853319 0.0911413
0.3 1 0.867789 0.0911413
0.31 1 0.888243 0.0911413
0.32 1 0.913371 0.0911413
0.33 1 0.941692 0.0911413
0.34 1 0.971628 0.0911413
0.35 1 1.00158 0.0911413
0.36 1 1.03 0.0911413
0.37 1 1.05546 0.0911413
0.38 1 1.07675 0.0911413
0.39 1 1.09287 0.0911413
0.4 1 1.10314 0.0911413
0.41 1 1.1072 0.0911413
0.42 1 1.10502 0.0911413
0.43 1 1.09692 0.0911413
0.44 1 1.08352 0.0911413
0.45 1 1.06574 0.0911413
0.46 1 1.04471 0.0911413
0.47 1 1.02174 0.0911413
0.48 1 0.998249 0.0911413
0.49 1 0.975647 0.0911413
0.5 1 0.955294 0.0911413
0.51 1 0.938403 0.0911413
0.52 1 0.925969 0.0911413
0.53 1 0.918708 0.0911413
0.54 1 0.91701 0.0911413
0.55 1 0.920909 0.0911413
0.56 1 0.930076 0.0911413
0.57 1 0.94383 0.0911413
0.58 1 0.961178 0.0911413
0.59 1 0.980872 0.0911413
0.6 1 1.00149 0.0911413
0.61 1 1.02152 0.0911413
0.62 1 1.03948 0.0911413
0.63 1 1.054 0.0911413
0.64 1 1.06398 0.0911413
0.65 1 1.06861 0.0911413
0.66 1 1.0675 0.0911413
0.67 1 1.06073 0.0911413
0.68 1 1.04884 0.0911413
0.69 1 1.03282 0.0911413
0.7 1 1.01406 0.0911413
0.71 1 0.994275 0.0911413
0.72 1 0.975306 0.0911413
0.73 1 0.95902 0.0911413
0.74 1 0.947104 0.0911413
0.75 1 0.940885 0.0911413
0.76 1 0.941165 0.0911413
0.77 1 0.948081 0.0911413
0.78 1 0.961027 0.0911413
0.79 1 0.978639 0.0911413
0.8 1 0.998878 0.0911413
0.81 1 1.0192 0.0911413
0.82 1 1.03681 0.0911413
0.83 1 1.04906 0.0911413
0.84 1 1.0538 0.0911413
0.85 1 1.04982 0.0911413
0.86 1 1.03724 0.0911413
0.87 1 1.01772 0.0911413
0.88 1 0.994504 0.0911413
0.89 1 0.972133 0.0911413
0.9 1 0.955788 0.0911413
0.91 1 0.950237 0.0911413
0.92 1 0.958415 0.0911413
0.93 1 0.979849 0.0911413
0.94 1 1.00931 0.0911413
0.95 1 1.03639 0.0911413
0.96 1 1.04717 0.0911413
0.97 1 1.02975 0.0911413
0.98 1 0.986109 0.0911413
0.99 1 0.954224 0.0911413
