-1 -1 -0.974676 0.0487805
-0.99 -1 -0.977303 0.0487805
-0.98 -1 -1.0091 0.0487805
-0.97 -1 -1.02091 0.0487805
-0.96 -1 -0.984223 0.0487805
-0.95 -1 -0.975993 0.0487805
-0.94 -1 -1.0037 0.0487805
-0.93 -1 -1.02627 0.0487805
-0.92 -1 -1.01917 0.0487805
-0.91 -1 -0.993111 0.0487805
-0.9 -1 -0.973534 0.0487805
-0.89 -1 -0.975813 0.0487805
-0.88 -1 -0.996307 0.0487805
-0.87 -1 -1.01928 0.0487805
-0.86 -1 -1.0296 0.0487805
-0.85 -1 -1.02181 0.0487805
-0.84 -1 -1.00145 0.0487805
-0.83 -1 -0.980261 0.0487805
-0.82 -1 -0.969209 0.0487805
-0.81 -1 -0.973279 0.0487805
-0.8 -1 -0.989952 0.0487805
-0.79 -1 -1.01128 0.0487805
-0.78 -1 -1.02791 0.0487805
-0.77 -1 -1.03309 0.0487805
-0.76 -1 -1.02506 0.0487805
-0.75 -1 -1.00723 0.0487805
-0.74 -1 -0.98645 0.0487805
-0.73 -1 -0.970296 0.0487805
-0.72 -1 -0.964346 0.0487805
-0.71 -1 -0.970482 0.0487805
-0.7 -1 -0.986529 0.0487805
-0.69 -1 -1.00722 0.0487805
-0.68 -1 -1.02603 0.0487805
-0.67 -1 -1.03721 0.0487805
-0.66 -1 -1.03744 0.0487805
-0.65 -1 -1.02669 0.0487805
-0.64 -1 -1.00803 0.0487805
-0.63 -1 -0.986671 0.0487805
-0.62 -1 -0.968468 0.0487805
-0.61 -1 -0.958324 0.0487805
-0.6 -1 -0.958964 0.0487805
-0.59 -1 -0.970305 0.0487805
-0.58 -1 -0.98956 0.0487805
-0.57 -1 -1.012 0.0487805
-0.56 -1 -1.03214 0.0487805
-0.55 -1 -1.04508 0.0487805
-0.54 -1 -1.04762 0.0487805
-0.53 -1 -1.03898 0.0487805
-0.52 -1 -1.02097 0.0487805
-0.51 -1 -0.997505 0.0487805
-0.5 -1 -0.973758 0.0487805
-0.49 -1 -0.955004 0.0487805
-0.48 -1 -0.945484 0.0487805
-0.47 -1 -0.947505 0.0487805
-0.46 -1 -0.960956 0.0487805
-0.45 -1 -0.98332 0.0487805
-0.44 -1 -1.01019 0.0487805
-0.43 -1 -1.03612 0.0487805
-0.42 -1 -1.05577 0.0487805
-0.41 -1 -1.06491 0.0487805
-0.4 -1 -1.06129 0.0487805
-0.39 -1 -1.04512 0.0487805
-0.38 -1 -1.01907 0.0487805
-0.37 -1 -0.987814 0.0487805
-0.36 -1 -0.957199 0.0487805
-0.35 -1 -0.933164 0.0487805
-0.34 -1 -0.920652 0.0487805
-0.33 -1 -0.922659 0.0487805
-0.32 -1 -0.93962 0.0487805
-0.31 -1 -0.969232 0.0487805
-0.3 -1 -1.00675 0.0487805
-0.29 -1 -1.04575 0.0487805
-0.28 -1 -1.07913 0.0487805
-0.27 -1 -1.10039 0.0487805
-0.26 -1 -1.10474 0.0487805
-0.25 -1 -1.09007 0.0487805
-0.24 -1 -1.05743 0.0487805
-0.23 -1 -1.0111 0.0487805
-0.22 -1 -0.958077 0.0487805
-0.21 -1 -0.907133 0.0487805
-0.2 -1 -0.867494 0.0487805
-0.19 -1 -0.847393 0.0487805
-0.18 -1 -0.852663 0.0487805
-0.17 -1 -0.885579 0.0487805
-0.16 -1 -0.944152 0.0487805
-0.15 -1 -1.02197 0.0487805
-0.14 -1 -1.10863 0.0487805
-0.13 -1 -1.19079 0.0487805
-0.12 -1 -1.25359 0.0487805
-0.11 -1 -1.28243 0.0487805
-0.1 -1 -1.26476 0.0487805
-0.09 -1 -1.1917 0.0487805
-0.08 -1 -1.05932 0.0487805
-0.07 -1 -0.869293 0.0487805
-0.06 -1 -0.629 0.0487805
-0.05 -1 -0.350874 0.0487805
-0.04 -1 -0.0512168 0.0487805
-0.03 -1 0.251472 0.0487805
-0.02 -1 0.538412 0.0487805
-0.01 -1 0.79249 0.0487805
7.5287e-16 1 1 0.0487805
0.01 1 1.15198 0.0487805
0.02 1 1.24496 0.0487805
0.03 1 1.28113 0.0487805
0.04 1 1.26777 0.0487805
0.05 1 1.21621 0.0487805
0.06 1 1.14029 0.0487805
0.07 1 1.05466 0.0487805
0.08 1 0.973072 0.0487805
0.09 1 0.906829 0.0487805
0.1 1 0.863684 0.0487805
0.11 1 0.847228 0.0487805
0.12 1 0.856841 0.0487805
0.13 1 0.888197 0.0487805
0.14 1 0.934214 0.0487805
0.15 1 0.986303 0.0487805
0.16 1 1.03574 0.0487805
0.17 1 1.07496 0.0487805
0.18 1 1.09859 0.0487805
0.19 1 1.1041 0.0487805
0.2 1 1.09198 0.0487805
0.21 1 1.0655 0.0487805
0.22 1 1.03001 0.0487805
0.23 1 0.991949 0.0487805
0.24 1 0.95781 0.0487805
0.25 1 0.93306 0.0487805
0.26 1 0.921312 0.0487805
0.27 1 0.923823 0.0487805
0.28 1 0.93939 0.0487805
0.29 1 0.964651 0.0487805
0.3 1 0.994738 0.0487805
0.31 1 1.02416 0.0487805
0.32 1 1.04775 0.0487805
0.33 1 1.06158 0.0487805
0.34 1 1.06359 0.0487805
0.35 1 1.05389 0.0487805
0.36 1 1.03471 0.0487805
0.37 1 1.00994 0.0487805
0.38 1 0.984371 0.0487805
0.39 1 0.962836 0.0487805
0.4 1 0.949277 0.0487805
0.41 1 0.946037 0.0487805
0.42 1 0.953433 0.0487805
0.43 1 0.969716 0.0487805
0.44 1 0.991428 0.0487805
0.45 1 1.01409 0.0487805
0.46 1 1.0331 0.0487805
0.47 1 1.04466 0.0487805
0.48 1 1.04653 0.0487805
0.49 1 1.03853 0.0487805
0.5 1 1.02254 0.0487805
0.51 1 1.00215 0.0487805
0.52 1 0.981885 0.0487805
0.53 1 0.966234 0.0487805
0.54 1 0.958646 0.0487805
0.55 1 0.960751 0.0487805
0.56 1 0.971947 0.0487805
0.57 1 0.989502 0.0487805
0.58 1 1.00915 0.0487805
0.59 1 1.0261 0.0487805
0.6 1 1.03614 0.0487805
0.61 1 1.03678 0.0487805
0.62 1 1.02788 0.0487805
0.63 1 1.01181 0.0487805
0.64 1 0.992876 0.0487805
0.65 1 0.976271 0.0487805
0.66 1 0.96665 0.0487805
0.67 1 0.9668 0.0487805
0.68 1 0.976734 0.0487805
0.69 1 0.993534 0.0487805
0.7 1 1.01208 0.0487805
0.71 1 1.02651 0.0487805
0.72 1 1.03206 0.0487805
0.73 1 1.02675 0.0487805
0.74 1 1.01222 0.0487805
0.75 1 0.993475 0.0487805
0.76 1 0.977338 0.0487805
0.77 1 0.970034 0.0487805
0.78 1 0.974694 0.0487805
0.79 1 0.989762 0.0487805
0.8 1 1.00913 0.0487805
0.81 1 1.02431 0.0487805
0.82 1 1.02805 0.0487805
0.83 1 1.018 0.0487805
0.84 1 0.998673 0.0487805
0.85 1 0.980063 0.0487805
0.86 1 0.972916 0.0487805
0.87 1 0.982347 0.0487805
0.88 1 1.00339 0.0487805
0.89 1 1.02219 0.0487805
0.9 1 1.02431 0.0487805
0.91 1 1.00633 0.0487805
0.92 1 0.982359 0.0487805
0.93 1 0.975806 0.0487805
0.94 1 0.996585 0.0487805
0.95 1 1.02215 0.0487805
0.96 1 1.01457 0.0487805
0.97 1 0.980677 0.0487805
0.98 1 0.991581 0.0487805
0.99 1 1.02101 0.0487805
