-1 -1 -1.05696 0.105263
-0.99 -1 -0.948209 0.105263
-0.98 -1 -0.954182 0.105263
-0.97 -1 -0.997256 0.105263
-0.96 -1 -1.03741 0.105263
-0.95 -1 -1.05833 0.105263
-0.94 -1 -1.05756 0.105263
-0.93 -1 -1.03981 0.105263
-0.92 -1 -1.01253 0.105263
-0.91 -1 -0.983257 0.105263
-0.9 -1 -0.958139 0.105263
-0.89 -1 -0.941271 0.105263
-0.88 -1 -0.934633 0.105263
-0.87 -1 -0.93832 0.105263
-0.86 -1 -0.950965 0.105263
-0.85 -1 -0.970218 0.105263
-0.84 -1 -0.993216 0.105263
-0.83 -1 -1.017 0.105263
-0.82 -1 -1.03885 0.105263
-0.81 -1 -1.05651 0.105263
-0.8 -1 -1.06836 0.105263
-0.79 -1 -1.07348 0.105263
-0.78 -1 -1.07163 0.105263
-0.77 -1 -1.0632 0.105263
-0.76 -1 -1.04911 0.105263
-0.75 -1 -1.03067 0.105263
-0.74 -1 -1.00948 0.105263
-0.73 -1 -0.987245 0.105263
-0.72 -1 -0.965662 0.105263
-0.71 -1 -0.946305 0.105263
-0.7 -1 -0.930525 0.105263
-0.69 -1 -0.919379 0.105263
-0.68 -1 -0.913581 0.105263
-0.67 -1 -0.91348 0.105263
-0.66 -1 -0.919058 0.105263
-0.65 -1 -0.929954 0.105263
-0.64 -1 -0.945497 0.105263
-0.63 -1 -0.964765 0.105263
-0.62 -1 -0.986637 0.105263
-0.61 -1 -1.00987 0.105263
-0.6 -1 -1.03317 0.105263
-0.59 -1 -1.05524 0.105263
-0.58 -1 -1.07487 0.105263
-0.57 -1 -1.09099 0.105263
-0.56 -1 -1.10271 0.105263
-0.55 -1 -1.10936 0.105263
-0.54 -1 -1.11052 0.105263
-0.53 -1 -1.10602 0.105263
-0.52 -1 -1.09598 0.105263
-0.51 -1 -1.08077 0.105263
-0.5 -1 -1.061 0.105263
-0.49 -1 -1.03747 0.105263
-0.48 -1 -1.01118 0.105263
-0.47 -1 -0.983269 0.105263
-0.46 -1 -0.95494 0.105263
-0.45 -1 -0.927448 0.105263
-0.44 -1 -0.902035 0.105263
-0.43 -1 -0.879881 0.105263
-0.42 -1 -0.862063 0.105263
-0.41 -1 -0.84951 0.105263
-0.4 -1 -0.842966 0.105263
-0.39 -1 -0.842963 0.105263
-0.38 -1 -0.849796 0.105263
-0.37 -1 -0.86351 0.105263
-0.36 -1 -0.883893 0.105263
-0.35 -1 -0.910474 0.105263
-0.34 -1 -0.942539 0.105263
-0.33 -1 -0.979143 0.105263
-0.32 -1 -1.01914 0.105263
-0.31 -1 -1.06119 0.105263
-0.3 -1 -1.10384 0.105263
-0.29 -1 -1.14552 0.105263
-0.28 -1 -1.18459 0.105263
-0.27 -1 -1.21943 0.105263
-0.26 -1 -1.2484 0.105263
-0.25 -1 -1.26997 0.105263
-0.24 -1 -1.28271 0.105263
-0.23 -1 -1.28535 0.105263
-0.22 -1 -1.2768 0.105263
-0.21 -1 -1.25618 0.105263
-0.2 -1 -1.22287 0.105263
-0.19 -1 -1.1765 0.105263
-0.18 -1 -1.11696 0.105263
-0.17 -1 -1.04445 0.105263
-0.16 -1 -0.959414 0.105263
-0.15 -1 -0.862574 0.105263
-0.14 -1 -0.754903 0.105263
-0.13 -1 -0.637607 0.105263
-0.12 -1 -0.512094 0.105263
-0.11 -1 -0.379945 0.105263
-0.1 -1 -0.24288 0.105263
-0.09 -1 -0.102721 0.105263
-0.08 -1 0.0386525 0.105263
-0.07 -1 0.179341 0.105263
-0.06 -1 0.317468 0.105263
-0.05 -1 0.451221 0.105263
-0.04 -1 0.578889 0.105263
-0.03 -1 0.698901 0.105263
-0.02 -1 0.809854 0.105263
-0.01 -1 0.910547 0.105263
7.5287e-16 1 1 0.105263
0.01 1 1.07747 0.105263
0.02 1 1.14248 0.105263
0.03 1 1.1948 0.105263
0.04 1 1.23445 0.105263
0.05 1 1.26172 0.105263
0.06 1 1.27713 0.105263
0.07 1 1.28142 0.105263
0.08 1 1.27555 0.105263
0.09 1 1.26062 0.105263
0.1 1 1.2379 0.105263
0.11 1 1.20875 0.105263
0.12 1 1.17462 0.105263
0.13 1 1.13698 0.105263
0.14 1 1.09731 0.105263
0.15 1 1.05704 0.105263
0.16 1 1.01754 0.105263
0.17 1 0.980065 0.105263
0.18 1 0.945737 0.105263
0.19 1 0.915522 0.105263
0.2 1 0.890206 0.105263
0.21 1 0.870378 0.105263
0.22 1 0.856425 0.105263
0.23 1 0.848524 0.105263
0.24 1 0.846647 0.105263
0.25 1 0.850568 0.105263
0.26 1 0.859875 0.105263
0.27 1 0.873993 0.105263
0.28 1 0.892202 0.105263
0.29 1 0.913665 0.105263
0.3 1 0.937464 0.105263
0.31 1 0.962624 0.105263
0.32 1 0.988154 0.105263
0.33 1 1.01308 0.105263
0.34 1 1.03646 0.105263
0.35 1 1.05747 0.105263
0.36 1 1.07535 0.105263
0.37 1 1.08951 0.105263
0.38 1 1.09949 0.105263
0.39 1 1.105 0.105263
0.4 1 1.10596 0.105263
0.41 1 1.10243 0.105263
0.42 1 1.09467 0.105263
0.43 1 1.08311 0.105263
0.44 1 1.0683 0.105263
0.45 1 1.05096 0.105263
0.46 1 1.03187 0.105263
0.47 1 1.01191 0.105263
0.48 1 0.991984 0.105263
0.49 1 0.972973 0.105263
0.5 1 0.955732 0.105263
0.51 1 0.941034 0.105263
0.52 1 0.929533 0.105263
0.53 1 0.921739 0.105263
0.54 1 0.91799 0.105263
0.55 1 0.918432 0.105263
0.56 1 0.923013 0.105263
0.57 1 0.931472 0.105263
0.58 1 0.943353 0.105263
0.59 1 0.958021 0.105263
0.6 1 0.974684 0.105263
0.61 1 0.992434 0.105263
0.62 1 1.01028 0.105263
0.63 1 1.02723 0.105263
0.64 1 1.04228 0.105263
0.65 1 1.05454 0.105263
0.66 1 1.06325 0.105263
0.67 1 1.06784 0.105263
0.68 1 1.068 0.105263
0.69 1 1.06365 0.105263
0.7 1 1.05503 0.105263
0.71 1 1.04266 0.105263
0.72 1 1.02737 0.105263
0.73 1 1.0102 0.105263
0.74 1 0.992399 0.105263
0.75 1 0.975342 0.105263
0.76 1 0.960411 0.105263
0.77 1 0.94891 0.105263
0.78 1 0.94194 0.105263
0.79 1 0.940287 0.105263
0.8 1 0.944309 0.105263
0.81 1 0.953854 0.105263
0.82 1 0.968201 0.105263
0.83 1 0.986052 0.105263
0.84 1 1.00558 0.105263
0.85 1 1.02455 0.105263
0.86 1 1.0405 0.105263
0.87 1 1.05106 0.105263
0.88 1 1.05422 0.105263
0.89 1 1.04882 0.105263
0.9 1 1.03487 0.105263
0.91 1 1.01397 0.105263
0.92 1 0.989527 0.105263
0.93 1 0.966656 0.105263
0.94 1 0.951693 0.105263
0.95 1 0.950959 0.105263
0.96 1 0.968491 0.105263
0.97 1 1.00232 0.105263
0.98 1 1.03872 0.105263
0.99 1 1.04384 0.105263
