-1 -1 -0.948832 0.0952381
-0.99 -1 -1.05098 0.0952381
-0.98 -1 -1.02531 0.0952381
-0.97 -1 -0.97727 0.0952381
-0.96 -1 -0.949322 0.0952381
-0.95 -1 -0.949916 0.0952381
-0.94 -1 -0.971776 0.0952381
-0.93 -1 -1.00277 0.0952381
-0.92 -1 -1.03173 0.0952381
-0.91 -1 -1.05104 0.0952381
-0.9 -1 -1.05722 0.0952381
-0.89 -1 -1.05038 0.0952381
-0.88 -1 -1.03323 0.0952381
-0.87 -1 -1.00994 0.0952381
-0.86 -1 -0.98509 0.0952381
-0.85 -1 -0.962871 0.0952381
-0.84 -1 -0.946538 0.0952381
-0.83 -1 -0.93812 0.0952381
-0.82 -1 -0.938355 0.0952381
-0.81 -1 -0.946793 0.0952381
-0.8 -1 -0.962019 0.0952381
-0.79 -1 -0.981943 0.0952381
-0.78 -1 -1.00411 0.0952381
-0.77 -1 -1.02602 0.0952381
-0.76 -1 -1.04533 0.0952381
-0.75 -1 -1.06016 0.0952381
-0.74 -1 -1.06913 0.0952381
-0.73 -1 -1.07151 0.0952381
-0.72 -1 -1.06719 0.0952381
-0.71 -1 -1.05666 0.0952381
-0.7 -1 -1.04092 0.0952381
-0.69 -1 -1.02135 0.0952381
-0.68 -1 -0.999616 0.0952381
-0.67 -1 -0.977476 0.0952381
-0.66 -1 -0.956676 0.0952381
-0.65 -1 -0.938809 0.0952381
-0.64 -1 -0.925218 0.0952381
-0.63 -1 -0.916906 0.0952381
-0.62 -1 -0.914489 0.0952381
-0.61 -1 -0.918163 0.0952381
-0.6 -1 -0.927716 0.0952381
-0.59 -1 -0.942547 0.0952381
-0.58 -1 -0.961721 0.0952381
-0.57 -1 -0.984033 0.0952381
-0.56 -1 -1.00809 0.0952381
-0.55 -1 -1.03239 0.0952381
-0.54 -1 -1.05544 0.0952381
-0.53 -1 -1.07579 0.0952381
-0.52 -1 -1.09216 0.0952381
-0.51 -1 -1.1035 0.0952381
-0.5 -1 -1.10902 0.0952381
-0.49 -1 -1.10827 0.0952381
-0.48 -1 -1.10112 0.0952381
-0.47 -1 -1.08781 0.0952381
-0.46 -1 -1.06888 0.0952381
-0.45 -1 -1.0452 0.0952381
-0.44 -1 -1.01791 0.0952381
-0.43 -1 -0.988337 0.0952381
-0.42 -1 -0.957974 0.0952381
-0.41 -1 -0.928382 0.0952381
-0.4 -1 -0.90113 0.0952381
-0.39 -1 -0.877719 0.0952381
-0.38 -1 -0.859511 0.0952381
-0.37 -1 -0.847668 0.0952381
-0.36 -1 -0.843094 0.0952381
-0.35 -1 -0.846388 0.0952381
-0.34 -1 -0.857816 0.0952381
-0.33 -1 -0.877283 0.0952381
-0.32 -1 -0.90433 0.0952381
-0.31 -1 -0.938141 0.0952381
-0.3 -1 -0.977562 0.0952381
-0.29 -1 -1.02113 0.0952381
-0.28 -1 -1.06713 0.0952381
-0.27 -1 -1.11363 0.0952381
-0.26 -1 -1.15854 0.0952381
-0.25 -1 -1.19972 0.0952381
-0.24 -1 -1.235 0.0952381
-0.23 -1 -1.26226 0.0952381
-0.22 -1 -1.27954 0.0952381
-0.21 -1 -1.28505 0.0952381
-0.2 -1 -1.27726 0.0952381
-0.19 -1 -1.25495 0.0952381
-0.18 -1 -1.21725 0.0952381
-0.17 -1 -1.16368 0.0952381
-0.16 -1 -1.09414 0.0952381
-0.15 -1 -1.00896 0.0952381
-0.14 -1 -0.908861 0.0952381
-0.13 -1 -0.794969 0.0952381
-0.12 -1 -0.66876 0.0952381
-0.11 -1 -0.532034 0.0952381
-0.1 -1 -0.386866 0.0952381
-0.09 -1 -0.23555 0.0952381
-0.08 -1 -0.0805369 0.0952381
-0.07 -1 0.0756328 0.0952381
-0.06 -1 0.230397 0.0952381
-0.05 -1 0.381242 0.0952381
-0.04 -1 0.525766 0.0952381
-0.03 -1 0.661746 0.0952381
-0.02 -1 0.787193 0.0952381
-0.01 -1 0.900404 0.0952381
7.5287e-16 1 1 0.0952381
0.01 1 1.08496 0.0952381
0.02 1 1.15465 0.0952381
0.03 1 1.2088 0.0952381
0.04 1 1.24755 0.0952381
0.05 1 1.27141 0.0952381
0.06 1 1.28122 0.0952381
0.07 1 1.27817 0.0952381
0.08 1 1.26369 0.0952381
0.09 1 1.23944 0.0952381
0.1 1 1.20727 0.0952381
0.11 1 1.16913 0.0952381
0.12 1 1.12699 0.0952381
0.13 1 1.08285 0.0952381
0.14 1 1.03861 0.0952381
0.15 1 0.996041 0.0952381
0.16 1 0.956749 0.0952381
0.17 1 0.922103 0.0952381
0.18 1 0.893216 0.0952381
0.19 1 0.870917 0.0952381
0.2 1 0.855733 0.0952381
0.21 1 0.847881 0.0952381
0.22 1 0.847279 0.0952381
0.23 1 0.853557 0.0952381
0.24 1 0.866084 0.0952381
0.25 1 0.884002 0.0952381
0.26 1 0.906265 0.0952381
0.27 1 0.931689 0.0952381
0.28 1 0.959002 0.0952381
0.29 1 0.986902 0.0952381
0.3 1 1.0141 0.0952381
0.31 1 1.0394 0.0952381
0.32 1 1.0617 0.0952381
0.33 1 1.08008 0.0952381
0.34 1 1.09383 0.0952381
0.35 1 1.10246 0.0952381
0.36 1 1.10573 0.0952381
0.37 1 1.10365 0.0952381
0.38 1 1.09647 0.0952381
0.39 1 1.08471 0.0952381
0.4 1 1.06907 0.0952381
0.41 1 1.05044 0.0952381
0.42 1 1.02983 0.0952381
0.43 1 1.00834 0.0952381
0.44 1 0.987106 0.0952381
0.45 1 0.967232 0.0952381
0.46 1 0.949742 0.0952381
0.47 1 0.935528 0.0952381
0.48 1 0.9253 0.0952381
0.49 1 0.919556 0.0952381
0.5 1 0.918545 0.0952381
0.51 1 0.922255 0.0952381
0.52 1 0.930412 0.0952381
0.53 1 0.942487 0.0952381
0.54 1 0.957725 0.0952381
0.55 1 0.975182 0.0952381
0.56 1 0.993775 0.0952381
0.57 1 1.01234 0.0952381
0.58 1 1.02971 0.0952381
0.59 1 1.04478 0.0952381
0.6 1 1.05657 0.0952381
0.61 1 1.06429 0.0952381
0.62 1 1.06743 0.0952381
0.63 1 1.06576 0.0952381
0.64 1 1.05939 0.0952381
0.65 1 1.04876 0.0952381
0.66 1 1.03464 0.0952381
0.67 1 1.01807 0.0952381
0.68 1 1.00031 0.0952381
0.69 1 0.982769 0.0952381
0.7 1 0.966881 0.0952381
0.71 1 0.954005 0.0952381
0.72 1 0.945303 0.0952381
0.73 1 0.941626 0.0952381
0.74 1 0.943417 0.0952381
0.75 1 0.950634 0.0952381
0.76 1 0.962706 0.0952381
0.77 1 0.978546 0.0952381
0.78 1 0.9966 0.0952381
0.79 1 1.01496 0.0952381
0.8 1 1.03154 0.0952381
0.81 1 1.04429 0.0952381
0.82 1 1.05142 0.0952381
0.83 1 1.05173 0.0952381
0.84 1 1.04478 0.0952381
0.85 1 1.03117 0.0952381
0.86 1 1.01254 0.0952381
0.87 1 0.991624 0.0952381
0.88 1 0.971945 0.0952381
0.89 1 0.957389 0.0952381
0.9 1 0.951513 0.0952381
0.91 1 0.956669 0.0952381
0.92 1 0.973017 0.0952381
0.93 1 0.997642 0.0952381
0.94 1 1.02408 0.0952381
0.95 1 1.04281 0.0952381
0.96 1 1.04338 0.0952381
0.97 1 1.01949 0.0952381
0.98 1 0.978264 0.0952381
0.99 1 0.956156 0.0952381
