-1 -1 -1.07099 0.143761
-0.99 -1 -0.971374 0.143761
-0.98 -1 -0.931667 0.143761
-0.97 -1 -0.930056 0.143761
-0.96 -1 -0.950227 0.143761
-0.95 -1 -0.980342 0.143761
-0.94 -1 -1.01216 0.143761
-0.93 -1 -1.04028 0.143761
-0.92 -1 -1.06152 0.143761
-0.91 -1 -1.07439 0.143761
-0.9 -1 -1.07862 0.143761
-0.89 -1 -1.07483 0.143761
-0.88 -1 -1.0642 0.143761
-0.87 -1 -1.04826 0.143761
-0.86 -1 -1.0287 0.143761
-0.85 -1 -1.00719 0.143761
-0.84 -1 -0.98534 0.143761
-0.83 -1 -0.964557 0.143761
-0.82 -1 -0.946043 0.143761
-0.81 -1 -0.930744 0.143761
-0.8 -1 -0.919347 0.143761
-0.79 -1 -0.912282 0.143761
-0.78 -1 -0.909734 0.143761
-0.77 -1 -0.911664 0.143761
-0.76 -1 -0.917838 0.143761
-0.75 -1 -0.927855 0.143761
-0.74 -1 -0.941179 0.143761
-0.73 -1 -0.957176 0.143761
-0.72 -1 -0.97514 0.143761
-0.71 -1 -0.994328 0.143761
-0.7 -1 -1.01399 0.143761
-0.69 -1 -1.03338 0.143761
-0.68 -1 -1.05181 0.143761
-0.67 -1 -1.06865 0.143761
-0.66 -1 -1.08331 0.143761
-0.65 -1 -1.09534 0.143761
-0.64 -1 -1.10434 0.143761
-0.63 -1 -1.11004 0.143761
-0.62 -1 -1.11227 0.143761
-0.61 -1 -1.11096 0.143761
-0.6 -1 -1.10614 0.143761
-0.59 -1 -1.09795 0.143761
-0.58 -1 -1.08661 0.143761
-0.57 -1 -1.07243 0.143761
-0.56 -1 -1.05578 0.143761
-0.55 -1 -1.0371 0.143761
-0.54 -1 -1.01687 0.143761
-0.53 -1 -0.995625 0.143761
-0.52 -1 -0.973897 0.143761
-0.51 -1 -0.952245 0.143761
-0.5 -1 -0.931221 0.143761
-0.49 -1 -0.911363 0.143761
-0.48 -1 -0.893184 0.143761
-0.47 -1 -0.877161 0.143761
-0.46 -1 -0.863724 0.143761
-0.45 -1 -0.853251 0.143761
-0.44 -1 -0.846056 0.143761
-0.43 -1 -0.842387 0.143761
-0.42 -1 -0.842422 0.143761
-0.41 -1 -0.846261 0.143761
-0.4 -1 -0.853927 0.143761
-0.39 -1 -0.865367 0.143761
-0.38 -1 -0.88045 0.143761
-0.37 -1 -0.898968 0.143761
-0.36 -1 -0.920642 0.143761
-0.35 -1 -0.945126 0.143761
-0.34 -1 -0.97201 0.143761
-0.33 -1 -1.00083 0.143761
-0.32 -1 -1.03106 0.143761
-0.31 -1 -1.06215 0.143761
-0.3 -1 -1.0935 0.143761
-0.29 -1 -1.1245 0.143761
-0.28 -1 -1.1545 0.143761
-0.27 -1 -1.18287 0.143761
-0.26 -1 -1.20895 0.143761
-0.25 -1 -1.23213 0.143761
-0.24 -1 -1.25178 0.143761
-0.23 -1 -1.26731 0.143761
-0.22 -1 -1.27819 0.143761
-0.21 -1 -1.28389 0.143761
-0.2 -1 -1.28397 0.143761
-0.19 -1 -1.27801 0.143761
-0.18 -1 -1.26569 0.143761
-0.17 -1 -1.24673 0.143761
-0.16 -1 -1.22094 0.143761
-0.15 -1 -1.18818 0.143761
-0.14 -1 -1.1484 0.143761
-0.13 -1 -1.10163 0.143761
-0.12 -1 -1.04798 0.143761
-0.11 -1 -0.987625 0.143761
-0.1 -1 -0.920818 0.143761
-0.09 -1 -0.847889 0.143761
-0.08 -1 -0.769234 0.143761
-0.07 -1 -0.685313 0.143761
-0.06 -1 -0.596647 0.143761
-0.05 -1 -0.503808 0.143761
-0.04 -1 -0.407418 0.143761
-0.03 -1 -0.308136 0.143761
-0.02 -1 -0.206658 0.143761
-0.01 -1 -0.103701 0.143761
7.5287e-16 1 6.91895e-15 0.143761
0.01 1 0.103701 0.143761
0.02 1 0.206658 0.143761
0.03 1 0.308136 0.143761
0.04 1 0.407418 0.143761
0.05 1 0.503808 0.143761
0.06 1 0.596647 0.143761
0.07 1 0.685313 0.143761
0.08 1 0.769234 0.143761
0.09 1 0.847889 0.143761
0.1 1 0.920818 0.143761
0.11 1 0.987625 0.143761
0.12 1 1.04798 0.143761
0.13 1 1.10163 0.143761
0.14 1 1.1484 0.143761
0.15 1 1.18818 0.143761
0.16 1 1.22094 0.143761
0.17 1 1.24673 0.143761
0.18 1 1.26569 0.143761
0.19 1 1.27801 0.143761
0.2 1 1.28397 0.143761
0.21 1 1.28389 0.143761
0.22 1 1.27819 0.143761
0.23 1 1.26731 0.143761
0.24 1 1.25178 0.143761
0.25 1 1.23213 0.143761
0.26 1 1.20895 0.143761
0.27 1 1.18287 0.143761
0.28 1 1.1545 0.143761
0.29 1 1.1245 0.143761
0.3 1 1.0935 0.143761
0.31 1 1.06215 0.143761
0.32 1 1.03106 0.143761
0.33 1 1.00083 0.143761
0.34 1 0.97201 0.143761
0.35 1 0.945126 0.143761
0.36 1 0.920642 0.143761
0.37 1 0.898968 0.143761
0.38 1 0.88045 0.143761
0.39 1 0.865367 0.143761
0.4 1 0.853927 0.143761
0.41 1 0.846261 0.143761
0.42 1 0.842422 0.143761
0.43 1 0.842387 0.143761
0.44 1 0.846056 0.143761
0.45 1 0.853251 0.143761
0.46 1 0.863724 0.143761
0.47 1 0.877161 0.143761
0.48 1 0.893184 0.143761
0.49 1 0.911363 0.143761
0.5 1 0.931221 0.143761
0.51 1 0.952245 0.143761
0.52 1 0.973897 0.143761
0.53 1 0.995625 0.143761
0.54 1 1.01687 0.143761
0.55 1 1.0371 0.143761
0.56 1 1.05578 0.143761
0.57 1 1.07243 0.143761
0.58 1 1.08661 0.143761
0.59 1 1.09795 0.143761
0.6 1 1.10614 0.143761
0.61 1 1.11096 0.143761
0.62 1 1.11227 0.143761
0.63 1 1.11004 0.143761
0.64 1 1.10434 0.143761
0.65 1 1.09534 0.143761
0.66 1 1.08331 0.143761
0.67 1 1.06865 0.143761
0.68 1 1.05181 0.143761
0.69 1 1.03338 0.143761
0.7 1 1.01399 0.143761
0.71 1 0.994328 0.143761
0.72 1 0.97514 0.143761
0.73 1 0.957176 0.143761
0.74 1 0.941179 0.143761
0.75 1 0.927855 0.143761
0.76 1 0.917838 0.143761
0.77 1 0.911664 0.143761
0.78 1 0.909734 0.143761
0.79 1 0.912282 0.143761
0.8 1 0.919347 0.143761
0.81 1 0.930744 0.143761
0.82 1 0.946043 0.143761
0.83 1 0.964557 0.143761
0.84 1 0.98534 0.143761
0.85 1 1.00719 0.143761
0.86 1 1.0287 0.143761
0.87 1 1.04826 0.143761
0.88 1 1.0642 0.143761
0.89 1 1.07483 0.143761
0.9 1 1.07862 0.143761
0.91 1 1.07439 0.143761
0.92 1 1.06152 0.143761
0.93 1 1.04028 0.143761
0.94 1 1.01216 0.143761
0.95 1 0.980342 0.143761
0.96 1 0.950227 0.143761
0.97 1 0.930056 0.143761
0.98 1 0.931667 0.143761
0.99 1 0.971374 0.143761
