-1 -1 -1.01999 0.0400197
-0.99 -1 -1.01416 0.0400197
-0.98 -1 -0.983073 0.0400197
-0.97 -1 -1.01976 0.0400197
-0.96 -1 -0.998907 0.0400197
-0.95 -1 -0.979263 0.0400197
-0.94 -1 -1.00275 0.0400197
-0.93 -1 -1.02148 0.0400197
-0.92 -1 -1.0061 0.0400197
-0.91 -1 -0.982068 0.0400197
-0.9 -1 -0.981188 0.0400197
-0.89 -1 -1.00248 0.0400197
-0.88 -1 -1.02104 0.0400197
-0.87 -1 -1.01833 0.0400197
-0.86 -1 -0.99831 0.0400197
-0.85 -1 -0.979761 0.0400197
-0.84 -1 -0.978102 0.0400197
-0.83 -1 -0.993795 0.0400197
-0.82 -1 -1.01424 0.0400197
-0.81 -1 -1.02458 0.0400197
-0.8 -1 -1.01812 0.0400197
-0.79 -1 -0.99968 0.0400197
-0.78 -1 -0.981277 0.0400197
-0.77 -1 -0.974077 0.0400197
-0.76 -1 -0.982004 0.0400197
-0.75 -1 -1.00022 0.0400197
-0.74 -1 -1.01856 0.0400197
-0.73 -1 -1.02728 0.0400197
-0.72 -1 -1.02207 0.0400197
-0.71 -1 -1.00573 0.0400197
-0.7 -1 -0.986322 0.0400197
-0.69 -1 -0.973075 0.0400197
-0.68 -1 -0.972045 0.0400197
-0.67 -1 -0.983616 0.0400197
-0.66 -1 -1.00264 0.0400197
-0.65 -1 -1.02091 0.0400197
-0.64 -1 -1.03075 0.0400197
-0.63 -1 -1.02811 0.0400197
-0.62 -1 -1.01401 0.0400197
-0.61 -1 -0.994024 0.0400197
-0.6 -1 -0.975873 0.0400197
-0.59 -1 -0.966497 0.0400197
-0.58 -1 -0.96948 0.0400197
-0.57 -1 -0.983833 0.0400197
-0.56 -1 -1.00447 0.0400197
-0.55 -1 -1.0241 0.0400197
-0.54 -1 -1.03581 0.0400197
-0.53 -1 -1.03542 0.0400197
-0.52 -1 -1.02287 0.0400197
-0.51 -1 -1.00218 0.0400197
-0.5 -1 -0.980068 0.0400197
-0.49 -1 -0.963771 0.0400197
-0.48 -1 -0.958696 0.0400197
-0.47 -1 -0.966729 0.0400197
-0.46 -1 -0.985649 0.0400197
-0.45 -1 -1.00982 0.0400197
-0.44 -1 -1.03189 0.0400197
-0.43 -1 -1.04504 0.0400197
-0.42 -1 -1.04499 0.0400197
-0.41 -1 -1.03135 0.0400197
-0.4 -1 -1.0077 0.0400197
-0.39 -1 -0.980675 0.0400197
-0.38 -1 -0.958052 0.0400197
-0.37 -1 -0.946571 0.0400197
-0.36 -1 -0.949992 0.0400197
-0.35 -1 -0.96798 0.0400197
-0.34 -1 -0.996087 0.0400197
-0.33 -1 -1.02688 0.0400197
-0.32 -1 -1.05187 0.0400197
-0.31 -1 -1.06383 0.0400197
-0.3 -1 -1.05875 0.0400197
-0.29 -1 -1.03706 0.0400197
-0.28 -1 -1.00371 0.0400197
-0.27 -1 -0.967027 0.0400197
-0.26 -1 -0.936706 0.0400197
-0.25 -1 -0.921323 0.0400197
-0.24 -1 -0.926054 0.0400197
-0.23 -1 -0.95114 0.0400197
-0.22 -1 -0.991521 0.0400197
-0.21 -1 -1.03779 0.0400197
-0.2 -1 -1.07828 0.0400197
-0.19 -1 -1.10182 0.0400197
-0.18 -1 -1.10063 0.0400197
-0.17 -1 -1.07246 0.0400197
-0.16 -1 -1.02171 0.0400197
-0.15 -1 -0.958921 0.0400197
-0.14 -1 -0.898865 0.0400197
-0.13 -1 -0.857428 0.0400197
-0.12 -1 -0.847955 0.0400197
-0.11 -1 -0.877807 0.0400197
-0.1 -1 -0.945875 0.0400197
-0.09 -1 -1.04165 0.0400197
-0.08 -1 -1.14615 0.0400197
-0.07 -1 -1.23461 0.0400197
-0.06 -1 -1.28052 0.0400197
-0.05 -1 -1.26035 0.0400197
-0.04 -1 -1.15797 0.0400197
-0.03 -1 -0.968027 0.0400197
-0.02 -1 -0.697547 0.0400197
-0.01 -1 -0.365456 0.0400197
7.5287e-16 1 2.81392e-14 0.0400197
0.01 1 0.365456 0.0400197
0.02 1 0.697547 0.0400197
0.03 1 0.968027 0.0400197
0.04 1 1.15797 0.0400197
0.05 1 1.26035 0.0400197
0.06 1 1.28052 0.0400197
0.07 1 1.23461 0.0400197
0.08 1 1.14615 0.0400197
0.09 1 1.04165 0.0400197
0.1 1 0.945875 0.0400197
0.11 1 0.877807 0.0400197
0.12 1 0.847955 0.0400197
0.13 1 0.857428 0.0400197
0.14 1 0.898865 0.0400197
0.15 1 0.958921 0.0400197
0.16 1 1.02171 0.0400197
0.17 1 1.07246 0.0400197
0.18 1 1.10063 0.0400197
0.19 1 1.10182 0.0400197
0.2 1 1.07828 0.0400197
0.21 1 1.03779 0.0400197
0.22 1 0.991521 0.0400197
0.23 1 0.95114 0.0400197
0.24 1 0.926054 0.0400197
0.25 1 0.921323 0.0400197
0.26 1 0.936706 0.0400197
0.27 1 0.967027 0.0400197
0.28 1 1.00371 0.0400197
0.29 1 1.03706 0.0400197
0.3 1 1.05875 0.0400197
0.31 1 1.06383 0.0400197
0.32 1 1.05187 0.0400197
0.33 1 1.02688 0.0400197
0.34 1 0.996087 0.0400197
0.35 1 0.96798 0.0400197
0.36 1 0.949992 0.0400197
0.37 1 0.946571 0.0400197
0.38 1 0.958052 0.0400197
0.39 1 0.980675 0.0400197
0.4 1 1.0077 0.0400197
0.41 1 1.03135 0.0400197
0.42 1 1.04499 0.0400197
0.43 1 1.04504 0.0400197
0.44 1 1.03189 0.0400197
0.45 1 1.00982 0.0400197
0.46 1 0.985649 0.0400197
0.47 1 0.966729 0.0400197
0.48 1 0.958696 0.0400197
0.49 1 0.963771 0.0400197
0.5 1 0.980068 0.0400197
0.51 1 1.00218 0.0400197
0.52 1 1.02287 0.0400197
0.53 1 1.03542 0.0400197
0.54 1 1.03581 0.0400197
0.55 1 1.0241 0.0400197
0.56 1 1.00447 0.0400197
0.57 1 0.983833 0.0400197
0.58 1 0.96948 0.0400197
0.59 1 0.966497 0.0400197
0.6 1 0.975873 0.0400197
0.61 1 0.994024 0.0400197
0.62 1 1.01401 0.0400197
0.63 1 1.02811 0.0400197
0.64 1 1.03075 0.0400197
0.65 1 1.02091 0.0400197
0.66 1 1.00264 0.0400197
0.67 1 0.983616 0.0400197
0.68 1 0.972045 0.0400197
0.69 1 0.973075 0.0400197
0.7 1 0.986322 0.0400197
0.71 1 1.00573 0.0400197
0.72 1 1.02207 0.0400197
0.73 1 1.02728 0.0400197
0.74 1 1.01856 0.0400197
0.75 1 1.00022 0.0400197
0.76 1 0.982004 0.0400197
0.77 1 0.974077 0.0400197
0.78 1 0.981277 0.0400197
0.79 1 0.99968 0.0400197
0.8 1 1.01812 0.0400197
0.81 1 1.02458 0.0400197
0.82 1 1.01424 0.0400197
0.83 1 0.993795 0.0400197
0.84 1 0.978102 0.0400197
0.85 1 0.979761 0.0400197
0.86 1 0.99831 0.0400197
0.87 1 1.01833 0.0400197
0.88 1 1.02104 0.0400197
0.89 1 1.00248 0.0400197
0.9 1 0.981188 0.0400197
0.91 1 0.982068 0.0400197
0.92 1 1.0061 0.0400197
0.93 1 1.02148 0.0400197
0.94 1 1.00275 0.0400197
0.95 1 0.979263 0.0400197
0.96 1 0.998907 0.0400197
0.97 1 1.01976 0.0400197
0.98 1 0.983073 0.0400197
0.99 1 1.01416 0.0400197
