-1 -1 -0.971827 0.0540541
-0.99 -1 -0.985741 0.0540541
-0.98 -1 -0.987704 0.0540541
-0.97 -1 -1.02743 0.0540541
-0.96 -1 -1.01397 0.0540541
-0.95 -1 -0.979652 0.0540541
-0.94 -1 -0.971437 0.0540541
-0.93 -1 -0.993637 0.0540541
-0.92 -1 -1.02124 0.0540541
-0.91 -1 -1.0309 0.0540541
-0.9 -1 -1.01751 0.0540541
-0.89 -1 -0.992471 0.0540541
-0.88 -1 -0.97234 0.0540541
-0.87 -1 -0.968261 0.0540541
-0.86 -1 -0.981222 0.0540541
-0.85 -1 -1.00359 0.0540541
-0.84 -1 -1.02424 0.0540541
-0.83 -1 -1.03406 0.0540541
-0.82 -1 -1.02944 0.0540541
-0.81 -1 -1.0129 0.0540541
-0.8 -1 -0.991282 0.0540541
-0.79 -1 -0.972741 0.0540541
-0.78 -1 -0.963716 0.0540541
-0.77 -1 -0.96698 0.0540541
-0.76 -1 -0.98113 0.0540541
-0.75 -1 -1.00143 0.0540541
-0.74 -1 -1.02156 0.0540541
-0.73 -1 -1.03556 0.0540541
-0.72 -1 -1.03952 0.0540541
-0.71 -1 -1.0325 0.0540541
-0.7 -1 -1.01652 0.0540541
-0.69 -1 -0.995882 0.0540541
-0.68 -1 -0.975917 0.0540541
-0.67 -1 -0.961618 0.0540541
-0.66 -1 -0.956455 0.0540541
-0.65 -1 -0.961638 0.0540541
-0.64 -1 -0.975949 0.0540541
-0.63 -1 -0.996126 0.0540541
-0.62 -1 -1.01767 0.0540541
-0.61 -1 -1.03585 0.0540541
-0.6 -1 -1.04674 0.0540541
-0.59 -1 -1.04797 0.0540541
-0.58 -1 -1.03921 0.0540541
-0.57 -1 -1.02213 0.0540541
-0.56 -1 -1.00006 0.0540541
-0.55 -1 -0.977293 0.0540541
-0.54 -1 -0.95825 0.0540541
-0.53 -1 -0.946644 0.0540541
-0.52 -1 -0.944804 0.0540541
-0.51 -1 -0.953269 0.0540541
-0.5 -1 -0.970704 0.0540541
-0.49 -1 -0.994155 0.0540541
-0.48 -1 -1.01957 0.0540541
-0.47 -1 -1.0425 0.0540541
-0.46 -1 -1.05886 0.0540541
-0.45 -1 -1.06564 0.0540541
-0.44 -1 -1.06137 0.0540541
-0.43 -1 -1.04641 0.0540541
-0.42 -1 -1.02289 0.0540541
-0.41 -1 -0.994402 0.0540541
-0.4 -1 -0.965427 0.0540541
-0.39 -1 -0.940664 0.0540541
-0.38 -1 -0.924285 0.0540541
-0.37 -1 -0.919282 0.0540541
-0.36 -1 -0.926982 0.0540541
-0.35 -1 -0.946797 0.0540541
-0.34 -1 -0.976257 0.0540541
-0.33 -1 -1.01132 0.0540541
-0.32 -1 -1.04691 0.0540541
-0.31 -1 -1.07761 0.0540541
-0.3 -1 -1.09848 0.0540541
-0.29 -1 -1.10573 0.0540541
-0.28 -1 -1.09732 0.0540541
-0.27 -1 -1.0734 0.0540541
-0.26 -1 -1.03633 0.0540541
-0.25 -1 -0.990511 0.0540541
-0.24 -1 -0.941929 0.0540541
-0.23 -1 -0.897408 0.0540541
-0.22 -1 -0.863779 0.0540541
-0.21 -1 -0.846967 0.0540541
-0.2 -1 -0.85115 0.0540541
-0.19 -1 -0.878074 0.0540541
-0.18 -1 -0.926621 0.0540541
-0.17 -1 -0.992681 0.0540541
-0.16 -1 -1.06936 0.0540541
-0.15 -1 -1.14749 0.0540541
-0.14 -1 -1.21646 0.0540541
-0.13 -1 -1.26518 0.0540541
-0.12 -1 -1.28318 0.0540541
-0.11 -1 -1.26168 0.0540541
-0.1 -1 -1.19455 0.0540541
-0.09 -1 -1.07898 0.0540541
-0.08 -1 -0.915923 0.0540541
-0.07 -1 -0.71014 0.0540541
-0.06 -1 -0.469884 0.0540541
-0.05 -1 -0.20627 0.0540541
-0.04 -1 0.0676451 0.0540541
-0.03 -1 0.33796 0.0540541
-0.02 -1 0.591109 0.0540541
-0.01 -1 0.814997 0.0540541
7.5287e-16 1 1 0.0540541
0.01 1 1.13971 0.0540541
0.02 1 1.23139 0.0540541
0.03 1 1.27604 0.0540541
0.04 1 1.27819 0.0540541
0.05 1 1.24526 0.0540541
0.06 1 1.18678 0.0540541
0.07 1 1.11341 0.0540541
0.08 1 1.03584 0.0540541
0.09 1 0.963829 0.0540541
0.1 1 0.905317 0.0540541
0.11 1 0.865818 0.0540541
0.12 1 0.848059 0.0540541
0.13 1 0.851947 0.0540541
0.14 1 0.874827 0.0540541
0.15 1 0.912004 0.0540541
0.16 1 0.957446 0.0540541
0.17 1 1.00461 0.0540541
0.18 1 1.04724 0.0540541
0.19 1 1.08013 0.0540541
0.2 1 1.09969 0.0540541
0.21 1 1.10428 0.0540541
0.22 1 1.09432 0.0540541
0.23 1 1.07208 0.0540541
0.24 1 1.04136 0.0540541
0.25 1 1.00684 0.0540541
0.26 1 0.97349 0.0540541
0.27 1 0.945847 0.0540541
0.28 1 0.927462 0.0540541
0.29 1 0.920442 0.0540541
0.3 1 0.925224 0.0540541
0.31 1 0.94057 0.0540541
0.32 1 0.963798 0.0540541
0.33 1 0.991199 0.0540541
0.34 1 1.01859 0.0540541
0.35 1 1.04194 0.0540541
0.36 1 1.05793 0.0540541
0.37 1 1.06443 0.0540541
0.38 1 1.06078 0.0540541
0.39 1 1.04789 0.0540541
0.4 1 1.02805 0.0540541
0.41 1 1.00456 0.0540541
0.42 1 0.981247 0.0540541
0.43 1 0.961809 0.0540541
0.44 1 0.949279 0.0540541
0.45 1 0.945526 0.0540541
0.46 1 0.950957 0.0540541
0.47 1 0.964458 0.0540541
0.48 1 0.983575 0.0540541
0.49 1 1.00492 0.0540541
0.5 1 1.02476 0.0540541
0.51 1 1.03962 0.0540541
0.52 1 1.04694 0.0540541
0.53 1 1.04552 0.0540541
0.54 1 1.03572 0.0540541
0.55 1 1.01948 0.0540541
0.56 1 0.99995 0.0540541
0.57 1 0.980916 0.0540541
0.58 1 0.9661 0.0540541
0.59 1 0.958422 0.0540541
0.6 1 0.959396 0.0540541
0.61 1 0.968783 0.0540541
0.62 1 0.984582 0.0540541
0.63 1 1.00339 0.0540541
0.64 1 1.02108 0.0540541
0.65 1 1.03368 0.0540541
0.66 1 1.03831 0.0540541
0.67 1 1.03383 0.0540541
0.68 1 1.02127 0.0540541
0.69 1 1.00364 0.0540541
0.7 1 0.98536 0.0540541
0.71 1 0.97115 0.0540541
0.72 1 0.964859 0.0540541
0.73 1 0.968336 0.0540541
0.74 1 0.980775 0.0540541
0.75 1 0.998721 0.0540541
0.76 1 1.01688 0.0540541
0.77 1 1.02958 0.0540541
0.78 1 1.03255 0.0540541
0.79 1 1.02449 0.0540541
0.8 1 1.00784 0.0540541
0.81 1 0.988385 0.0540541
0.82 1 0.973452 0.0540541
0.83 1 0.969249 0.0540541
0.84 1 0.97809 0.0540541
0.85 1 0.996754 0.0540541
0.86 1 1.01702 0.0540541
0.87 1 1.02879 0.0540541
0.88 1 1.02512 0.0540541
0.89 1 1.00684 0.0540541
0.9 1 0.984061 0.0540541
0.91 1 0.971854 0.0540541
0.92 1 0.980626 0.0540541
0.93 1 1.00581 0.0540541
0.94 1 1.0261 0.0540541
0.95 1 1.01861 0.0540541
0.96 1 0.987212 0.0540541
0.97 1 0.97487 0.0540541
0.98 1 1.01128 0.0540541
0.99 1 1.01309 0.0540541
