-1 -1 -0.937795 0.125605
-0.99 -1 -1.04017 0.125605
-0.98 -1 -1.06332 0.125605
-0.97 -1 -1.04523 0.125605
-0.96 -1 -1.01106 0.125605
-0.95 -1 -0.976432 0.125605
-0.94 -1 -0.949985 0.125605
-0.93 -1 -0.935472 0.125605
-0.92 -1 -0.933363 0.125605
-0.91 -1 -0.942086 0.125605
-0.9 -1 -0.958948 0.125605
-0.89 -1 -0.980814 0.125605
-0.88 -1 -1.00458 0.125605
-0.87 -1 -1.02747 0.125605
-0.86 -1 -1.04724 0.125605
-0.85 -1 -1.06226 0.125605
-0.84 -1 -1.07151 0.125605
-0.83 -1 -1.07457 0.125605
-0.82 -1 -1.07156 0.125605
-0.81 -1 -1.06302 0.125605
-0.8 -1 -1.04981 0.125605
-0.79 -1 -1.03306 0.125605
-0.78 -1 -1.014 0.125605
-0.77 -1 -0.993927 0.125605
-0.76 -1 -0.974101 0.125605
-0.75 -1 -0.95568 0.125605
-0.74 -1 -0.939676 0.125605
-0.73 -1 -0.926913 0.125605
-0.72 -1 -0.918003 0.125605
-0.71 -1 -0.913336 0.125605
-0.7 -1 -0.913076 0.125605
-0.69 -1 -0.917174 0.125605
-0.68 -1 -0.925382 0.125605
-0.67 -1 -0.937277 0.125605
-0.66 -1 -0.952289 0.125605
-0.65 -1 -0.969737 0.125605
-0.64 -1 -0.988854 0.125605
-0.63 -1 -1.00883 0.125605
-0.62 -1 -1.02883 0.125605
-0.61 -1 -1.04806 0.125605
-0.6 -1 -1.06573 0.125605
-0.59 -1 -1.08118 0.125605
-0.58 -1 -1.09378 0.125605
-0.57 -1 -1.10305 0.125605
-0.56 -1 -1.10862 0.125605
-0.55 -1 -1.11027 0.125605
-0.54 -1 -1.10788 0.125605
-0.53 -1 -1.10149 0.125605
-0.52 -1 -1.09128 0.125605
-0.51 -1 -1.07754 0.125605
-0.5 -1 -1.06066 0.125605
-0.49 -1 -1.04117 0.125605
-0.48 -1 -1.01965 0.125605
-0.47 -1 -0.996744 0.125605
-0.46 -1 -0.973164 0.125605
-0.45 -1 -0.949635 0.125605
-0.44 -1 -0.926889 0.125605
-0.43 -1 -0.905646 0.125605
-0.42 -1 -0.886591 0.125605
-0.41 -1 -0.87036 0.125605
-0.4 -1 -0.857519 0.125605
-0.39 -1 -0.848553 0.125605
-0.38 -1 -0.84385 0.125605
-0.37 -1 -0.843691 0.125605
-0.36 -1 -0.848246 0.125605
-0.35 -1 -0.857562 0.125605
-0.34 -1 -0.871565 0.125605
-0.33 -1 -0.89006 0.125605
-0.32 -1 -0.912731 0.125605
-0.31 -1 -0.939144 0.125605
-0.3 -1 -0.968762 0.125605
-0.29 -1 -1.00095 0.125605
-0.28 -1 -1.03497 0.125605
-0.27 -1 -1.07004 0.125605
-0.26 -1 -1.10529 0.125605
-0.25 -1 -1.13982 0.125605
-0.24 -1 -1.1727 0.125605
-0.23 -1 -1.20299 0.125605
-0.22 -1 -1.22975 0.125605
-0.21 -1 -1.25209 0.125605
-0.2 -1 -1.26912 0.125605
-0.19 -1 -1.28003 0.125605
-0.18 -1 -1.28409 0.125605
-0.17 -1 -1.28064 0.125605
-0.16 -1 -1.26912 0.125605
-0.15 -1 -1.24908 0.125605
-0.14 -1 -1.22019 0.125605
-0.13 -1 -1.18224 0.125605
-0.12 -1 -1.13516 0.125605
-0.11 -1 -1.07899 0.125605
-0.1 -1 -1.01393 0.125605
-0.09 -1 -0.940292 0.125605
-0.08 -1 -0.858516 0.125605
-0.07 -1 -0.769168 0.125605
-0.06 -1 -0.672924 0.125605
-0.05 -1 -0.570564 0.125605
-0.04 -1 -0.462961 0.125605
-0.03 -1 -0.351064 0.125605
-0.02 -1 -0.23589 0.125605
-0.01 -1 -0.118502 0.125605
7.5287e-16 1 8.16926e-15 0.125605
0.01 1 0.118502 0.125605
0.02 1 0.23589 0.125605
0.03 1 0.351064 0.125605
0.04 1 0.462961 0.125605
0.05 1 0.570564 0.125605
0.06 1 0.672924 0.125605
0.07 1 0.769168 0.125605
0.08 1 0.858516 0.125605
0.09 1 0.940292 0.125605
0.1 1 1.01393 0.125605
0.11 1 1.07899 0.125605
0.12 1 1.13516 0.125605
0.13 1 1.18224 0.125605
0.14 1 1.22019 0.125605
0.15 1 1.24908 0.125605
0.16 1 1.26912 0.125605
0.17 1 1.28064 0.125605
0.18 1 1.28409 0.125605
0.19 1 1.28003 0.125605
0.2 1 1.26912 0.125605
0.21 1 1.25209 0.125605
0.22 1 1.22975 0.125605
0.23 1 1.20299 0.125605
0.24 1 1.1727 0.125605
0.25 1 1.13982 0.125605
0.26 1 1.10529 0.125605
0.27 1 1.07004 0.125605
0.28 1 1.03497 0.125605
0.29 1 1.00095 0.125605
0.3 1 0.968762 0.125605
0.31 1 0.939144 0.125605
0.32 1 0.912731 0.125605
0.33 1 0.89006 0.125605
0.34 1 0.871565 0.125605
0.35 1 0.857562 0.125605
0.36 1 0.848246 0.125605
0.37 1 0.843691 0.125605
0.38 1 0.84385 0.125605
0.39 1 0.848553 0.125605
0.4 1 0.857519 0.125605
0.41 1 0.87036 0.125605
0.42 1 0.886591 0.125605
0.43 1 0.905646 0.125605
0.44 1 0.926889 0.125605
0.45 1 0.949635 0.125605
0.46 1 0.973164 0.125605
0.47 1 0.996744 0.125605
0.48 1 1.01965 0.125605
0.49 1 1.04117 0.125605
0.5 1 1.06066 0.125605
0.51 1 1.07754 0.125605
0.52 1 1.09128 0.125605
0.53 1 1.10149 0.125605
0.54 1 1.10788 0.125605
0.55 1 1.11027 0.125605
0.56 1 1.10862 0.125605
0.57 1 1.10305 0.125605
0.58 1 1.09378 0.125605
0.59 1 1.08118 0.125605
0.6 1 1.06573 0.125605
0.61 1 1.04806 0.125605
0.62 1 1.02883 0.125605
0.63 1 1.00883 0.125605
0.64 1 0.988854 0.125605
0.65 1 0.969737 0.125605
0.66 1 0.952289 0.125605
0.67 1 0.937277 0.125605
0.68 1 0.925382 0.125605
0.69 1 0.917174 0.125605
0.7 1 0.913076 0.125605
0.71 1 0.913336 0.125605
0.72 1 0.918003 0.125605
0.73 1 0.926913 0.125605
0.74 1 0.939676 0.125605
0.75 1 0.95568 0.125605
0.76 1 0.974101 0.125605
0.77 1 0.993927 0.125605
0.78 1 1.014 0.125605
0.79 1 1.03306 0.125605
0.8 1 1.04981 0.125605
0.81 1 1.06302 0.125605
0.82 1 1.07156 0.125605
0.83 1 1.07457 0.125605
0.84 1 1.07151 0.125605
0.85 1 1.06226 0.125605
0.86 1 1.04724 0.125605
0.87 1 1.02747 0.125605
0.88 1 1.00458 0.125605
0.89 1 0.980814 0.125605
0.9 1 0.958948 0.125605
0.91 1 0.942086 0.125605
0.92 1 0.933363 0.125605
0.93 1 0.935472 0.125605
0.94 1 0.949985 0.125605
0.95 1 0.976432 0.125605
0.96 1 1.01106 0.125605
0.97 1 1.04523 0.125605
0.98 1 1.06332 0.125605
0.99 1 1.04017 0.125605
