-1 -1 -1.09882 0.202493
-0.99 -1 -1.01544 0.202493
-0.98 -1 -0.957767 0.202493
-0.97 -1 -0.921271 0.202493
-0.96 -1 -0.901951 0.202493
-0.95 -1 -0.896281 0.202493
-0.94 -1 -0.901174 0.202493
-0.93 -1 -0.913947 0.202493
-0.92 -1 -0.932288 0.202493
-0.91 -1 -0.954219 0.202493
-0.9 -1 -0.978069 0.202493
-0.89 -1 -1.00244 0.202493
-0.88 -1 -1.0262 0.202493
-0.87 -1 -1.04841 0.202493
-0.86 -1 -1.06837 0.202493
-0.85 -1 -1.08554 0.202493
-0.84 -1 -1.09953 0.202493
-0.83 -1 -1.1101 0.202493
-0.82 -1 -1.11715 0.202493
-0.81 -1 -1.12064 0.202493
-0.8 -1 -1.12067 0.202493
-0.79 -1 -1.11737 0.202493
-0.78 -1 -1.11098 0.202493
-0.77 -1 -1.10175 0.202493
-0.76 -1 -1.08999 0.202493
-0.75 -1 -1.07603 0.202493
-0.74 -1 -1.06024 0.202493
-0.73 -1 -1.04298 0.202493
-0.72 -1 -1.02464 0.202493
-0.71 -1 -1.00559 0.202493
-0.7 -1 -0.986202 0.202493
-0.69 -1 -0.966834 0.202493
-0.68 -1 -0.947832 0.202493
-0.67 -1 -0.929522 0.202493
-0.66 -1 -0.912206 0.202493
-0.65 -1 -0.896162 0.202493
-0.64 -1 -0.88164 0.202493
-0.63 -1 -0.868863 0.202493
-0.62 -1 -0.858021 0.202493
-0.61 -1 -0.849276 0.202493
-0.6 -1 -0.842757 0.202493
-0.59 -1 -0.838561 0.202493
-0.58 -1 -0.836754 0.202493
-0.57 -1 -0.837372 0.202493
-0.56 -1 -0.84042 0.202493
-0.55 -1 -0.845873 0.202493
-0.54 -1 -0.85368 0.202493
-0.53 -1 -0.86376 0.202493
-0.52 -1 -0.876009 0.202493
-0.51 -1 -0.890299 0.202493
-0.5 -1 -0.906479 0.202493
-0.49 -1 -0.924378 0.202493
-0.48 -1 -0.943809 0.202493
-0.47 -1 -0.964564 0.202493
-0.46 -1 -0.986426 0.202493
-0.45 -1 -1.00916 0.202493
-0.44 -1 -1.03253 0.202493
-0.43 -1 -1.05628 0.202493
-0.42 -1 -1.08016 0.202493
-0.41 -1 -1.1039 0.202493
-0.4 -1 -1.12725 0.202493
-0.39 -1 -1.14995 0.202493
-0.38 -1 -1.17172 0.202493
-0.37 -1 -1.19232 0.202493
-0.36 -1 -1.2115 0.202493
-0.35 -1 -1.229 0.202493
-0.34 -1 -1.2446 0.202493
-0.33 -1 -1.25808 0.202493
-0.32 -1 -1.2692 0.202493
-0.31 -1 -1.27779 0.202493
-0.3 -1 -1.28365 0.202493
-0.29 -1 -1.28661 0.202493
-0.28 -1 -1.28651 0.202493
-0.27 -1 -1.28322 0.202493
-0.26 -1 -1.27661 0.202493
-0.25 -1 -1.2666 0.202493
-0.24 -1 -1.25309 0.202493
-0.23 -1 -1.23602 0.202493
-0.22 -1 -1.21535 0.202493
-0.21 -1 -1.19105 0.202493
-0.2 -1 -1.16313 0.202493
-0.19 -1 -1.1316 0.202493
-0.18 -1 -1.0965 0.202493
-0.17 -1 -1.05788 0.202493
-0.16 -1 -1.01581 0.202493
-0.15 -1 -0.970403 0.202493
-0.14 -1 -0.921758 0.202493
-0.13 -1 -0.870008 0.202493
-0.12 -1 -0.8153 0.202493
-0.11 -1 -0.757795 0.202493
-0.1 -1 -0.697671 0.202493
-0.09 -1 -0.63512 0.202493
-0.08 -1 -0.570346 0.202493
-0.07 -1 -0.503566 0.202493
-0.06 -1 -0.435005 0.202493
-0.05 -1 -0.364901 0.202493
-0.04 -1 -0.293498 0.202493
-0.03 -1 -0.221047 0.202493
-0.02 -1 -0.147806 0.202493
-0.01 -1 -0.0740358 0.202493
7.5287e-16 1 4.58035e-15 0.202493
0.01 1 0.0740358 0.202493
0.02 1 0.147806 0.202493
0.03 1 0.221047 0.202493
0.04 1 0.293498 0.202493
0.05 1 0.364901 0.202493
0.06 1 0.435005 0.202493
0.07 1 0.503566 0.202493
0.08 1 0.570346 0.202493
0.09 1 0.63512 0.202493
0.1 1 0.697671 0.202493
0.11 1 0.757795 0.202493
0.12 1 0.8153 0.202493
0.13 1 0.870008 0.202493
0.14 1 0.921758 0.202493
0.15 1 0.970403 0.202493
0.16 1 1.01581 0.202493
0.17 1 1.05788 0.202493
0.18 1 1.0965 0.202493
0.19 1 1.1316 0.202493
0.2 1 1.16313 0.202493
0.21 1 1.19105 0.202493
0.22 1 1.21535 0.202493
0.23 1 1.23602 0.202493
0.24 1 1.25309 0.202493
0.25 1 1.2666 0.202493
0.26 1 1.27661 0.202493
0.27 1 1.28322 0.202493
0.28 1 1.28651 0.202493
0.29 1 1.28661 0.202493
0.3 1 1.28365 0.202493
0.31 1 1.27779 0.202493
0.32 1 1.2692 0.202493
0.33 1 1.25808 0.202493
0.34 1 1.2446 0.202493
0.35 1 1.229 0.202493
0.36 1 1.2115 0.202493
0.37 1 1.19232 0.202493
0.38 1 1.17172 0.202493
0.39 1 1.14995 0.202493
0.4 1 1.12725 0.202493
0.41 1 1.1039 0.202493
0.42 1 1.08016 0.202493
0.43 1 1.05628 0.202493
0.44 1 1.03253 0.202493
0.45 1 1.00916 0.202493
0.46 1 0.986426 0.202493
0.47 1 0.964564 0.202493
0.48 1 0.943809 0.202493
0.49 1 0.924378 0.202493
0.5 1 0.906479 0.202493
0.51 1 0.890299 0.202493
0.52 1 0.876009 0.202493
0.53 1 0.86376 0.202493
0.54 1 0.85368 0.202493
0.55 1 0.845873 0.202493
0.56 1 0.84042 0.202493
0.57 1 0.837372 0.202493
0.58 1 0.836754 0.202493
0.59 1 0.838561 0.202493
0.6 1 0.842757 0.202493
0.61 1 0.849276 0.202493
0.62 1 0.858021 0.202493
0.63 1 0.868863 0.202493
0.64 1 0.88164 0.202493
0.65 1 0.896162 0.202493
0.66 1 0.912206 0.202493
0.67 1 0.929522 0.202493
0.68 1 0.947832 0.202493
0.69 1 0.966834 0.202493
0.7 1 0.986202 0.202493
0.71 1 1.00559 0.202493
0.72 1 1.02464 0.202493
0.73 1 1.04298 0.202493
0.74 1 1.06024 0.202493
0.75 1 1.07603 0.202493
0.76 1 1.08999 0.202493
0.77 1 1.10175 0.202493
0.78 1 1.11098 0.202493
0.79 1 1.11737 0.202493
0.8 1 1.12067 0.202493
0.81 1 1.12064 0.202493
0.82 1 1.11715 0.202493
0.83 1 1.1101 0.202493
0.84 1 1.09953 0.202493
0.85 1 1.08554 0.202493
0.86 1 1.06837 0.202493
0.87 1 1.04841 0.202493
0.88 1 1.0262 0.202493
0.89 1 1.00244 0.202493
0.9 1 0.978069 0.202493
0.91 1 0.954219 0.202493
0.92 1 0.932288 0.202493
0.93 1 0.913947 0.202493
0.94 1 0.901174 0.202493
0.95 1 0.896281 0.202493
0.96 1 0.901951 0.202493
0.97 1 0.921271 0.202493
0.98 1 0.957767 0.202493
0.99 1 1.01544 0.202493
