-1 -1 -0.963653 0.0689655
-0.99 -1 -1.02098 0.0689655
-0.98 -1 -0.966957 0.0689655
-0.97 -1 -0.9749 0.0689655
-0.96 -1 -1.01393 0.0689655
-0.95 -1 -1.03747 0.0689655
-0.94 -1 -1.03036 0.0689655
-0.93 -1 -1.00315 0.0689655
-0.92 -1 -0.97495 0.0689655
-0.91 -1 -0.960427 0.0689655
-0.9 -1 -0.964623 0.0689655
-0.89 -1 -0.983729 0.0689655
-0.88 -1 -1.00891 0.0689655
-0.87 -1 -1.03063 0.0689655
-0.86 -1 -1.04194 0.0689655
-0.85 -1 -1.04004 0.0689655
-0.84 -1 -1.02633 0.0689655
-0.83 -1 -1.00529 0.0689655
-0.82 -1 -0.98282 0.0689655
-0.81 -1 -0.964606 0.0689655
-0.8 -1 -0.954804 0.0689655
-0.79 -1 -0.955322 0.0689655
-0.78 -1 -0.965686 0.0689655
-0.77 -1 -0.983406 0.0689655
-0.76 -1 -1.00469 0.0689655
-0.75 -1 -1.02529 0.0689655
-0.74 -1 -1.04134 0.0689655
-0.73 -1 -1.04999 0.0689655
-0.72 -1 -1.04985 0.0689655
-0.71 -1 -1.04106 0.0689655
-0.7 -1 -1.02521 0.0689655
-0.69 -1 -1.00495 0.0689655
-0.68 -1 -0.983516 0.0689655
-0.67 -1 -0.964226 0.0689655
-0.66 -1 -0.949978 0.0689655
-0.65 -1 -0.942856 0.0689655
-0.64 -1 -0.943879 0.0689655
-0.63 -1 -0.952911 0.0689655
-0.62 -1 -0.968728 0.0689655
-0.61 -1 -0.989221 0.0689655
-0.6 -1 -1.0117 0.0689655
-0.59 -1 -1.03326 0.0689655
-0.58 -1 -1.05112 0.0689655
-0.57 -1 -1.06302 0.0689655
-0.56 -1 -1.06739 0.0689655
-0.55 -1 -1.06361 0.0689655
-0.54 -1 -1.052 0.0689655
-0.53 -1 -1.03379 0.0689655
-0.52 -1 -1.01098 0.0689655
-0.51 -1 -0.986074 0.0689655
-0.5 -1 -0.961849 0.0689655
-0.49 -1 -0.941019 0.0689655
-0.48 -1 -0.925961 0.0689655
-0.47 -1 -0.918464 0.0689655
-0.46 -1 -0.919551 0.0689655
-0.45 -1 -0.929364 0.0689655
-0.44 -1 -0.947153 0.0689655
-0.43 -1 -0.971342 0.0689655
-0.42 -1 -0.999673 0.0689655
-0.41 -1 -1.02942 0.0689655
-0.4 -1 -1.05765 0.0689655
-0.39 -1 -1.08149 0.0689655
-0.38 -1 -1.09839 0.0689655
-0.37 -1 -1.10637 0.0689655
-0.36 -1 -1.10426 0.0689655
-0.35 -1 -1.09173 0.0689655
-0.34 -1 -1.06944 0.0689655
-0.33 -1 -1.03896 0.0689655
-0.32 -1 -1.00268 0.0689655
-0.31 -1 -0.963623 0.0689655
-0.3 -1 -0.925234 0.0689655
-0.29 -1 -0.891077 0.0689655
-0.28 -1 -0.864561 0.0689655
-0.27 -1 -0.848646 0.0689655
-0.26 -1 -0.845582 0.0689655
-0.25 -1 -0.856687 0.0689655
-0.24 -1 -0.882187 0.0689655
-0.23 -1 -0.921138 0.0689655
-0.22 -1 -0.971412 0.0689655
-0.21 -1 -1.02978 0.0689655
-0.2 -1 -1.09208 0.0689655
-0.19 -1 -1.15342 0.0689655
-0.18 -1 -1.20846 0.0689655
-0.17 -1 -1.25174 0.0689655
-0.16 -1 -1.27802 0.0689655
-0.15 -1 -1.28258 0.0689655
-0.14 -1 -1.26155 0.0689655
-0.13 -1 -1.21216 0.0689655
-0.12 -1 -1.13292 0.0689655
-0.11 -1 -1.02378 0.0689655
-0.1 -1 -0.886143 0.0689655
-0.09 -1 -0.722831 0.0689655
-0.08 -1 -0.537962 0.0689655
-0.07 -1 -0.336746 0.0689655
-0.06 -1 -0.12522 0.0689655
-0.05 -1 0.0900598 0.0689655
-0.04 -1 0.30236 0.0689655
-0.03 -1 0.505122 0.0689655
-0.02 -1 0.692293 0.0689655
-0.01 -1 0.85864 0.0689655
7.5287e-16 1 1 0.0689655
0.01 1 1.11348 0.0689655
0.02 1 1.19756 0.0689655
0.03 1 1.25215 0.0689655
0.04 1 1.27855 0.0689655
0.05 1 1.2793 0.0689655
0.06 1 1.25803 0.0689655
0.07 1 1.21918 0.0689655
0.08 1 1.16774 0.0689655
0.09 1 1.10893 0.0689655
0.1 1 1.04789 0.0689655
0.11 1 0.989392 0.0689655
0.12 1 0.937573 0.0689655
0.13 1 0.895723 0.0689655
0.14 1 0.86614 0.0689655
0.15 1 0.850046 0.0689655
0.16 1 0.847577 0.0689655
0.17 1 0.857851 0.0689655
0.18 1 0.879091 0.0689655
0.19 1 0.908807 0.0689655
0.2 1 0.944022 0.0689655
0.21 1 0.981516 0.0689655
0.22 1 1.01808 0.0689655
0.23 1 1.05077 0.0689655
0.24 1 1.0771 0.0689655
0.25 1 1.09522 0.0689655
0.26 1 1.10407 0.0689655
0.27 1 1.10337 0.0689655
0.28 1 1.09366 0.0689655
0.29 1 1.0762 0.0689655
0.3 1 1.05288 0.0689655
0.31 1 1.026 0.0689655
0.32 1 0.998069 0.0689655
0.33 1 0.971626 0.0689655
0.34 1 0.948984 0.0689655
0.35 1 0.932048 0.0689655
0.36 1 0.922158 0.0689655
0.37 1 0.919983 0.0689655
0.38 1 0.925466 0.0689655
0.39 1 0.937849 0.0689655
0.4 1 0.955745 0.0689655
0.41 1 0.977276 0.0689655
0.42 1 1.00025 0.0689655
0.43 1 1.02239 0.0689655
0.44 1 1.04151 0.0689655
0.45 1 1.05577 0.0689655
0.46 1 1.06383 0.0689655
0.47 1 1.065 0.0689655
0.48 1 1.05929 0.0689655
0.49 1 1.04744 0.0689655
0.5 1 1.03081 0.0689655
0.51 1 1.01129 0.0689655
0.52 1 0.991063 0.0689655
0.53 1 0.972385 0.0689655
0.54 1 0.95735 0.0689655
0.55 1 0.947644 0.0689655
0.56 1 0.944345 0.0689655
0.57 1 0.947788 0.0689655
0.58 1 0.957508 0.0689655
0.59 1 0.972274 0.0689655
0.6 1 0.990216 0.0689655
0.61 1 1.00904 0.0689655
0.62 1 1.0263 0.0689655
0.63 1 1.0397 0.0689655
0.64 1 1.04744 0.0689655
0.65 1 1.04843 0.0689655
0.66 1 1.0425 0.0689655
0.67 1 1.03047 0.0689655
0.68 1 1.01407 0.0689655
0.69 1 0.995765 0.0689655
0.7 1 0.978381 0.0689655
0.71 1 0.964717 0.0689655
0.72 1 0.957081 0.0689655
0.73 1 0.95687 0.0689655
0.74 1 0.964267 0.0689655
0.75 1 0.978097 0.0689655
0.76 1 0.995931 0.0689655
0.77 1 1.01442 0.0689655
0.78 1 1.02988 0.0689655
0.79 1 1.03897 0.0689655
0.8 1 1.03949 0.0689655
0.81 1 1.03098 0.0689655
0.82 1 1.01506 0.0689655
0.83 1 0.995358 0.0689655
0.84 1 0.976847 0.0689655
0.85 1 0.964739 0.0689655
0.86 1 0.963011 0.0689655
0.87 1 0.972944 0.0689655
0.88 1 0.99212 0.0689655
0.89 1 1.01441 0.0689655
0.9 1 1.03137 0.0689655
0.91 1 1.03514 0.0689655
0.92 1 1.02227 0.0689655
0.93 1 0.997193 0.0689655
0.94 1 0.972943 0.0689655
0.95 1 0.966559 0.0689655
0.96 1 0.987551 0.0689655
0.97 1 1.02245 0.0689655
0.98 1 1.02959 0.0689655
0.99 1 0.981197 0.0689655
