-1 -1 -1.02379 0.0476524
-0.99 -1 -1.02267 0.0476524
-0.98 -1 -0.987103 0.0476524
-0.97 -1 -0.984543 0.0476524
-0.96 -1 -1.01977 0.0476524
-0.95 -1 -1.01796 0.0476524
-0.94 -1 -0.988184 0.0476524
-0.93 -1 -0.97455 0.0476524
-0.92 -1 -0.990778 0.0476524
-0.91 -1 -1.01637 0.0476524
-0.9 -1 -1.02631 0.0476524
-0.89 -1 -1.01363 0.0476524
-0.88 -1 -0.990305 0.0476524
-0.87 -1 -0.974194 0.0476524
-0.86 -1 -0.975745 0.0476524
-0.85 -1 -0.992811 0.0476524
-0.84 -1 -1.0142 0.0476524
-0.83 -1 -1.02752 0.0476524
-0.82 -1 -1.02596 0.0476524
-0.81 -1 -1.01101 0.0476524
-0.8 -1 -0.990553 0.0476524
-0.79 -1 -0.974422 0.0476524
-0.78 -1 -0.969754 0.0476524
-0.77 -1 -0.978223 0.0476524
-0.76 -1 -0.99592 0.0476524
-0.75 -1 -1.01546 0.0476524
-0.74 -1 -1.02917 0.0476524
-0.73 -1 -1.03198 0.0476524
-0.72 -1 -1.02305 0.0476524
-0.71 -1 -1.00573 0.0476524
-0.7 -1 -0.986159 0.0476524
-0.69 -1 -0.97095 0.0476524
-0.68 -1 -0.965068 0.0476524
-0.67 -1 -0.97033 0.0476524
-0.66 -1 -0.985023 0.0476524
-0.65 -1 -1.00461 0.0476524
-0.64 -1 -1.02322 0.0476524
-0.63 -1 -1.03539 0.0476524
-0.62 -1 -1.03762 0.0476524
-0.61 -1 -1.02926 0.0476524
-0.6 -1 -1.01258 0.0476524
-0.59 -1 -0.992046 0.0476524
-0.58 -1 -0.973118 0.0476524
-0.57 -1 -0.960767 0.0476524
-0.56 -1 -0.95824 0.0476524
-0.55 -1 -0.966291 0.0476524
-0.54 -1 -0.983044 0.0476524
-0.53 -1 -1.0045 0.0476524
-0.52 -1 -1.02552 0.0476524
-0.51 -1 -1.04108 0.0476524
-0.5 -1 -1.04739 0.0476524
-0.49 -1 -1.04281 0.0476524
-0.48 -1 -1.02815 0.0476524
-0.47 -1 -1.00652 0.0476524
-0.46 -1 -0.982617 0.0476524
-0.45 -1 -0.961684 0.0476524
-0.44 -1 -0.948407 0.0476524
-0.43 -1 -0.945894 0.0476524
-0.42 -1 -0.955011 0.0476524
-0.41 -1 -0.974186 0.0476524
-0.4 -1 -0.999708 0.0476524
-0.39 -1 -1.02646 0.0476524
-0.38 -1 -1.04894 0.0476524
-0.37 -1 -1.06236 0.0476524
-0.36 -1 -1.06361 0.0476524
-0.35 -1 -1.05193 0.0476524
-0.34 -1 -1.02909 0.0476524
-0.33 -1 -0.999114 0.0476524
-0.32 -1 -0.9676 0.0476524
-0.31 -1 -0.940664 0.0476524
-0.3 -1 -0.923811 0.0476524
-0.29 -1 -0.920874 0.0476524
-0.28 -1 -0.933231 0.0476524
-0.27 -1 -0.959441 0.0476524
-0.26 -1 -0.995385 0.0476524
-0.25 -1 -1.03489 0.0476524
-0.24 -1 -1.07073 0.0476524
-0.23 -1 -1.09591 0.0476524
-0.22 -1 -1.10489 0.0476524
-0.21 -1 -1.09466 0.0476524
-0.2 -1 -1.0655 0.0476524
-0.19 -1 -1.02108 0.0476524
-0.18 -1 -0.96814 0.0476524
-0.17 -1 -0.915536 0.0476524
-0.16 -1 -0.872934 0.0476524
-0.15 -1 -0.84924 0.0476524
-0.14 -1 -0.851051 0.0476524
-0.13 -1 -0.881338 0.0476524
-0.12 -1 -0.938577 0.0476524
-0.11 -1 -1.01649 0.0476524
-0.1 -1 -1.10443 0.0476524
-0.09 -1 -1.18844 0.0476524
-0.08 -1 -1.25283 0.0476524
-0.07 -1 -1.28206 0.0476524
-0.06 -1 -1.26277 0.0476524
-0.05 -1 -1.18555 0.0476524
-0.04 -1 -1.04638 0.0476524
-0.03 -1 -0.84736 0.0476524
-0.02 -1 -0.596778 0.0476524
-0.01 -1 -0.308385 0.0476524
7.5287e-16 1 2.26655e-14 0.0476524
0.01 1 0.308385 0.0476524
0.02 1 0.596778 0.0476524
0.03 1 0.84736 0.0476524
0.04 1 1.04638 0.0476524
0.05 1 1.18555 0.0476524
0.06 1 1.26277 0.0476524
0.07 1 1.28206 0.0476524
0.08 1 1.25283 0.0476524
0.09 1 1.18844 0.0476524
0.1 1 1.10443 0.0476524
0.11 1 1.01649 0.0476524
0.12 1 0.938577 0.0476524
0.13 1 0.881338 0.0476524
0.14 1 0.851051 0.0476524
0.15 1 0.84924 0.0476524
0.16 1 0.872934 0.0476524
0.17 1 0.915536 0.0476524
0.18 1 0.96814 0.0476524
0.19 1 1.02108 0.0476524
0.2 1 1.0655 0.0476524
0.21 1 1.09466 0.0476524
0.22 1 1.10489 0.0476524
0.23 1 1.09591 0.0476524
0.24 1 1.07073 0.0476524
0.25 1 1.03489 0.0476524
0.26 1 0.995385 0.0476524
0.27 1 0.959441 0.0476524
0.28 1 0.933231 0.0476524
0.29 1 0.920874 0.0476524
0.3 1 0.923811 0.0476524
0.31 1 0.940664 0.0476524
0.32 1 0.9676 0.0476524
0.33 1 0.999114 0.0476524
0.34 1 1.02909 0.0476524
0.35 1 1.05193 0.0476524
0.36 1 1.06361 0.0476524
0.37 1 1.06236 0.0476524
0.38 1 1.04894 0.0476524
0.39 1 1.02646 0.0476524
0.4 1 0.999708 0.0476524
0.41 1 0.974186 0.0476524
0.42 1 0.955011 0.0476524
0.43 1 0.945894 0.0476524
0.44 1 0.948407 0.0476524
0.45 1 0.961684 0.0476524
0.46 1 0.982617 0.0476524
0.47 1 1.00652 0.0476524
0.48 1 1.02815 0.0476524
0.49 1 1.04281 0.0476524
0.5 1 1.04739 0.0476524
0.51 1 1.04108 0.0476524
0.52 1 1.02552 0.0476524
0.53 1 1.0045 0.0476524
0.54 1 0.983044 0.0476524
0.55 1 0.966291 0.0476524
0.56 1 0.95824 0.0476524
0.57 1 0.960767 0.0476524
0.58 1 0.973118 0.0476524
0.59 1 0.992046 0.0476524
0.6 1 1.01258 0.0476524
0.61 1 1.02926 0.0476524
0.62 1 1.03762 0.0476524
0.63 1 1.03539 0.0476524
0.64 1 1.02322 0.0476524
0.65 1 1.00461 0.0476524
0.66 1 0.985023 0.0476524
0.67 1 0.97033 0.0476524
0.68 1 0.965068 0.0476524
0.69 1 0.97095 0.0476524
0.7 1 0.986159 0.0476524
0.71 1 1.00573 0.0476524
0.72 1 1.02305 0.0476524
0.73 1 1.03198 0.0476524
0.74 1 1.02917 0.0476524
0.75 1 1.01546 0.0476524
0.76 1 0.99592 0.0476524
0.77 1 0.978223 0.0476524
0.78 1 0.969754 0.0476524
0.79 1 0.974422 0.0476524
0.8 1 0.990553 0.0476524
0.81 1 1.01101 0.0476524
0.82 1 1.02596 0.0476524
0.83 1 1.02752 0.0476524
0.84 1 1.0142 0.0476524
0.85 1 0.992811 0.0476524
0.86 1 0.975745 0.0476524
0.87 1 0.974194 0.0476524
0.88 1 0.990305 0.0476524
0.89 1 1.01363 0.0476524
0.9 1 1.02631 0.0476524
0.91 1 1.01637 0.0476524
0.92 1 0.990778 0.0476524
0.93 1 0.97455 0.0476524
0.94 1 0.988184 0.0476524
0.95 1 1.01796 0.0476524
0.96 1 1.01977 0.0476524
0.97 1 0.984543 0.0476524
0.98 1 0.987103 0.0476524
0.99 1 1.02267 0.0476524
