-1 -1 -1.02985 0.0571429
-0.99 -1 -1.00721 0.0571429
-0.98 -1 -1.02275 0.0571429
-0.97 -1 -0.979203 0.0571429
-0.96 -1 -0.972783 0.0571429
-0.95 -1 -1.00374 0.0571429
-0.94 -1 -1.02957 0.0571429
-0.93 -1 -1.02645 0.0571429
-0.92 -1 -1.00137 0.0571429
-0.91 -1 -0.975785 0.0571429
-0.9 -1 -0.966776 0.0571429
-0.89 -1 -0.978074 0.0571429
-0.88 -1 -1.0015 0.0571429
-0.87 -1 -1.02396 0.0571429
-0.86 -1 -1.03475 0.0571429
-0.85 -1 -1.02981 0.0571429
-0.84 -1 -1.0122 0.0571429
-0.83 -1 -0.989669 0.0571429
-0.82 -1 -0.971033 0.0571429
-0.81 -1 -0.962843 0.0571429
-0.8 -1 -0.967489 0.0571429
-0.79 -1 -0.982954 0.0571429
-0.78 -1 -1.00397 0.0571429
-0.77 -1 -1.02396 0.0571429
-0.76 -1 -1.0371 0.0571429
-0.75 -1 -1.03983 0.0571429
-0.74 -1 -1.03164 0.0571429
-0.73 -1 -1.0149 0.0571429
-0.72 -1 -0.994067 0.0571429
-0.71 -1 -0.974392 0.0571429
-0.7 -1 -0.960631 0.0571429
-0.69 -1 -0.955972 0.0571429
-0.68 -1 -0.961411 0.0571429
-0.67 -1 -0.975664 0.0571429
-0.66 -1 -0.995574 0.0571429
-0.65 -1 -1.01687 0.0571429
-0.64 -1 -1.03509 0.0571429
-0.63 -1 -1.0465 0.0571429
-0.62 -1 -1.04879 0.0571429
-0.61 -1 -1.04148 0.0571429
-0.6 -1 -1.02592 0.0571429
-0.59 -1 -1.00499 0.0571429
-0.58 -1 -0.98253 0.0571429
-0.57 -1 -0.962639 0.0571429
-0.56 -1 -0.948924 0.0571429
-0.55 -1 -0.943896 0.0571429
-0.54 -1 -0.948566 0.0571429
-0.53 -1 -0.962298 0.0571429
-0.52 -1 -0.982935 0.0571429
-0.51 -1 -1.00717 0.0571429
-0.5 -1 -1.0311 0.0571429
-0.49 -1 -1.05083 0.0571429
-0.48 -1 -1.06308 0.0571429
-0.47 -1 -1.06573 0.0571429
-0.46 -1 -1.05808 0.0571429
-0.45 -1 -1.04101 0.0571429
-0.44 -1 -1.01684 0.0571429
-0.43 -1 -0.989001 0.0571429
-0.42 -1 -0.961526 0.0571429
-0.41 -1 -0.938511 0.0571429
-0.4 -1 -0.923509 0.0571429
-0.39 -1 -0.919032 0.0571429
-0.38 -1 -0.926174 0.0571429
-0.37 -1 -0.944435 0.0571429
-0.36 -1 -0.971748 0.0571429
-0.35 -1 -1.00472 0.0571429
-0.34 -1 -1.03903 0.0571429
-0.33 -1 -1.07001 0.0571429
-0.32 -1 -1.0932 0.0571429
-0.31 -1 -1.10498 0.0571429
-0.3 -1 -1.10304 0.0571429
-0.29 -1 -1.08673 0.0571429
-0.28 -1 -1.05726 0.0571429
-0.27 -1 -1.01759 0.0571429
-0.26 -1 -0.972201 0.0571429
-0.25 -1 -0.92659 0.0571429
-0.24 -1 -0.886706 0.0571429
-0.23 -1 -0.858243 0.0571429
-0.22 -1 -0.845954 0.0571429
-0.21 -1 -0.853028 0.0571429
-0.2 -1 -0.880602 0.0571429
-0.19 -1 -0.927468 0.0571429
-0.18 -1 -0.990003 0.0571429
-0.17 -1 -1.06234 0.0571429
-0.16 -1 -1.13677 0.0571429
-0.15 -1 -1.20437 0.0571429
-0.14 -1 -1.25569 0.0571429
-0.13 -1 -1.28167 0.0571429
-0.12 -1 -1.27436 0.0571429
-0.11 -1 -1.22775 0.0571429
-0.1 -1 -1.13835 0.0571429
-0.09 -1 -1.00558 0.0571429
-0.08 -1 -0.831915 0.0571429
-0.07 -1 -0.622824 0.0571429
-0.06 -1 -0.386374 0.0571429
-0.05 -1 -0.132668 0.0571429
-0.04 -1 0.126911 0.0571429
-0.03 -1 0.38056 0.0571429
-0.02 -1 0.616951 0.0571429
-0.01 -1 0.826081 0.0571429
7.5287e-16 1 1 0.0571429
0.01 1 1.13337 0.0571429
0.02 1 1.22377 0.0571429
0.03 1 1.27182 0.0571429
0.04 1 1.28097 0.0571429
0.05 1 1.25707 0.0571429
0.06 1 1.20787 0.0571429
0.07 1 1.14219 0.0571429
0.08 1 1.06918 0.0571429
0.09 1 0.99753 0.0571429
0.1 1 0.934773 0.0571429
0.11 1 0.886695 0.0571429
0.12 1 0.856973 0.0571429
0.13 1 0.847007 0.0571429
0.14 1 0.855975 0.0571429
0.15 1 0.881098 0.0571429
0.16 1 0.918081 0.0571429
0.17 1 0.961673 0.0571429
0.18 1 1.00629 0.0571429
0.19 1 1.04666 0.0571429
0.2 1 1.07833 0.0571429
0.21 1 1.09818 0.0571429
0.22 1 1.10463 0.0571429
0.23 1 1.09777 0.0571429
0.24 1 1.07926 0.0571429
0.25 1 1.05204 0.0571429
0.26 1 1.01995 0.0571429
0.27 1 0.987229 0.0571429
0.28 1 0.957988 0.0571429
0.29 1 0.935726 0.0571429
0.3 1 0.922922 0.0571429
0.31 1 0.920771 0.0571429
0.32 1 0.929073 0.0571429
0.33 1 0.946304 0.0571429
0.34 1 0.969842 0.0571429
0.35 1 0.99633 0.0571429
0.36 1 1.02213 0.0571429
0.37 1 1.0438 0.0571429
0.38 1 1.05855 0.0571429
0.39 1 1.06458 0.0571429
0.4 1 1.06135 0.0571429
0.41 1 1.04957 0.0571429
0.42 1 1.03117 0.0571429
0.43 1 1.00895 0.0571429
0.44 1 0.986227 0.0571429
0.45 1 0.966319 0.0571429
0.46 1 0.952104 0.0571429
0.47 1 0.945578 0.0571429
0.48 1 0.947567 0.0571429
0.49 1 0.957596 0.0571429
0.5 1 0.973961 0.0571429
0.51 1 0.993974 0.0571429
0.52 1 1.01438 0.0571429
0.53 1 1.03188 0.0571429
0.54 1 1.04362 0.0571429
0.55 1 1.04772 0.0571429
0.56 1 1.04357 0.0571429
0.57 1 1.03195 0.0571429
0.58 1 1.01498 0.0571429
0.59 1 0.995712 0.0571429
0.6 1 0.97766 0.0571429
0.61 1 0.96416 0.0571429
0.62 1 0.957747 0.0571429
0.63 1 0.959645 0.0571429
0.64 1 0.969483 0.0571429
0.65 1 0.985299 0.0571429
0.66 1 1.00387 0.0571429
0.67 1 1.0213 0.0571429
0.68 1 1.03384 0.0571429
0.69 1 1.03868 0.0571429
0.7 1 1.03465 0.0571429
0.71 1 1.02258 0.0571429
0.72 1 1.00524 0.0571429
0.73 1 0.986818 0.0571429
0.74 1 0.971966 0.0571429
0.75 1 0.964649 0.0571429
0.76 1 0.967022 0.0571429
0.77 1 0.978668 0.0571429
0.78 1 0.996463 0.0571429
0.79 1 1.01522 0.0571429
0.8 1 1.02907 0.0571429
0.81 1 1.03327 0.0571429
0.82 1 1.02597 0.0571429
0.83 1 1.00927 0.0571429
0.84 1 0.989037 0.0571429
0.85 1 0.973171 0.0571429
0.86 1 0.968684 0.0571429
0.87 1 0.978381 0.0571429
0.88 1 0.998647 0.0571429
0.89 1 1.01983 0.0571429
0.9 1 1.03007 0.0571429
0.91 1 1.02194 0.0571429
0.92 1 0.998756 0.0571429
0.93 1 0.975982 0.0571429
0.94 1 0.973124 0.0571429
0.95 1 0.996597 0.0571429
0.96 1 1.02479 0.0571429
0.97 1 1.01896 0.0571429
0.98 1 0.979241 0.0571429
0.99 1 0.993411 0.0571429
