-1 -1 -1.0736 0.133333
-0.99 -1 -0.960961 0.133333
-0.98 -1 -0.925462 0.133333
-0.97 -1 -0.934814 0.133333
-0.96 -1 -0.966149 0.133333
-0.95 -1 -1.00397 0.133333
-0.94 -1 -1.03845 0.133333
-0.93 -1 -1.06403 0.133333
-0.92 -1 -1.07827 0.133333
-0.91 -1 -1.08091 0.133333
-0.9 -1 -1.07317 0.133333
-0.89 -1 -1.05713 0.133333
-0.88 -1 -1.03529 0.133333
-0.87 -1 -1.01027 0.133333
-0.86 -1 -0.984548 0.133333
-0.85 -1 -0.96031 0.133333
-0.84 -1 -0.939344 0.133333
-0.83 -1 -0.922996 0.133333
-0.82 -1 -0.912155 0.133333
-0.81 -1 -0.907268 0.133333
-0.8 -1 -0.908383 0.133333
-0.79 -1 -0.915194 0.133333
-0.78 -1 -0.927105 0.133333
-0.77 -1 -0.943291 0.133333
-0.76 -1 -0.962767 0.133333
-0.75 -1 -0.984447 0.133333
-0.74 -1 -1.0072 0.133333
-0.73 -1 -1.02993 0.133333
-0.72 -1 -1.05155 0.133333
-0.71 -1 -1.07113 0.133333
-0.7 -1 -1.08781 0.133333
-0.69 -1 -1.10093 0.133333
-0.68 -1 -1.10996 0.133333
-0.67 -1 -1.11457 0.133333
-0.66 -1 -1.11459 0.133333
-0.65 -1 -1.11002 0.133333
-0.64 -1 -1.10103 0.133333
-0.63 -1 -1.08796 0.133333
-0.62 -1 -1.07125 0.133333
-0.61 -1 -1.05148 0.133333
-0.6 -1 -1.02929 0.133333
-0.59 -1 -1.00543 0.133333
-0.58 -1 -0.980674 0.133333
-0.57 -1 -0.95581 0.133333
-0.56 -1 -0.931637 0.133333
-0.55 -1 -0.908928 0.133333
-0.54 -1 -0.888413 0.133333
-0.53 -1 -0.870757 0.133333
-0.52 -1 -0.85655 0.133333
-0.51 -1 -0.846287 0.133333
-0.5 -1 -0.840361 0.133333
-0.49 -1 -0.839053 0.133333
-0.48 -1 -0.842525 0.133333
-0.47 -1 -0.850818 0.133333
-0.46 -1 -0.863852 0.133333
-0.45 -1 -0.881427 0.133333
-0.44 -1 -0.903228 0.133333
-0.43 -1 -0.928829 0.133333
-0.42 -1 -0.957706 0.133333
-0.41 -1 -0.989246 0.133333
-0.4 -1 -1.02275 0.133333
-0.39 -1 -1.05748 0.133333
-0.38 -1 -1.0926 0.133333
-0.37 -1 -1.12728 0.133333
-0.36 -1 -1.16066 0.133333
-0.35 -1 -1.19186 0.133333
-0.34 -1 -1.22002 0.133333
-0.33 -1 -1.2443 0.133333
-0.32 -1 -1.2639 0.133333
-0.31 -1 -1.27807 0.133333
-0.3 -1 -1.28613 0.133333
-0.29 -1 -1.28746 0.133333
-0.28 -1 -1.28155 0.133333
-0.27 -1 -1.26796 0.133333
-0.26 -1 -1.24636 0.133333
-0.25 -1 -1.21653 0.133333
-0.24 -1 -1.17833 0.133333
-0.23 -1 -1.13178 0.133333
-0.22 -1 -1.07697 0.133333
-0.21 -1 -1.01411 0.133333
-0.2 -1 -0.943532 0.133333
-0.19 -1 -0.865646 0.133333
-0.18 -1 -0.780971 0.133333
-0.17 -1 -0.690113 0.133333
-0.16 -1 -0.593756 0.133333
-0.15 -1 -0.492654 0.133333
-0.14 -1 -0.38762 0.133333
-0.13 -1 -0.279517 0.133333
-0.12 -1 -0.169242 0.133333
-0.11 -1 -0.0577194 0.133333
-0.1 -1 0.0541183 0.133333
-0.09 -1 0.165337 0.133333
-0.08 -1 0.275018 0.133333
-0.07 -1 0.382265 0.133333
-0.06 -1 0.48622 0.133333
-0.05 -1 0.586073 0.133333
-0.04 -1 0.681072 0.133333
-0.03 -1 0.770532 0.133333
-0.02 -1 0.853843 0.133333
-0.01 -1 0.930478 0.133333
7.5287e-16 1 1 0.133333
0.01 1 1.06206 0.133333
0.02 1 1.11642 0.133333
0.03 1 1.16292 0.133333
0.04 1 1.20151 0.133333
0.05 1 1.23224 0.133333
0.06 1 1.25525 0.133333
0.07 1 1.27078 0.133333
0.08 1 1.27915 0.133333
0.09 1 1.28077 0.133333
0.1 1 1.27611 0.133333
0.11 1 1.26571 0.133333
0.12 1 1.25019 0.133333
0.13 1 1.23018 0.133333
0.14 1 1.20638 0.133333
0.15 1 1.17949 0.133333
0.16 1 1.15025 0.133333
0.17 1 1.11938 0.133333
0.18 1 1.08761 0.133333
0.19 1 1.05564 0.133333
0.2 1 1.02415 0.133333
0.21 1 0.99378 0.133333
0.22 1 0.965115 0.133333
0.23 1 0.938689 0.133333
0.24 1 0.914969 0.133333
0.25 1 0.89435 0.133333
0.26 1 0.877155 0.133333
0.27 1 0.863622 0.133333
0.28 1 0.853909 0.133333
0.29 1 0.848091 0.133333
0.3 1 0.846155 0.133333
0.31 1 0.848011 0.133333
0.32 1 0.853488 0.133333
0.33 1 0.862341 0.133333
0.34 1 0.874256 0.133333
0.35 1 0.888861 0.133333
0.36 1 0.905728 0.133333
0.37 1 0.924389 0.133333
0.38 1 0.944342 0.133333
0.39 1 0.965063 0.133333
0.4 1 0.986018 0.133333
0.41 1 1.00668 0.133333
0.42 1 1.02652 0.133333
0.43 1 1.04505 0.133333
0.44 1 1.06182 0.133333
0.45 1 1.07642 0.133333
0.46 1 1.0885 0.133333
0.47 1 1.09776 0.133333
0.48 1 1.10401 0.133333
0.49 1 1.10712 0.133333
0.5 1 1.10703 0.133333
0.51 1 1.10379 0.133333
0.52 1 1.09752 0.133333
0.53 1 1.08845 0.133333
0.54 1 1.07685 0.133333
0.55 1 1.06311 0.133333
0.56 1 1.04766 0.133333
0.57 1 1.03099 0.133333
0.58 1 1.01363 0.133333
0.59 1 0.996147 0.133333
0.6 1 0.979121 0.133333
0.61 1 0.96312 0.133333
0.62 1 0.948696 0.133333
0.63 1 0.936358 0.133333
0.64 1 0.926555 0.133333
0.65 1 0.919659 0.133333
0.66 1 0.915949 0.133333
0.67 1 0.915596 0.133333
0.68 1 0.918648 0.133333
0.69 1 0.925025 0.133333
0.7 1 0.934509 0.133333
0.71 1 0.946748 0.133333
0.72 1 0.961256 0.133333
0.73 1 0.977427 0.133333
0.74 1 0.994546 0.133333
0.75 1 1.01182 0.133333
0.76 1 1.02838 0.133333
0.77 1 1.04337 0.133333
0.78 1 1.05594 0.133333
0.79 1 1.06528 0.133333
0.8 1 1.07075 0.133333
0.81 1 1.07183 0.133333
0.82 1 1.06824 0.133333
0.83 1 1.05999 0.133333
0.84 1 1.04739 0.133333
0.85 1 1.0311 0.133333
0.86 1 1.01214 0.133333
0.87 1 0.991911 0.133333
0.88 1 0.972131 0.133333
0.89 1 0.954768 0.133333
0.9 1 0.941919 0.133333
0.91 1 0.93562 0.133333
0.92 1 0.937577 0.133333
0.93 1 0.948813 0.133333
0.94 1 0.969192 0.133333
0.95 1 0.996812 0.133333
0.96 1 1.02724 0.133333
0.97 1 1.05258 0.133333
0.98 1 1.06025 0.133333
0.99 1 1.03162 0.133333
