-1 -1 -0.977287 0.0454835
-0.99 -1 -0.977094 0.0454835
-0.98 -1 -1.01899 0.0454835
-0.97 -1 -1.00444 0.0454835
-0.96 -1 -0.976418 0.0454835
-0.95 -1 -0.996085 0.0454835
-0.94 -1 -1.02236 0.0454835
-0.93 -1 -1.01606 0.0454835
-0.92 -1 -0.98947 0.0454835
-0.91 -1 -0.975066 0.0454835
-0.9 -1 -0.986276 0.0454835
-0.89 -1 -1.0102 0.0454835
-0.88 -1 -1.02521 0.0454835
-0.87 -1 -1.02004 0.0454835
-0.86 -1 -0.999968 0.0454835
-0.85 -1 -0.979939 0.0454835
-0.84 -1 -0.973115 0.0454835
-0.83 -1 -0.983033 0.0454835
-0.82 -1 -1.00302 0.0454835
-0.81 -1 -1.0214 0.0454835
-0.8 -1 -1.02835 0.0454835
-0.79 -1 -1.02072 0.0454835
-0.78 -1 -1.00277 0.0454835
-0.77 -1 -0.983337 0.0454835
-0.76 -1 -0.971361 0.0454835
-0.75 -1 -0.971954 0.0454835
-0.74 -1 -0.984585 0.0454835
-0.73 -1 -1.00379 0.0454835
-0.72 -1 -1.02173 0.0454835
-0.71 -1 -1.03143 0.0454835
-0.7 -1 -1.02932 0.0454835
-0.69 -1 -1.0163 0.0454835
-0.68 -1 -0.997163 0.0454835
-0.67 -1 -0.978677 0.0454835
-0.66 -1 -0.967178 0.0454835
-0.65 -1 -0.966497 0.0454835
-0.64 -1 -0.976834 0.0454835
-0.63 -1 -0.994864 0.0454835
-0.62 -1 -1.01492 0.0454835
-0.61 -1 -1.03083 0.0454835
-0.6 -1 -1.03774 0.0454835
-0.59 -1 -1.03356 0.0454835
-0.58 -1 -1.01943 0.0454835
-0.57 -1 -0.999313 0.0454835
-0.56 -1 -0.978839 0.0454835
-0.55 -1 -0.963693 0.0454835
-0.54 -1 -0.95809 0.0454835
-0.53 -1 -0.963679 0.0454835
-0.52 -1 -0.979149 0.0454835
-0.51 -1 -1.00061 0.0454835
-0.5 -1 -1.02263 0.0454835
-0.49 -1 -1.03958 0.0454835
-0.48 -1 -1.04709 0.0454835
-0.47 -1 -1.04306 0.0454835
-0.46 -1 -1.02821 0.0454835
-0.45 -1 -1.00588 0.0454835
-0.44 -1 -0.981238 0.0454835
-0.43 -1 -0.960097 0.0454835
-0.42 -1 -0.947553 0.0454835
-0.41 -1 -0.946813 0.0454835
-0.4 -1 -0.958446 0.0454835
-0.39 -1 -0.980219 0.0454835
-0.38 -1 -1.00756 0.0454835
-0.37 -1 -1.03451 0.0454835
-0.36 -1 -1.05504 0.0454835
-0.35 -1 -1.06431 0.0454835
-0.34 -1 -1.05978 0.0454835
-0.33 -1 -1.04179 0.0454835
-0.32 -1 -1.0136 0.0454835
-0.31 -1 -0.980771 0.0454835
-0.3 -1 -0.950084 0.0454835
-0.29 -1 -0.928199 0.0454835
-0.28 -1 -0.920266 0.0454835
-0.27 -1 -0.928807 0.0454835
-0.26 -1 -0.953088 0.0454835
-0.25 -1 -0.989106 0.0454835
-0.24 -1 -1.03021 0.0454835
-0.23 -1 -1.0683 0.0454835
-0.22 -1 -1.09531 0.0454835
-0.21 -1 -1.1048 0.0454835
-0.2 -1 -1.09333 0.0454835
-0.19 -1 -1.06134 0.0454835
-0.18 -1 -1.01333 0.0454835
-0.17 -1 -0.957364 0.0454835
-0.16 -1 -0.903843 0.0454835
-0.15 -1 -0.863777 0.0454835
-0.14 -1 -0.846816 0.0454835
-0.13 -1 -0.859352 0.0454835
-0.12 -1 -0.903016 0.0454835
-0.11 -1 -0.973843 0.0454835
-0.1 -1 -1.06226 0.0454835
-0.09 -1 -1.15398 0.0454835
-0.08 -1 -1.23165 0.0454835
-0.07 -1 -1.2771 0.0454835
-0.06 -1 -1.27384 0.0454835
-0.05 -1 -1.20947 0.0454835
-0.04 -1 -1.07764 0.0454835
-0.03 -1 -0.879198 0.0454835
-0.02 -1 -0.622525 0.0454835
-0.01 -1 -0.322727 0.0454835
7.5287e-16 1 2.14685e-14 0.0454835
0.01 1 0.322727 0.0454835
0.02 1 0.622525 0.0454835
0.03 1 0.879198 0.0454835
0.04 1 1.07764 0.0454835
0.05 1 1.20947 0.0454835
0.06 1 1.27384 0.0454835
0.07 1 1.2771 0.0454835
0.08 1 1.23165 0.0454835
0.09 1 1.15398 0.0454835
0.1 1 1.06226 0.0454835
0.11 1 0.973843 0.0454835
0.12 1 0.903016 0.0454835
0.13 1 0.859352 0.0454835
0.14 1 0.846816 0.0454835
0.15 1 0.863777 0.0454835
0.16 1 0.903843 0.0454835
0.17 1 0.957364 0.0454835
0.18 1 1.01333 0.0454835
0.19 1 1.06134 0.0454835
0.2 1 1.09333 0.0454835
0.21 1 1.1048 0.0454835
0.22 1 1.09531 0.0454835
0.23 1 1.0683 0.0454835
0.24 1 1.03021 0.0454835
0.25 1 0.989106 0.0454835
0.26 1 0.953088 0.0454835
0.27 1 0.928807 0.0454835
0.28 1 0.920266 0.0454835
0.29 1 0.928199 0.0454835
0.3 1 0.950084 0.0454835
0.31 1 0.980771 0.0454835
0.32 1 1.0136 0.0454835
0.33 1 1.04179 0.0454835
0.34 1 1.05978 0.0454835
0.35 1 1.06431 0.0454835
0.36 1 1.05504 0.0454835
0.37 1 1.03451 0.0454835
0.38 1 1.00756 0.0454835
0.39 1 0.980219 0.0454835
0.4 1 0.958446 0.0454835
0.41 1 0.946813 0.0454835
0.42 1 0.947553 0.0454835
0.43 1 0.960097 0.0454835
0.44 1 0.981238 0.0454835
0.45 1 1.00588 0.0454835
0.46 1 1.02821 0.0454835
0.47 1 1.04306 0.0454835
0.48 1 1.04709 0.0454835
0.49 1 1.03958 0.0454835
0.5 1 1.02263 0.0454835
0.51 1 1.00061 0.0454835
0.52 1 0.979149 0.0454835
0.53 1 0.963679 0.0454835
0.54 1 0.95809 0.0454835
0.55 1 0.963693 0.0454835
0.56 1 0.978839 0.0454835
0.57 1 0.999313 0.0454835
0.58 1 1.01943 0.0454835
0.59 1 1.03356 0.0454835
0.6 1 1.03774 0.0454835
0.61 1 1.03083 0.0454835
0.62 1 1.01492 0.0454835
0.63 1 0.994864 0.0454835
0.64 1 0.976834 0.0454835
0.65 1 0.966497 0.0454835
0.66 1 0.967178 0.0454835
0.67 1 0.978677 0.0454835
0.68 1 0.997163 0.0454835
0.69 1 1.0163 0.0454835
0.7 1 1.02932 0.0454835
0.71 1 1.03143 0.0454835
0.72 1 1.02173 0.0454835
0.73 1 1.00379 0.0454835
0.74 1 0.984585 0.0454835
0.75 1 0.971954 0.0454835
0.76 1 0.971361 0.0454835
0.77 1 0.983337 0.0454835
0.78 1 1.00277 0.0454835
0.79 1 1.02072 0.0454835
0.8 1 1.02835 0.0454835
0.81 1 1.0214 0.0454835
0.82 1 1.00302 0.0454835
0.83 1 0.983033 0.0454835
0.84 1 0.973115 0.0454835
0.85 1 0.979939 0.0454835
0.86 1 0.999968 0.0454835
0.87 1 1.02004 0.0454835
0.88 1 1.02521 0.0454835
0.89 1 1.0102 0.0454835
0.9 1 0.986276 0.0454835
0.91 1 0.975066 0.0454835
0.92 1 0.98947 0.0454835
0.93 1 1.01606 0.0454835
0.94 1 1.02236 0.0454835
0.95 1 0.996085 0.0454835
0.96 1 0.976418 0.0454835
0.97 1 1.00444 0.0454835
0.98 1 1.01899 0.0454835
0.99 1 0.977094 0.0454835
