-1 -1 -1.16159 0.345092
-0.99 -1 -1.1077 0.345092
-0.98 -1 -1.05931 0.345092
-0.97 -1 -1.01615 0.345092
-0.96 -1 -0.977949 0.345092
-0.95 -1 -0.944459 0.345092
-0.94 -1 -0.915429 0.345092
-0.93 -1 -0.890615 0.345092
-0.92 -1 -0.869781 0.345092
-0.91 -1 -0.852695 0.345092
-0.9 -1 -0.839134 0.345092
-0.89 -1 -0.828879 0.345092
-0.88 -1 -0.821716 0.345092
-0.87 -1 -0.81744 0.345092
-0.86 -1 -0.815848 0.345092
-0.85 -1 -0.816747 0.345092
-0.84 -1 -0.819947 0.345092
-0.83 -1 -0.825263 0.345092
-0.82 -1 -0.832518 0.345092
-0.81 -1 -0.841538 0.345092
-0.8 -1 -0.852157 0.345092
-0.79 -1 -0.864212 0.345092
-0.78 -1 -0.877548 0.345092
-0.77 -1 -0.892011 0.345092
-0.76 -1 -0.907457 0.345092
-0.75 -1 -0.923743 0.345092
-0.74 -1 -0.940735 0.345092
-0.73 -1 -0.9583 0.345092
-0.72 -1 -0.976312 0.345092
-0.71 -1 -0.99465 0.345092
-0.7 -1 -1.0132 0.345092
-0.69 -1 -1.03184 0.345092
-0.68 -1 -1.05048 0.345092
-0.67 -1 -1.069 0.345092
-0.66 -1 -1.08731 0.345092
-0.65 -1 -1.10532 0.345092
-0.64 -1 -1.12293 0.345092
-0.63 -1 -1.14007 0.345092
-0.62 -1 -1.15664 0.345092
-0.61 -1 -1.17258 0.345092
-0.6 -1 -1.1878 0.345092
-0.59 -1 -1.20225 0.345092
-0.58 -1 -1.21586 0.345092
-0.57 -1 -1.22856 0.345092
-0.56 -1 -1.24031 0.345092
-0.55 -1 -1.25104 0.345092
-0.54 -1 -1.26071 0.345092
-0.53 -1 -1.26927 0.345092
-0.52 -1 -1.27668 0.345092
-0.51 -1 -1.2829 0.345092
-0.5 -1 -1.2879 0.345092
-0.49 -1 -1.29164 0.345092
-0.48 -1 -1.2941 0.345092
-0.47 -1 -1.29525 0.345092
-0.46 -1 -1.29507 0.345092
-0.45 -1 -1.29354 0.345092
-0.44 -1 -1.29064 0.345092
-0.43 -1 -1.28636 0.345092
-0.42 -1 -1.2807 0.345092
-0.41 -1 -1.27363 0.345092
-0.4 -1 -1.26517 0.345092
-0.39 -1 -1.25531 0.345092
-0.38 -1 -1.24404 0.345092
-0.37 -1 -1.23138 0.345092
-0.36 -1 -1.21733 0.345092
-0.35 -1 -1.20189 0.345092
-0.34 -1 -1.18508 0.345092
-0.33 -1 -1.16691 0.345092
-0.32 -1 -1.1474 0.345092
-0.31 -1 -1.12657 0.345092
-0.3 -1 -1.10443 0.345092
-0.29 -1 -1.081 0.345092
-0.28 -1 -1.05632 0.345092
-0.27 -1 -1.0304 0.345092
-0.26 -1 -1.00328 0.345092
-0.25 -1 -0.974982 0.345092
-0.24 -1 -0.945537 0.345092
-0.23 -1 -0.914979 0.345092
-0.22 -1 -0.883343 0.345092
-0.21 -1 -0.850665 0.345092
-0.2 -1 -0.816982 0.345092
-0.19 -1 -0.782333 0.345092
-0.18 -1 -0.746758 0.345092
-0.17 -1 -0.710299 0.345092
-0.16 -1 -0.672998 0.345092
-0.15 -1 -0.634898 0.345092
-0.14 -1 -0.596045 0.345092
-0.13 -1 -0.556484 0.345092
-0.12 -1 -0.516262 0.345092
-0.11 -1 -0.475426 0.345092
-0.1 -1 -0.434025 0.345092
-0.09 -1 -0.392108 0.345092
-0.08 -1 -0.349725 0.345092
-0.07 -1 -0.306925 0.345092
-0.06 -1 -0.263761 0.345092
-0.05 -1 -0.220282 0.345092
-0.04 -1 -0.176541 0.345092
-0.03 -1 -0.13259 0.345092
-0.02 -1 -0.0884812 0.345092
-0.01 -1 -0.044267 0.345092
7.5287e-16 1 3.3669e-15 0.345092
0.01 1 0.044267 0.345092
0.02 1 0.0884812 0.345092
0.03 1 0.13259 0.345092
0.04 1 0.176541 0.345092
0.05 1 0.220282 0.345092
0.06 1 0.263761 0.345092
0.07 1 0.306925 0.345092
0.08 1 0.349725 0.345092
0.09 1 0.392108 0.345092
0.1 1 0.434025 0.345092
0.11 1 0.475426 0.345092
0.12 1 0.516262 0.345092
0.13 1 0.556484 0.345092
0.14 1 0.596045 0.345092
0.15 1 0.634898 0.345092
0.16 1 0.672998 0.345092
0.17 1 0.710299 0.345092
0.18 1 0.746758 0.345092
0.19 1 0.782333 0.345092
0.2 1 0.816982 0.345092
0.21 1 0.850665 0.345092
0.22 1 0.883343 0.345092
0.23 1 0.914979 0.345092
0.24 1 0.945537 0.345092
0.25 1 0.974982 0.345092
0.26 1 1.00328 0.345092
0.27 1 1.0304 0.345092
0.28 1 1.05632 0.345092
0.29 1 1.081 0.345092
0.3 1 1.10443 0.345092
0.31 1 1.12657 0.345092
0.32 1 1.1474 0.345092
0.33 1 1.16691 0.345092
0.34 1 1.18508 0.345092
0.35 1 1.20189 0.345092
0.36 1 1.21733 0.345092
0.37 1 1.23138 0.345092
0.38 1 1.24404 0.345092
0.39 1 1.25531 0.345092
0.4 1 1.26517 0.345092
0.41 1 1.27363 0.345092
0.42 1 1.2807 0.345092
0.43 1 1.28636 0.345092
0.44 1 1.29064 0.345092
0.45 1 1.29354 0.345092
0.46 1 1.29507 0.345092
0.47 1 1.29525 0.345092
0.48 1 1.2941 0.345092
0.49 1 1.29164 0.345092
0.5 1 1.2879 0.345092
0.51 1 1.2829 0.345092
0.52 1 1.27668 0.345092
0.53 1 1.26927 0.345092
0.54 1 1.26071 0.345092
0.55 1 1.25104 0.345092
0.56 1 1.24031 0.345092
0.57 1 1.22856 0.345092
0.58 1 1.21586 0.345092
0.59 1 1.20225 0.345092
0.6 1 1.1878 0.345092
0.61 1 1.17258 0.345092
0.62 1 1.15664 0.345092
0.63 1 1.14007 0.345092
0.64 1 1.12293 0.345092
0.65 1 1.10532 0.345092
0.66 1 1.08731 0.345092
0.67 1 1.069 0.345092
0.68 1 1.05048 0.345092
0.69 1 1.03184 0.345092
0.7 1 1.0132 0.345092
0.71 1 0.99465 0.345092
0.72 1 0.976312 0.345092
0.73 1 0.9583 0.345092
0.74 1 0.940735 0.345092
0.75 1 0.923743 0.345092
0.76 1 0.907457 0.345092
0.77 1 0.892011 0.345092
0.78 1 0.877548 0.345092
0.79 1 0.864212 0.345092
0.8 1 0.852157 0.345092
0.81 1 0.841538 0.345092
0.82 1 0.832518 0.345092
0.83 1 0.825263 0.345092
0.84 1 0.819947 0.345092
0.85 1 0.816747 0.345092
0.86 1 0.815848 0.345092
0.87 1 0.81744 0.345092
0.88 1 0.821716 0.345092
0.89 1 0.828879 0.345092
0.9 1 0.839134 0.345092
0.91 1 0.852695 0.345092
0.92 1 0.869781 0.345092
0.93 1 0.890615 0.345092
0.94 1 0.915429 0.345092
0.95 1 0.944459 0.345092
0.96 1 0.977949 0.345092
0.97 1 1.01615 0.345092
0.98 1 1.05931 0.345092
0.99 1 1.1077 0.345092
