-1 -1 -0.765367 0.541196
-0.99 -1 -0.800362 0.541196
-0.98 -1 -0.83407 0.541196
-0.97 -1 -0.866506 0.541196
-0.96 -1 -0.897683 0.541196
-0.95 -1 -0.927612 0.541196
-0.94 -1 -0.956307 0.541196
-0.93 -1 -0.983781 0.541196
-0.92 -1 -1.01005 0.541196
-0.91 -1 -1.03512 0.541196
-0.9 -1 -1.05901 0.541196
-0.89 -1 -1.08173 0.541196
-0.88 -1 -1.10329 0.541196
-0.87 -1 -1.12371 0.541196
-0.86 -1 -1.14301 0.541196
-0.85 -1 -1.16118 0.541196
-0.84 -1 -1.17825 0.541196
-0.83 -1 -1.19423 0.541196
-0.82 -1 -1.20913 0.541196
-0.81 -1 -1.22297 0.541196
-0.8 -1 -1.23575 0.541196
-0.79 -1 -1.2475 0.541196
-0.78 -1 -1.25822 0.541196
-0.77 -1 -1.26792 0.541196
-0.76 -1 -1.27663 0.541196
-0.75 -1 -1.28435 0.541196
-0.74 -1 -1.29109 0.541196
-0.73 -1 -1.29687 0.541196
-0.72 -1 -1.30171 0.541196
-0.71 -1 -1.30561 0.541196
-0.7 -1 -1.30858 0.541196
-0.69 -1 -1.31065 0.541196
-0.68 -1 -1.31183 0.541196
-0.67 -1 -1.31211 0.541196
-0.66 -1 -1.31153 0.541196
-0.65 -1 -1.31009 0.541196
-0.64 -1 -1.30781 0.541196
-0.63 -1 -1.3047 0.541196
-0.62 -1 -1.30077 0.541196
-0.61 -1 -1.29603 0.541196
-0.6 -1 -1.2905 0.541196
-0.59 -1 -1.28419 0.541196
-0.58 -1 -1.27711 0.541196
-0.57 -1 -1.26928 0.541196
-0.56 -1 -1.26071 0.541196
-0.55 -1 -1.25142 0.541196
-0.54 -1 -1.24141 0.541196
-0.53 -1 -1.23069 0.541196
-0.52 -1 -1.21929 0.541196
-0.51 -1 -1.20722 0.541196
-0.5 -1 -1.19448 0.541196
-0.49 -1 -1.18109 0.541196
-0.48 -1 -1.16706 0.541196
-0.47 -1 -1.15242 0.541196
-0.46 -1 -1.13716 0.541196
-0.45 -1 -1.1213 0.541196
-0.44 -1 -1.10486 0.541196
-0.43 -1 -1.08785 0.541196
-0.42 -1 -1.07028 0.541196
-0.41 -1 -1.05216 0.541196
-0.4 -1 -1.03351 0.541196
-0.39 -1 -1.01435 0.541196
-0.38 -1 -0.994671 0.541196
-0.37 -1 -0.974503 0.541196
-0.36 -1 -0.953854 0.541196
-0.35 -1 -0.932738 0.541196
-0.34 -1 -0.911167 0.541196
-0.33 -1 -0.889154 0.541196
-0.32 -1 -0.866713 0.541196
-0.31 -1 -0.843856 0.541196
-0.3 -1 -0.820596 0.541196
-0.29 -1 -0.796947 0.541196
-0.28 -1 -0.772921 0.541196
-0.27 -1 -0.748531 0.541196
-0.26 -1 -0.723791 0.541196
-0.25 -1 -0.698713 0.541196
-0.24 -1 -0.67331 0.541196
-0.23 -1 -0.647596 0.541196
-0.22 -1 -0.621583 0.541196
-0.21 -1 -0.595284 0.541196
-0.2 -1 -0.568712 0.541196
-0.19 -1 -0.54188 0.541196
-0.18 -1 -0.514802 0.541196
-0.17 -1 -0.48749 0.541196
-0.16 -1 -0.459957 0.541196
-0.15 -1 -0.432217 0.541196
-0.14 -1 -0.404281 0.541196
-0.13 -1 -0.376164 0.541196
-0.12 -1 -0.347877 0.541196
-0.11 -1 -0.319435 0.541196
-0.1 -1 -0.29085 0.541196
-0.09 -1 -0.262135 0.541196
-0.08 -1 -0.233304 0.541196
-0.07 -1 -0.204368 0.541196
-0.06 -1 -0.175341 0.541196
-0.05 -1 -0.146237 0.541196
-0.04 -1 -0.117068 0.541196
-0.03 -1 -0.0878461 0.541196
-0.02 -1 -0.0585857 0.541196
-0.01 -1 -0.0292993 0.541196
7.5287e-16 1 2.05514e-15 0.541196
0.01 1 0.0292993 0.541196
0.02 1 0.0585857 0.541196
0.03 1 0.0878461 0.541196
0.04 1 0.117068 0.541196
0.05 1 0.146237 0.541196
0.06 1 0.175341 0.541196
0.07 1 0.204368 0.541196
0.08 1 0.233304 0.541196
0.09 1 0.262135 0.541196
0.1 1 0.29085 0.541196
0.11 1 0.319435 0.541196
0.12 1 0.347877 0.541196
0.13 1 0.376164 0.541196
0.14 1 0.404281 0.541196
0.15 1 0.432217 0.541196
0.16 1 0.459957 0.541196
0.17 1 0.48749 0.541196
0.18 1 0.514802 0.541196
0.19 1 0.54188 0.541196
0.2 1 0.568712 0.541196
0.21 1 0.595284 0.541196
0.22 1 0.621583 0.541196
0.23 1 0.647596 0.541196
0.24 1 0.67331 0.541196
0.25 1 0.698713 0.541196
0.26 1 0.723791 0.541196
0.27 1 0.748531 0.541196
0.28 1 0.772921 0.541196
0.29 1 0.796947 0.541196
0.3 1 0.820596 0.541196
0.31 1 0.843856 0.541196
0.32 1 0.866713 0.541196
0.33 1 0.889154 0.541196
0.34 1 0.911167 0.541196
0.35 1 0.932738 0.541196
0.36 1 0.953854 0.541196
0.37 1 0.974503 0.541196
0.38 1 0.994671 0.541196
0.39 1 1.01435 0.541196
0.4 1 1.03351 0.541196
0.41 1 1.05216 0.541196
0.42 1 1.07028 0.541196
0.43 1 1.08785 0.541196
0.44 1 1.10486 0.541196
0.45 1 1.1213 0.541196
0.46 1 1.13716 0.541196
0.47 1 1.15242 0.541196
0.48 1 1.16706 0.541196
0.49 1 1.18109 0.541196
0.5 1 1.19448 0.541196
0.51 1 1.20722 0.541196
0.52 1 1.21929 0.541196
0.53 1 1.23069 0.541196
0.54 1 1.24141 0.541196
0.55 1 1.25142 0.541196
0.56 1 1.26071 0.541196
0.57 1 1.26928 0.541196
0.58 1 1.27711 0.541196
0.59 1 1.28419 0.541196
0.6 1 1.2905 0.541196
0.61 1 1.29603 0.541196
0.62 1 1.30077 0.541196
0.63 1 1.3047 0.541196
0.64 1 1.30781 0.541196
0.65 1 1.31009 0.541196
0.66 1 1.31153 0.541196
0.67 1 1.31211 0.541196
0.68 1 1.31183 0.541196
0.69 1 1.31065 0.541196
0.7 1 1.30858 0.541196
0.71 1 1.30561 0.541196
0.72 1 1.30171 0.541196
0.73 1 1.29687 0.541196
0.74 1 1.29109 0.541196
0.75 1 1.28435 0.541196
0.76 1 1.27663 0.541196
0.77 1 1.26792 0.541196
0.78 1 1.25822 0.541196
0.79 1 1.2475 0.541196
0.8 1 1.23575 0.541196
0.81 1 1.22297 0.541196
0.82 1 1.20913 0.541196
0.83 1 1.19423 0.541196
0.84 1 1.17825 0.541196
0.85 1 1.16118 0.541196
0.86 1 1.14301 0.541196
0.87 1 1.12371 0.541196
0.88 1 1.10329 0.541196
0.89 1 1.08173 0.541196
0.9 1 1.05901 0.541196
0.91 1 1.03512 0.541196
0.92 1 1.01005 0.541196
0.93 1 0.983781 0.541196
0.94 1 0.956307 0.541196
0.95 1 0.927612 0.541196
0.96 1 0.897683 0.541196
0.97 1 0.866506 0.541196
0.98 1 0.83407 0.541196
0.99 1 0.800362 0.541196
