-1 -1 -0.740456 0.4
-0.99 -1 -0.800446 0.4
-0.98 -1 -0.856782 0.4
-0.97 -1 -0.909547 0.4
-0.96 -1 -0.958821 0.4
-0.95 -1 -1.00469 0.4
-0.94 -1 -1.04722 0.4
-0.93 -1 -1.08651 0.4
-0.92 -1 -1.12263 0.4
-0.91 -1 -1.15566 0.4
-0.9 -1 -1.18567 0.4
-0.89 -1 -1.21275 0.4
-0.88 -1 -1.23696 0.4
-0.87 -1 -1.25838 0.4
-0.86 -1 -1.27709 0.4
-0.85 -1 -1.29317 0.4
-0.84 -1 -1.30667 0.4
-0.83 -1 -1.31768 0.4
-0.82 -1 -1.32626 0.4
-0.81 -1 -1.33249 0.4
-0.8 -1 -1.33644 0.4
-0.79 -1 -1.33817 0.4
-0.78 -1 -1.33775 0.4
-0.77 -1 -1.33525 0.4
-0.76 -1 -1.33074 0.4
-0.75 -1 -1.32428 0.4
-0.74 -1 -1.31593 0.4
-0.73 -1 -1.30577 0.4
-0.72 -1 -1.29385 0.4
-0.71 -1 -1.28024 0.4
-0.7 -1 -1.265 0.4
-0.69 -1 -1.24819 0.4
-0.68 -1 -1.22987 0.4
-0.67 -1 -1.2101 0.4
-0.66 -1 -1.18893 0.4
-0.65 -1 -1.16644 0.4
-0.64 -1 -1.14267 0.4
-0.63 -1 -1.11768 0.4
-0.62 -1 -1.09152 0.4
-0.61 -1 -1.06426 0.4
-0.6 -1 -1.03594 0.4
-0.59 -1 -1.00662 0.4
-0.58 -1 -0.976357 0.4
-0.57 -1 -0.945194 0.4
-0.56 -1 -0.913186 0.4
-0.55 -1 -0.880383 0.4
-0.54 -1 -0.846835 0.4
-0.53 -1 -0.81259 0.4
-0.52 -1 -0.777697 0.4
-0.51 -1 -0.742202 0.4
-0.5 -1 -0.706154 0.4
-0.49 -1 -0.669596 0.4
-0.48 -1 -0.632575 0.4
-0.47 -1 -0.595134 0.4
-0.46 -1 -0.557317 0.4
-0.45 -1 -0.519166 0.4
-0.44 -1 -0.480724 0.4
-0.43 -1 -0.442032 0.4
-0.42 -1 -0.403129 0.4
-0.41 -1 -0.364056 0.4
-0.4 -1 -0.324852 0.4
-0.39 -1 -0.285554 0.4
-0.38 -1 -0.2462 0.4
-0.37 -1 -0.206826 0.4
-0.36 -1 -0.167469 0.4
-0.35 -1 -0.128163 0.4
-0.34 -1 -0.0889419 0.4
-0.33 -1 -0.04984 0.4
-0.32 -1 -0.0108896 0.4
-0.31 -1 0.0278772 0.4
-0.3 -1 0.0664293 0.4
-0.29 -1 0.104736 0.4
-0.28 -1 0.142769 0.4
-0.27 -1 0.180497 0.4
-0.26 -1 0.217894 0.4
-0.25 -1 0.254932 0.4
-0.24 -1 0.291585 0.4
-0.23 -1 0.327826 0.4
-0.22 -1 0.363631 0.4
-0.21 -1 0.398975 0.4
-0.2 -1 0.433835 0.4
-0.19 -1 0.468188 0.4
-0.18 -1 0.502012 0.4
-0.17 -1 0.535287 0.4
-0.16 -1 0.567991 0.4
-0.15 -1 0.600105 0.4
-0.14 -1 0.63161 0.4
-0.13 -1 0.662488 0.4
-0.12 -1 0.692721 0.4
-0.11 -1 0.722294 0.4
-0.1 -1 0.75119 0.4
-0.09 -1 0.779394 0.4
-0.08 -1 0.806892 0.4
-0.07 -1 0.833671 0.4
-0.06 -1 0.859717 0.4
-0.05 -1 0.885019 0.4
-0.04 -1 0.909566 0.4
-0.03 -1 0.933346 0.4
-0.02 -1 0.956351 0.4
-0.01 -1 0.978572 0.4
7.5287e-16 1 1 0.4
0.01 1 1.02063 0.4
0.02 1 1.04045 0.4
0.03 1 1.05946 0.4
0.04 1 1.07765 0.4
0.05 1 1.09502 0.4
0.06 1 1.11157 0.4
0.07 1 1.12728 0.4
0.08 1 1.14217 0.4
0.09 1 1.15623 0.4
0.1 1 1.16945 0.4
0.11 1 1.18184 0.4
0.12 1 1.19341 0.4
0.13 1 1.20414 0.4
0.14 1 1.21405 0.4
0.15 1 1.22314 0.4
0.16 1 1.2314 0.4
0.17 1 1.23886 0.4
0.18 1 1.24551 0.4
0.19 1 1.25135 0.4
0.2 1 1.25641 0.4
0.21 1 1.26067 0.4
0.22 1 1.26416 0.4
0.23 1 1.26688 0.4
0.24 1 1.26885 0.4
0.25 1 1.27007 0.4
0.26 1 1.27055 0.4
0.27 1 1.27031 0.4
0.28 1 1.26937 0.4
0.29 1 1.26773 0.4
0.3 1 1.26541 0.4
0.31 1 1.26243 0.4
0.32 1 1.2588 0.4
0.33 1 1.25454 0.4
0.34 1 1.24967 0.4
0.35 1 1.2442 0.4
0.36 1 1.23816 0.4
0.37 1 1.23157 0.4
0.38 1 1.22445 0.4
0.39 1 1.21681 0.4
0.4 1 1.20869 0.4
0.41 1 1.2001 0.4
0.42 1 1.19108 0.4
0.43 1 1.18163 0.4
0.44 1 1.1718 0.4
0.45 1 1.16161 0.4
0.46 1 1.15107 0.4
0.47 1 1.14023 0.4
0.48 1 1.12911 0.4
0.49 1 1.11774 0.4
0.5 1 1.10615 0.4
0.51 1 1.09438 0.4
0.52 1 1.08244 0.4
0.53 1 1.07038 0.4
0.54 1 1.05823 0.4
0.55 1 1.04602 0.4
0.56 1 1.03379 0.4
0.57 1 1.02158 0.4
0.58 1 1.00941 0.4
0.59 1 0.997334 0.4
0.6 1 0.985382 0.4
0.61 1 0.973593 0.4
0.62 1 0.962007 0.4
0.63 1 0.950666 0.4
0.64 1 0.939609 0.4
0.65 1 0.928878 0.4
0.66 1 0.918517 0.4
0.67 1 0.908568 0.4
0.68 1 0.899076 0.4
0.69 1 0.890085 0.4
0.7 1 0.881641 0.4
0.71 1 0.87379 0.4
0.72 1 0.86658 0.4
0.73 1 0.860059 0.4
0.74 1 0.854275 0.4
0.75 1 0.849277 0.4
0.76 1 0.845117 0.4
0.77 1 0.841844 0.4
0.78 1 0.839511 0.4
0.79 1 0.838171 0.4
0.8 1 0.837876 0.4
0.81 1 0.838681 0.4
0.82 1 0.84064 0.4
0.83 1 0.843809 0.4
0.84 1 0.848245 0.4
0.85 1 0.854005 0.4
0.86 1 0.861146 0.4
0.87 1 0.869728 0.4
0.88 1 0.879809 0.4
0.89 1 0.891451 0.4
0.9 1 0.904713 0.4
0.91 1 0.919658 0.4
0.92 1 0.936348 0.4
0.93 1 0.954847 0.4
0.94 1 0.975218 0.4
0.95 1 0.997527 0.4
0.96 1 1.02184 0.4
0.97 1 1.04822 0.4
0.98 1 1.07674 0.4
0.99 1 1.10746 0.4
