-1 -1 -1.02021 0.0392157
-0.99 -1 -1.01212 0.0392157
-0.98 -1 -0.985509 0.0392157
-0.97 -1 -1.02084 0.0392157
-0.96 -1 -0.993043 0.0392157
-0.95 -1 -0.981175 0.0392157
-0.94 -1 -1.0099 0.0392157
-0.93 -1 -1.02049 0.0392157
-0.92 -1 -0.997404 0.0392157
-0.91 -1 -0.978117 0.0392157
-0.9 -1 -0.98804 0.0392157
-0.89 -1 -1.01257 0.0392157
-0.88 -1 -1.02292 0.0392157
-0.87 -1 -1.00926 0.0392157
-0.86 -1 -0.986504 0.0392157
-0.85 -1 -0.976102 0.0392157
-0.84 -1 -0.986418 0.0392157
-0.83 -1 -1.00796 0.0392157
-0.82 -1 -1.02341 0.0392157
-0.81 -1 -1.02151 0.0392157
-0.8 -1 -1.00426 0.0392157
-0.79 -1 -0.983934 0.0392157
-0.78 -1 -0.973944 0.0392157
-0.77 -1 -0.980306 0.0392157
-0.76 -1 -0.998748 0.0392157
-0.75 -1 -1.01817 0.0392157
-0.74 -1 -1.02752 0.0392157
-0.73 -1 -1.02182 0.0392157
-0.72 -1 -1.00433 0.0392157
-0.71 -1 -0.9843 0.0392157
-0.7 -1 -0.971861 0.0392157
-0.69 -1 -0.973069 0.0392157
-0.68 -1 -0.987251 0.0392157
-0.67 -1 -1.0077 0.0392157
-0.66 -1 -1.02506 0.0392157
-0.65 -1 -1.03156 0.0392157
-0.64 -1 -1.02437 0.0392157
-0.63 -1 -1.00654 0.0392157
-0.62 -1 -0.985514 0.0392157
-0.61 -1 -0.969936 0.0392157
-0.6 -1 -0.966134 0.0392157
-0.59 -1 -0.975711 0.0392157
-0.58 -1 -0.99506 0.0392157
-0.57 -1 -1.01687 0.0392157
-0.56 -1 -1.03295 0.0392157
-0.55 -1 -1.03724 0.0392157
-0.54 -1 -1.028 0.0392157
-0.53 -1 -1.00832 0.0392157
-0.52 -1 -0.985007 0.0392157
-0.51 -1 -0.966155 0.0392157
-0.5 -1 -0.958384 0.0392157
-0.49 -1 -0.964601 0.0392157
-0.48 -1 -0.983053 0.0392157
-0.47 -1 -1.00791 0.0392157
-0.46 -1 -1.03115 0.0392157
-0.45 -1 -1.04516 0.0392157
-0.44 -1 -1.04514 0.0392157
-0.43 -1 -1.03063 0.0392157
-0.42 -1 -1.00572 0.0392157
-0.41 -1 -0.977836 0.0392157
-0.4 -1 -0.9555 0.0392157
-0.39 -1 -0.945799 0.0392157
-0.38 -1 -0.952217 0.0392157
-0.37 -1 -0.973521 0.0392157
-0.36 -1 -1.00401 0.0392157
-0.35 -1 -1.03505 0.0392157
-0.34 -1 -1.05751 0.0392157
-0.33 -1 -1.06435 0.0392157
-0.32 -1 -1.05272 0.0392157
-0.31 -1 -1.0249 0.0392157
-0.3 -1 -0.987925 0.0392157
-0.29 -1 -0.951771 0.0392157
-0.28 -1 -0.926778 0.0392157
-0.27 -1 -0.920798 0.0392157
-0.26 -1 -0.936919 0.0392157
-0.25 -1 -0.972342 0.0392157
-0.24 -1 -1.01877 0.0392157
-0.23 -1 -1.06426 0.0392157
-0.22 -1 -1.09615 0.0392157
-0.21 -1 -1.10433 0.0392157
-0.2 -1 -1.08414 0.0392157
-0.19 -1 -1.038 0.0392157
-0.18 -1 -0.97552 0.0392157
-0.17 -1 -0.911664 0.0392157
-0.16 -1 -0.86359 0.0392157
-0.15 -1 -0.846573 0.0392157
-0.14 -1 -0.870005 0.0392157
-0.13 -1 -0.934348 0.0392157
-0.12 -1 -1.02978 0.0392157
-0.11 -1 -1.13696 0.0392157
-0.1 -1 -1.2298 0.0392157
-0.09 -1 -1.27997 0.0392157
-0.08 -1 -1.26205 0.0392157
-0.07 -1 -1.15856 0.0392157
-0.06 -1 -0.963723 0.0392157
-0.05 -1 -0.685243 0.0392157
-0.04 -1 -0.343699 0.0392157
-0.03 -1 0.030415 0.0392157
-0.02 -1 0.401449 0.0392157
-0.01 -1 0.734301 0.0392157
7.5287e-16 1 1 0.0392157
0.01 1 1.18015 0.0392157
0.02 1 1.26942 0.0392157
0.03 1 1.2757 0.0392157
0.04 1 1.2179 0.0392157
0.05 1 1.12195 0.0392157
0.06 1 1.01579 0.0392157
0.07 1 0.924345 0.0392157
0.08 1 0.865391 0.0392157
0.09 1 0.847178 0.0392157
0.1 1 0.868015 0.0392157
0.11 1 0.917866 0.0392157
0.12 1 0.981463 0.0392157
0.13 1 1.0422 0.0392157
0.14 1 1.08596 0.0392157
0.15 1 1.10402 0.0392157
0.16 1 1.09456 0.0392157
0.17 1 1.06246 0.0392157
0.18 1 1.01762 0.0392157
0.19 1 0.972199 0.0392157
0.2 1 0.937543 0.0392157
0.21 1 0.921509 0.0392157
0.22 1 0.926774 0.0392157
0.23 1 0.950505 0.0392157
0.24 1 0.985393 0.0392157
0.25 1 1.02173 0.0392157
0.26 1 1.05001 0.0392157
0.27 1 1.06331 0.0392157
0.28 1 1.05899 0.0392157
0.29 1 1.03913 0.0392157
0.3 1 1.00986 0.0392157
0.31 1 0.979527 0.0392157
0.32 1 0.956401 0.0392157
0.33 1 0.94648 0.0392157
0.34 1 0.951916 0.0392157
0.35 1 0.970549 0.0392157
0.36 1 0.996617 0.0392157
0.37 1 1.02245 0.0392157
0.38 1 1.04069 0.0392157
0.39 1 1.04635 0.0392157
0.4 1 1.0382 0.0392157
0.41 1 1.01909 0.0392157
0.42 1 0.995051 0.0392157
0.43 1 0.97343 0.0392157
0.44 1 0.96072 0.0392157
0.45 1 0.96058 0.0392157
0.46 1 0.972731 0.0392157
0.47 1 0.993059 0.0392157
0.48 1 1.01492 0.0392157
0.49 1 1.03124 0.0392157
0.5 1 1.03681 0.0392157
0.51 1 1.03001 0.0392157
0.52 1 1.01333 0.0392157
0.53 1 0.992587 0.0392157
0.54 1 0.975006 0.0392157
0.55 1 0.966687 0.0392157
0.56 1 0.97047 0.0392157
0.57 1 0.98485 0.0392157
0.58 1 1.00444 0.0392157
0.59 1 1.02189 0.0392157
0.6 1 1.03057 0.0392157
0.61 1 1.02718 0.0392157
0.62 1 1.01312 0.0392157
0.63 1 0.994069 0.0392157
0.64 1 0.977859 0.0392157
0.65 1 0.971284 0.0392157
0.66 1 0.977169 0.0392157
0.67 1 0.992971 0.0392157
0.68 1 1.01165 0.0392157
0.69 1 1.02464 0.0392157
0.7 1 1.02577 0.0392157
0.71 1 1.0144 0.0392157
0.72 1 0.996021 0.0392157
0.73 1 0.979946 0.0392157
0.74 1 0.974675 0.0392157
0.75 1 0.983259 0.0392157
0.76 1 1.00116 0.0392157
0.77 1 1.01818 0.0392157
0.78 1 1.02408 0.0392157
0.79 1 1.01486 0.0392157
0.8 1 0.996055 0.0392157
0.81 1 0.980061 0.0392157
0.82 1 0.978281 0.0392157
0.83 1 0.992607 0.0392157
0.84 1 1.01262 0.0392157
0.85 1 1.02223 0.0392157
0.86 1 1.01256 0.0392157
0.87 1 0.991369 0.0392157
0.88 1 0.978625 0.0392157
0.89 1 0.988271 0.0392157
0.9 1 1.01117 0.0392157
0.91 1 1.02045 0.0392157
0.92 1 1.00243 0.0392157
0.93 1 0.980822 0.0392157
0.94 1 0.990724 0.0392157
0.95 1 1.01764 0.0392157
0.96 1 1.00652 0.0392157
0.97 1 0.980445 0.0392157
0.98 1 1.01361 0.0392157
0.99 1 0.98861 0.0392157
