-1 -1 -1.02667 0.0512821
-0.99 -1 -1.01948 0.0512821
-0.98 -1 -1.00111 0.0512821
-0.97 -1 -0.972788 0.0512821
-0.96 -1 -1.00201 0.0512821
-0.95 -1 -1.02767 0.0512821
-0.94 -1 -1.01508 0.0512821
-0.93 -1 -0.985168 0.0512821
-0.92 -1 -0.970911 0.0512821
-0.91 -1 -0.983247 0.0512821
-0.9 -1 -1.00912 0.0512821
-0.89 -1 -1.02791 0.0512821
-0.88 -1 -1.0274 0.0512821
-0.87 -1 -1.00947 0.0512821
-0.86 -1 -0.986 0.0512821
-0.85 -1 -0.970362 0.0512821
-0.84 -1 -0.970248 0.0512821
-0.83 -1 -0.984869 0.0512821
-0.82 -1 -1.00665 0.0512821
-0.81 -1 -1.02555 0.0512821
-0.8 -1 -1.03364 0.0512821
-0.79 -1 -1.02802 0.0512821
-0.78 -1 -1.01135 0.0512821
-0.77 -1 -0.990226 0.0512821
-0.76 -1 -0.972436 0.0512821
-0.75 -1 -0.964121 0.0512821
-0.74 -1 -0.96789 0.0512821
-0.73 -1 -0.982279 0.0512821
-0.72 -1 -1.00254 0.0512821
-0.71 -1 -1.02234 0.0512821
-0.7 -1 -1.03574 0.0512821
-0.69 -1 -1.0389 0.0512821
-0.68 -1 -1.03099 0.0512821
-0.67 -1 -1.01428 0.0512821
-0.66 -1 -0.993337 0.0512821
-0.65 -1 -0.973714 0.0512821
-0.64 -1 -0.960496 0.0512821
-0.63 -1 -0.95704 0.0512821
-0.62 -1 -0.964234 0.0512821
-0.61 -1 -0.980371 0.0512821
-0.6 -1 -1.00165 0.0512821
-0.59 -1 -1.02312 0.0512821
-0.58 -1 -1.03982 0.0512821
-0.57 -1 -1.04794 0.0512821
-0.56 -1 -1.04554 0.0512821
-0.55 -1 -1.03301 0.0512821
-0.54 -1 -1.01291 0.0512821
-0.53 -1 -0.989373 0.0512821
-0.52 -1 -0.967282 0.0512821
-0.51 -1 -0.951233 0.0512821
-0.5 -1 -0.94463 0.0512821
-0.49 -1 -0.949022 0.0512821
-0.48 -1 -0.963805 0.0512821
-0.47 -1 -0.986349 0.0512821
-0.46 -1 -1.01249 0.0512821
-0.45 -1 -1.03732 0.0512821
-0.44 -1 -1.05607 0.0512821
-0.43 -1 -1.06503 0.0512821
-0.42 -1 -1.06219 0.0512821
-0.41 -1 -1.04763 0.0512821
-0.4 -1 -1.02357 0.0512821
-0.39 -1 -0.993973 0.0512821
-0.38 -1 -0.9639 0.0512821
-0.37 -1 -0.938676 0.0512821
-0.36 -1 -0.922971 0.0512821
-0.35 -1 -0.919993 0.0512821
-0.34 -1 -0.930912 0.0512821
-0.33 -1 -0.954594 0.0512821
-0.32 -1 -0.987709 0.0512821
-0.31 -1 -1.02519 0.0512821
-0.3 -1 -1.06099 0.0512821
-0.29 -1 -1.089 0.0512821
-0.28 -1 -1.10402 0.0512821
-0.27 -1 -1.10264 0.0512821
-0.26 -1 -1.08384 0.0512821
-0.25 -1 -1.04933 0.0512821
-0.24 -1 -1.00341 0.0512821
-0.23 -1 -0.952519 0.0512821
-0.22 -1 -0.904408 0.0512821
-0.21 -1 -0.867068 0.0512821
-0.2 -1 -0.847592 0.0512821
-0.19 -1 -0.851064 0.0512821
-0.18 -1 -0.87965 0.0512821
-0.17 -1 -0.932024 0.0512821
-0.16 -1 -1.0032 0.0512821
-0.15 -1 -1.08482 0.0512821
-0.14 -1 -1.16585 0.0512821
-0.13 -1 -1.23369 0.0512821
-0.12 -1 -1.27548 0.0512821
-0.11 -1 -1.27951 0.0512821
-0.1 -1 -1.23657 0.0512821
-0.09 -1 -1.14109 0.0512821
-0.08 -1 -0.991877 0.0512821
-0.07 -1 -0.792462 0.0512821
-0.06 -1 -0.550895 0.0512821
-0.05 -1 -0.279095 0.0512821
-0.04 -1 0.00822191 0.0512821
-0.03 -1 0.294912 0.0512821
-0.02 -1 0.564925 0.0512821
-0.01 -1 0.8038 0.0512821
7.5287e-16 1 1 0.0512821
0.01 1 1.14592 0.0512821
0.02 1 1.23845 0.0512821
0.03 1 1.27914 0.0512821
0.04 1 1.27376 0.0512821
0.05 1 1.23156 0.0512821
0.06 1 1.16413 0.0512821
0.07 1 1.08405 0.0512821
0.08 1 1.00358 0.0512821
0.09 1 0.933359 0.0512821
0.1 1 0.881447 0.0512821
0.11 1 0.852636 0.0512821
0.12 1 0.848226 0.0512821
0.13 1 0.866195 0.0512821
0.14 1 0.901759 0.0512821
0.15 1 0.948219 0.0512821
0.16 1 0.997993 0.0512821
0.17 1 1.04368 0.0512821
0.18 1 1.07906 0.0512821
0.19 1 1.0998 0.0512821
0.2 1 1.104 0.0512821
0.21 1 1.09223 0.0512821
0.22 1 1.06735 0.0512821
0.23 1 1.03393 0.0512821
0.24 1 0.997534 0.0512821
0.25 1 0.96386 0.0512821
0.26 1 0.93788 0.0512821
0.27 1 0.923153 0.0512821
0.28 1 0.921352 0.0512821
0.29 1 0.932091 0.0512821
0.3 1 0.953061 0.0512821
0.31 1 0.980456 0.0512821
0.32 1 1.00961 0.0512821
0.33 1 1.03575 0.0512821
0.34 1 1.05476 0.0512821
0.35 1 1.06382 0.0512821
0.36 1 1.06182 0.0512821
0.37 1 1.0495 0.0512821
0.38 1 1.0293 0.0512821
0.39 1 1.00492 0.0512821
0.4 1 0.980674 0.0512821
0.41 1 0.960764 0.0512821
0.42 1 0.948545 0.0512821
0.43 1 0.94596 0.0512821
0.44 1 0.953214 0.0512821
0.45 1 0.96874 0.0512821
0.46 1 0.989497 0.0512821
0.47 1 1.01152 0.0512821
0.48 1 1.03065 0.0512821
0.49 1 1.04331 0.0512821
0.5 1 1.04719 0.0512821
0.51 1 1.04169 0.0512821
0.52 1 1.02806 0.0512821
0.53 1 1.00914 0.0512821
0.54 1 0.98887 0.0512821
0.55 1 0.971458 0.0512821
0.56 1 0.960527 0.0512821
0.57 1 0.958346 0.0512821
0.58 1 0.965313 0.0512821
0.59 1 0.979819 0.0512821
0.6 1 0.998557 0.0512821
0.61 1 1.01721 0.0512821
0.62 1 1.03143 0.0512821
0.63 1 1.03783 0.0512821
0.64 1 1.03485 0.0512821
0.65 1 1.02323 0.0512821
0.66 1 1.0059 0.0512821
0.67 1 0.987331 0.0512821
0.68 1 0.972462 0.0512821
0.69 1 0.965376 0.0512821
0.7 1 0.968132 0.0512821
0.71 1 0.98005 0.0512821
0.72 1 0.997727 0.0512821
0.73 1 1.01587 0.0512821
0.74 1 1.02881 0.0512821
0.75 1 1.03223 0.0512821
0.76 1 1.0248 0.0512821
0.77 1 1.00881 0.0512821
0.78 1 0.989765 0.0512821
0.79 1 0.974692 0.0512821
0.8 1 0.969578 0.0512821
0.81 1 0.976866 0.0512821
0.82 1 0.993973 0.0512821
0.83 1 1.01373 0.0512821
0.84 1 1.02704 0.0512821
0.85 1 1.02696 0.0512821
0.86 1 1.01275 0.0512821
0.87 1 0.991366 0.0512821
0.88 1 0.974996 0.0512821
0.89 1 0.974504 0.0512821
0.9 1 0.991664 0.0512821
0.91 1 1.01534 0.0512821
0.92 1 1.02665 0.0512821
0.93 1 1.0136 0.0512821
0.94 1 0.986159 0.0512821
0.95 1 0.974577 0.0512821
0.96 1 0.998149 0.0512821
0.97 1 1.02504 0.0512821
0.98 1 0.998974 0.0512821
0.99 1 0.982044 0.0512821
