-1 -1 -0.968787 0.0625754
-0.99 -1 -1.00574 0.0625754
-0.98 -1 -0.968412 0.0625754
-0.97 -1 -1.00013 0.0625754
-0.96 -1 -1.03061 0.0625754
-0.95 -1 -1.02432 0.0625754
-0.94 -1 -0.995179 0.0625754
-0.93 -1 -0.97092 0.0625754
-0.92 -1 -0.967815 0.0625754
-0.91 -1 -0.984879 0.0625754
-0.9 -1 -1.0101 0.0625754
-0.89 -1 -1.02974 0.0625754
-0.88 -1 -1.03515 0.0625754
-0.87 -1 -1.02521 0.0625754
-0.86 -1 -1.00513 0.0625754
-0.85 -1 -0.983215 0.0625754
-0.84 -1 -0.967372 0.0625754
-0.83 -1 -0.962569 0.0625754
-0.82 -1 -0.969751 0.0625754
-0.81 -1 -0.986164 0.0625754
-0.8 -1 -1.00666 0.0625754
-0.79 -1 -1.02539 0.0625754
-0.78 -1 -1.03746 0.0625754
-0.77 -1 -1.04001 0.0625754
-0.76 -1 -1.03268 0.0625754
-0.75 -1 -1.01748 0.0625754
-0.74 -1 -0.998094 0.0625754
-0.73 -1 -0.978901 0.0625754
-0.72 -1 -0.964031 0.0625754
-0.71 -1 -0.956517 0.0625754
-0.7 -1 -0.957778 0.0625754
-0.69 -1 -0.967455 0.0625754
-0.68 -1 -0.983598 0.0625754
-0.67 -1 -1.00312 0.0625754
-0.66 -1 -1.02243 0.0625754
-0.65 -1 -1.03806 0.0625754
-0.64 -1 -1.04729 0.0625754
-0.63 -1 -1.04856 0.0625754
-0.62 -1 -1.04164 0.0625754
-0.61 -1 -1.02766 0.0625754
-0.6 -1 -1.00885 0.0625754
-0.59 -1 -0.988173 0.0625754
-0.58 -1 -0.96883 0.0625754
-0.57 -1 -0.95379 0.0625754
-0.56 -1 -0.945353 0.0625754
-0.55 -1 -0.94484 0.0625754
-0.54 -1 -0.95242 0.0625754
-0.53 -1 -0.967116 0.0625754
-0.52 -1 -0.986955 0.0625754
-0.51 -1 -1.00926 0.0625754
-0.5 -1 -1.031 0.0625754
-0.49 -1 -1.04921 0.0625754
-0.48 -1 -1.06139 0.0625754
-0.47 -1 -1.06579 0.0625754
-0.46 -1 -1.06164 0.0625754
-0.45 -1 -1.04928 0.0625754
-0.44 -1 -1.03006 0.0625754
-0.43 -1 -1.00622 0.0625754
-0.42 -1 -0.980606 0.0625754
-0.41 -1 -0.956345 0.0625754
-0.4 -1 -0.936454 0.0625754
-0.39 -1 -0.923502 0.0625754
-0.38 -1 -0.9193 0.0625754
-0.37 -1 -0.924681 0.0625754
-0.36 -1 -0.93939 0.0625754
-0.35 -1 -0.962086 0.0625754
-0.34 -1 -0.990472 0.0625754
-0.33 -1 -1.02153 0.0625754
-0.32 -1 -1.05181 0.0625754
-0.31 -1 -1.07783 0.0625754
-0.3 -1 -1.09644 0.0625754
-0.29 -1 -1.10512 0.0625754
-0.28 -1 -1.10234 0.0625754
-0.27 -1 -1.08775 0.0625754
-0.26 -1 -1.0622 0.0625754
-0.25 -1 -1.02779 0.0625754
-0.24 -1 -0.987668 0.0625754
-0.23 -1 -0.945778 0.0625754
-0.22 -1 -0.906508 0.0625754
-0.21 -1 -0.874281 0.0625754
-0.2 -1 -0.85312 0.0625754
-0.19 -1 -0.84624 0.0625754
-0.18 -1 -0.855679 0.0625754
-0.17 -1 -0.882025 0.0625754
-0.16 -1 -0.924252 0.0625754
-0.15 -1 -0.979683 0.0625754
-0.14 -1 -1.04409 0.0625754
-0.13 -1 -1.11194 0.0625754
-0.12 -1 -1.17673 0.0625754
-0.11 -1 -1.23141 0.0625754
-0.1 -1 -1.26893 0.0625754
-0.09 -1 -1.28274 0.0625754
-0.08 -1 -1.26725 0.0625754
-0.07 -1 -1.21835 0.0625754
-0.06 -1 -1.13372 0.0625754
-0.05 -1 -1.01304 0.0625754
-0.04 -1 -0.858146 0.0625754
-0.03 -1 -0.672923 0.0625754
-0.02 -1 -0.463122 0.0625754
-0.01 -1 -0.236026 0.0625754
7.5287e-16 1 1.42351e-14 0.0625754
0.01 1 0.236026 0.0625754
0.02 1 0.463122 0.0625754
0.03 1 0.672923 0.0625754
0.04 1 0.858146 0.0625754
0.05 1 1.01304 0.0625754
0.06 1 1.13372 0.0625754
0.07 1 1.21835 0.0625754
0.08 1 1.26725 0.0625754
0.09 1 1.28274 0.0625754
0.1 1 1.26893 0.0625754
0.11 1 1.23141 0.0625754
0.12 1 1.17673 0.0625754
0.13 1 1.11194 0.0625754
0.14 1 1.04409 0.0625754
0.15 1 0.979683 0.0625754
0.16 1 0.924252 0.0625754
0.17 1 0.882025 0.0625754
0.18 1 0.855679 0.0625754
0.19 1 0.84624 0.0625754
0.2 1 0.85312 0.0625754
0.21 1 0.874281 0.0625754
0.22 1 0.906508 0.0625754
0.23 1 0.945778 0.0625754
0.24 1 0.987668 0.0625754
0.25 1 1.02779 0.0625754
0.26 1 1.0622 0.0625754
0.27 1 1.08775 0.0625754
0.28 1 1.10234 0.0625754
0.29 1 1.10512 0.0625754
0.3 1 1.09644 0.0625754
0.31 1 1.07783 0.0625754
0.32 1 1.05181 0.0625754
0.33 1 1.02153 0.0625754
0.34 1 0.990472 0.0625754
0.35 1 0.962086 0.0625754
0.36 1 0.93939 0.0625754
0.37 1 0.924681 0.0625754
0.38 1 0.9193 0.0625754
0.39 1 0.923502 0.0625754
0.4 1 0.936454 0.0625754
0.41 1 0.956345 0.0625754
0.42 1 0.980606 0.0625754
0.43 1 1.00622 0.0625754
0.44 1 1.03006 0.0625754
0.45 1 1.04928 0.0625754
0.46 1 1.06164 0.0625754
0.47 1 1.06579 0.0625754
0.48 1 1.06139 0.0625754
0.49 1 1.04921 0.0625754
0.5 1 1.031 0.0625754
0.51 1 1.00926 0.0625754
0.52 1 0.986955 0.0625754
0.53 1 0.967116 0.0625754
0.54 1 0.95242 0.0625754
0.55 1 0.94484 0.0625754
0.56 1 0.945353 0.0625754
0.57 1 0.95379 0.0625754
0.58 1 0.96883 0.0625754
0.59 1 0.988173 0.0625754
0.6 1 1.00885 0.0625754
0.61 1 1.02766 0.0625754
0.62 1 1.04164 0.0625754
0.63 1 1.04856 0.0625754
0.64 1 1.04729 0.0625754
0.65 1 1.03806 0.0625754
0.66 1 1.02243 0.0625754
0.67 1 1.00312 0.0625754
0.68 1 0.983598 0.0625754
0.69 1 0.967455 0.0625754
0.7 1 0.957778 0.0625754
0.71 1 0.956517 0.0625754
0.72 1 0.964031 0.0625754
0.73 1 0.978901 0.0625754
0.74 1 0.998094 0.0625754
0.75 1 1.01748 0.0625754
0.76 1 1.03268 0.0625754
0.77 1 1.04001 0.0625754
0.78 1 1.03746 0.0625754
0.79 1 1.02539 0.0625754
0.8 1 1.00666 0.0625754
0.81 1 0.986164 0.0625754
0.82 1 0.969751 0.0625754
0.83 1 0.962569 0.0625754
0.84 1 0.967372 0.0625754
0.85 1 0.983215 0.0625754
0.86 1 1.00513 0.0625754
0.87 1 1.02521 0.0625754
0.88 1 1.03515 0.0625754
0.89 1 1.02974 0.0625754
0.9 1 1.0101 0.0625754
0.91 1 0.984879 0.0625754
0.92 1 0.967815 0.0625754
0.93 1 0.97092 0.0625754
0.94 1 0.995179 0.0625754
0.95 1 1.02432 0.0625754
0.96 1 1.03061 0.0625754
0.97 1 1.00013 0.0625754
0.98 1 0.968412 0.0625754
0.99 1 1.00574 0.0625754
