-1 -1 -1.04644 0.0869565
-0.99 -1 -0.953366 0.0869565
-0.98 -1 -0.995042 0.0869565
-0.97 -1 -1.03861 0.0869565
-0.96 -1 -1.04706 0.0869565
-0.95 -1 -1.02564 0.0869565
-0.94 -1 -0.9924 0.0869565
-0.93 -1 -0.963912 0.0869565
-0.92 -1 -0.949916 0.0869565
-0.91 -1 -0.952868 0.0869565
-0.9 -1 -0.969729 0.0869565
-0.89 -1 -0.994427 0.0869565
-0.88 -1 -1.02013 0.0869565
-0.87 -1 -1.04094 0.0869565
-0.86 -1 -1.05286 0.0869565
-0.85 -1 -1.05419 0.0869565
-0.84 -1 -1.04538 0.0869565
-0.83 -1 -1.02856 0.0869565
-0.82 -1 -1.00695 0.0869565
-0.81 -1 -0.984168 0.0869565
-0.8 -1 -0.9637 0.0869565
-0.79 -1 -0.948391 0.0869565
-0.78 -1 -0.940165 0.0869565
-0.77 -1 -0.939884 0.0869565
-0.76 -1 -0.947354 0.0869565
-0.75 -1 -0.961459 0.0869565
-0.74 -1 -0.980374 0.0869565
-0.73 -1 -1.00183 0.0869565
-0.72 -1 -1.0234 0.0869565
-0.71 -1 -1.04274 0.0869565
-0.7 -1 -1.05786 0.0869565
-0.69 -1 -1.06726 0.0869565
-0.68 -1 -1.07005 0.0869565
-0.67 -1 -1.066 0.0869565
-0.66 -1 -1.05553 0.0869565
-0.65 -1 -1.03961 0.0869565
-0.64 -1 -1.0197 0.0869565
-0.63 -1 -0.997538 0.0869565
-0.62 -1 -0.975044 0.0869565
-0.61 -1 -0.954123 0.0869565
-0.6 -1 -0.936523 0.0869565
-0.59 -1 -0.923708 0.0869565
-0.58 -1 -0.916751 0.0869565
-0.57 -1 -0.916265 0.0869565
-0.56 -1 -0.922373 0.0869565
-0.55 -1 -0.934703 0.0869565
-0.54 -1 -0.952434 0.0869565
-0.53 -1 -0.974351 0.0869565
-0.52 -1 -0.998944 0.0869565
-0.51 -1 -1.02451 0.0869565
-0.5 -1 -1.04925 0.0869565
-0.49 -1 -1.07144 0.0869565
-0.48 -1 -1.08948 0.0869565
-0.47 -1 -1.10203 0.0869565
-0.46 -1 -1.10809 0.0869565
-0.45 -1 -1.10705 0.0869565
-0.44 -1 -1.09876 0.0869565
-0.43 -1 -1.0835 0.0869565
-0.42 -1 -1.06199 0.0869565
-0.41 -1 -1.03536 0.0869565
-0.4 -1 -1.00507 0.0869565
-0.39 -1 -0.972846 0.0869565
-0.38 -1 -0.940582 0.0869565
-0.37 -1 -0.910239 0.0869565
-0.36 -1 -0.883741 0.0869565
-0.35 -1 -0.862865 0.0869565
-0.34 -1 -0.84915 0.0869565
-0.33 -1 -0.843801 0.0869565
-0.32 -1 -0.847623 0.0869565
-0.31 -1 -0.86096 0.0869565
-0.3 -1 -0.883665 0.0869565
-0.29 -1 -0.915088 0.0869565
-0.28 -1 -0.954081 0.0869565
-0.27 -1 -0.999038 0.0869565
-0.26 -1 -1.04794 0.0869565
-0.25 -1 -1.09844 0.0869565
-0.24 -1 -1.14791 0.0869565
-0.23 -1 -1.19362 0.0869565
-0.22 -1 -1.23274 0.0869565
-0.21 -1 -1.26253 0.0869565
-0.2 -1 -1.28041 0.0869565
-0.19 -1 -1.28408 0.0869565
-0.18 -1 -1.2716 0.0869565
-0.17 -1 -1.24147 0.0869565
-0.16 -1 -1.1927 0.0869565
-0.15 -1 -1.12487 0.0869565
-0.14 -1 -1.03813 0.0869565
-0.13 -1 -0.93321 0.0869565
-0.12 -1 -0.811418 0.0869565
-0.11 -1 -0.674588 0.0869565
-0.1 -1 -0.525032 0.0869565
-0.09 -1 -0.365459 0.0869565
-0.08 -1 -0.198897 0.0869565
-0.07 -1 -0.0285853 0.0869565
-0.06 -1 0.142124 0.0869565
-0.05 -1 0.309878 0.0869565
-0.04 -1 0.471431 0.0869565
-0.03 -1 0.623747 0.0869565
-0.02 -1 0.764097 0.0869565
-0.01 -1 0.890141 0.0869565
7.5287e-16 1 1 0.0869565
0.01 1 1.0923 0.0869565
0.02 1 1.16623 0.0869565
0.03 1 1.22152 0.0869565
0.04 1 1.25846 0.0869565
0.05 1 1.27788 0.0869565
0.06 1 1.28108 0.0869565
0.07 1 1.2698 0.0869565
0.08 1 1.24613 0.0869565
0.09 1 1.21243 0.0869565
0.1 1 1.17124 0.0869565
0.11 1 1.12515 0.0869565
0.12 1 1.07678 0.0869565
0.13 1 1.02861 0.0869565
0.14 1 0.982911 0.0869565
0.15 1 0.941702 0.0869565
0.16 1 0.906646 0.0869565
0.17 1 0.87902 0.0869565
0.18 1 0.859676 0.0869565
0.19 1 0.849029 0.0869565
0.2 1 0.847061 0.0869565
0.21 1 0.853341 0.0869565
0.22 1 0.867064 0.0869565
0.23 1 0.887104 0.0869565
0.24 1 0.912081 0.0869565
0.25 1 0.940433 0.0869565
0.26 1 0.970498 0.0869565
0.27 1 1.0006 0.0869565
0.28 1 1.02913 0.0869565
0.29 1 1.05462 0.0869565
0.3 1 1.07582 0.0869565
0.31 1 1.09175 0.0869565
0.32 1 1.10173 0.0869565
0.33 1 1.10544 0.0869565
0.34 1 1.10291 0.0869565
0.35 1 1.09449 0.0869565
0.36 1 1.08086 0.0869565
0.37 1 1.063 0.0869565
0.38 1 1.04206 0.0869565
0.39 1 1.01938 0.0869565
0.4 1 0.996353 0.0869565
0.41 1 0.974374 0.0869565
0.42 1 0.954753 0.0869565
0.43 1 0.938635 0.0869565
0.44 1 0.926941 0.0869565
0.45 1 0.920308 0.0869565
0.46 1 0.91905 0.0869565
0.47 1 0.923143 0.0869565
0.48 1 0.932219 0.0869565
0.49 1 0.945592 0.0869565
0.5 1 0.962296 0.0869565
0.51 1 0.981147 0.0869565
0.52 1 1.00082 0.0869565
0.53 1 1.01992 0.0869565
0.54 1 1.03711 0.0869565
0.55 1 1.05116 0.0869565
0.56 1 1.06107 0.0869565
0.57 1 1.06615 0.0869565
0.58 1 1.06602 0.0869565
0.59 1 1.06073 0.0869565
0.6 1 1.05072 0.0869565
0.61 1 1.03678 0.0869565
0.62 1 1.02008 0.0869565
0.63 1 1.00199 0.0869565
0.64 1 0.984047 0.0869565
0.65 1 0.967818 0.0869565
0.66 1 0.954752 0.0869565
0.67 1 0.946058 0.0869565
0.68 1 0.942584 0.0869565
0.69 1 0.944715 0.0869565
0.7 1 0.95231 0.0869565
0.71 1 0.964679 0.0869565
0.72 1 0.980615 0.0869565
0.73 1 0.998479 0.0869565
0.74 1 1.01634 0.0869565
0.75 1 1.03217 0.0869565
0.76 1 1.04404 0.0869565
0.77 1 1.0504 0.0869565
0.78 1 1.05028 0.0869565
0.79 1 1.04346 0.0869565
0.8 1 1.03063 0.0869565
0.81 1 1.01339 0.0869565
0.82 1 0.994114 0.0869565
0.83 1 0.975751 0.0869565
0.84 1 0.961399 0.0869565
0.85 1 0.953818 0.0869565
0.86 1 0.954873 0.0869565
0.87 1 0.96499 0.0869565
0.88 1 0.982754 0.0869565
0.89 1 1.00478 0.0869565
0.9 1 1.02602 0.0869565
0.91 1 1.04058 0.0869565
0.92 1 1.04319 0.0869565
0.93 1 1.03117 0.0869565
0.94 1 1.00657 0.0869565
0.95 1 0.977788 0.0869565
0.96 1 0.959167 0.0869565
0.97 1 0.96645 0.0869565
0.98 1 1.00431 0.0869565
0.99 1 1.04063 0.0869565
