-1 -1 -1.02938 0.0588864
-0.99 -1 -1.00296 0.0588864
-0.98 -1 -1.02589 0.0588864
-0.97 -1 -0.985607 0.0588864
-0.96 -1 -0.970167 0.0588864
-0.95 -1 -0.993902 0.0588864
-0.94 -1 -1.02331 0.0588864
-0.93 -1 -1.03075 0.0588864
-0.92 -1 -1.01374 0.0588864
-0.91 -1 -0.987485 0.0588864
-0.9 -1 -0.969615 0.0588864
-0.89 -1 -0.969476 0.0588864
-0.88 -1 -0.985457 0.0588864
-0.87 -1 -1.0084 0.0588864
-0.86 -1 -1.02735 0.0588864
-0.85 -1 -1.03453 0.0588864
-0.84 -1 -1.02782 0.0588864
-0.83 -1 -1.01055 0.0588864
-0.82 -1 -0.989465 0.0588864
-0.81 -1 -0.971947 0.0588864
-0.8 -1 -0.963548 0.0588864
-0.79 -1 -0.966529 0.0588864
-0.78 -1 -0.97959 0.0588864
-0.77 -1 -0.998649 0.0588864
-0.76 -1 -1.01825 0.0588864
-0.75 -1 -1.03314 0.0588864
-0.74 -1 -1.03959 0.0588864
-0.73 -1 -1.03615 0.0588864
-0.72 -1 -1.02385 0.0588864
-0.71 -1 -1.00574 0.0588864
-0.7 -1 -0.986032 0.0588864
-0.69 -1 -0.969145 0.0588864
-0.68 -1 -0.958713 0.0588864
-0.67 -1 -0.956889 0.0588864
-0.66 -1 -0.963994 0.0588864
-0.65 -1 -0.978553 0.0588864
-0.64 -1 -0.997667 0.0588864
-0.63 -1 -1.01764 0.0588864
-0.62 -1 -1.03468 0.0588864
-0.61 -1 -1.04564 0.0588864
-0.6 -1 -1.04848 0.0588864
-0.59 -1 -1.04267 0.0588864
-0.58 -1 -1.02917 0.0588864
-0.57 -1 -1.01024 0.0588864
-0.56 -1 -0.989049 0.0588864
-0.55 -1 -0.969111 0.0588864
-0.54 -1 -0.953715 0.0588864
-0.53 -1 -0.945419 0.0588864
-0.52 -1 -0.945652 0.0588864
-0.51 -1 -0.95452 0.0588864
-0.5 -1 -0.9708 0.0588864
-0.49 -1 -0.992142 0.0588864
-0.48 -1 -1.01542 0.0588864
-0.47 -1 -1.03721 0.0588864
-0.46 -1 -1.05424 0.0588864
-0.45 -1 -1.06392 0.0588864
-0.44 -1 -1.06465 0.0588864
-0.43 -1 -1.05607 0.0588864
-0.42 -1 -1.03913 0.0588864
-0.41 -1 -1.01592 0.0588864
-0.4 -1 -0.989456 0.0588864
-0.39 -1 -0.963264 0.0588864
-0.38 -1 -0.940915 0.0588864
-0.37 -1 -0.925568 0.0588864
-0.36 -1 -0.919557 0.0588864
-0.35 -1 -0.924068 0.0588864
-0.34 -1 -0.938968 0.0588864
-0.33 -1 -0.962785 0.0588864
-0.32 -1 -0.992858 0.0588864
-0.31 -1 -1.02563 0.0588864
-0.3 -1 -1.05704 0.0588864
-0.29 -1 -1.08303 0.0588864
-0.28 -1 -1.10001 0.0588864
-0.27 -1 -1.10531 0.0588864
-0.26 -1 -1.09753 0.0588864
-0.25 -1 -1.07679 0.0588864
-0.24 -1 -1.04475 0.0588864
-0.23 -1 -1.00453 0.0588864
-0.22 -1 -0.960424 0.0588864
-0.21 -1 -0.917484 0.0588864
-0.2 -1 -0.881001 0.0588864
-0.19 -1 -0.855932 0.0588864
-0.18 -1 -0.846339 0.0588864
-0.17 -1 -0.854881 0.0588864
-0.16 -1 -0.882422 0.0588864
-0.15 -1 -0.927795 0.0588864
-0.14 -1 -0.987742 0.0588864
-0.13 -1 -1.05706 0.0588864
-0.12 -1 -1.12892 0.0588864
-0.11 -1 -1.19535 0.0588864
-0.1 -1 -1.24789 0.0588864
-0.09 -1 -1.27822 0.0588864
-0.08 -1 -1.27889 0.0588864
-0.07 -1 -1.24398 0.0588864
-0.06 -1 -1.16965 0.0588864
-0.05 -1 -1.05451 0.0588864
-0.04 -1 -0.89988 0.0588864
-0.03 -1 -0.709719 0.0588864
-0.02 -1 -0.490461 0.0588864
-0.01 -1 -0.250577 0.0588864
7.5287e-16 1 2.01939e-14 0.0588864
0.01 1 0.250577 0.0588864
0.02 1 0.490461 0.0588864
0.03 1 0.709719 0.0588864
0.04 1 0.89988 0.0588864
0.05 1 1.05451 0.0588864
0.06 1 1.16965 0.0588864
0.07 1 1.24398 0.0588864
0.08 1 1.27889 0.0588864
0.09 1 1.27822 0.0588864
0.1 1 1.24789 0.0588864
0.11 1 1.19535 0.0588864
0.12 1 1.12892 0.0588864
0.13 1 1.05706 0.0588864
0.14 1 0.987742 0.0588864
0.15 1 0.927795 0.0588864
0.16 1 0.882422 0.0588864
0.17 1 0.854881 0.0588864
0.18 1 0.846339 0.0588864
0.19 1 0.855932 0.0588864
0.2 1 0.881001 0.0588864
0.21 1 0.917484 0.0588864
0.22 1 0.960424 0.0588864
0.23 1 1.00453 0.0588864
0.24 1 1.04475 0.0588864
0.25 1 1.07679 0.0588864
0.26 1 1.09753 0.0588864
0.27 1 1.10531 0.0588864
0.28 1 1.10001 0.0588864
0.29 1 1.08303 0.0588864
0.3 1 1.05704 0.0588864
0.31 1 1.02563 0.0588864
0.32 1 0.992858 0.0588864
0.33 1 0.962785 0.0588864
0.34 1 0.938968 0.0588864
0.35 1 0.924068 0.0588864
0.36 1 0.919557 0.0588864
0.37 1 0.925568 0.0588864
0.38 1 0.940915 0.0588864
0.39 1 0.963264 0.0588864
0.4 1 0.989456 0.0588864
0.41 1 1.01592 0.0588864
0.42 1 1.03913 0.0588864
0.43 1 1.05607 0.0588864
0.44 1 1.06465 0.0588864
0.45 1 1.06392 0.0588864
0.46 1 1.05424 0.0588864
0.47 1 1.03721 0.0588864
0.48 1 1.01542 0.0588864
0.49 1 0.992142 0.0588864
0.5 1 0.9708 0.0588864
0.51 1 0.95452 0.0588864
0.52 1 0.945652 0.0588864
0.53 1 0.945419 0.0588864
0.54 1 0.953715 0.0588864
0.55 1 0.969111 0.0588864
0.56 1 0.989049 0.0588864
0.57 1 1.01024 0.0588864
0.58 1 1.02917 0.0588864
0.59 1 1.04267 0.0588864
0.6 1 1.04848 0.0588864
0.61 1 1.04564 0.0588864
0.62 1 1.03468 0.0588864
0.63 1 1.01764 0.0588864
0.64 1 0.997667 0.0588864
0.65 1 0.978553 0.0588864
0.66 1 0.963994 0.0588864
0.67 1 0.956889 0.0588864
0.68 1 0.958713 0.0588864
0.69 1 0.969145 0.0588864
0.7 1 0.986032 0.0588864
0.71 1 1.00574 0.0588864
0.72 1 1.02385 0.0588864
0.73 1 1.03615 0.0588864
0.74 1 1.03959 0.0588864
0.75 1 1.03314 0.0588864
0.76 1 1.01825 0.0588864
0.77 1 0.998649 0.0588864
0.78 1 0.97959 0.0588864
0.79 1 0.966529 0.0588864
0.8 1 0.963548 0.0588864
0.81 1 0.971947 0.0588864
0.82 1 0.989465 0.0588864
0.83 1 1.01055 0.0588864
0.84 1 1.02782 0.0588864
0.85 1 1.03453 0.0588864
0.86 1 1.02735 0.0588864
0.87 1 1.0084 0.0588864
0.88 1 0.985457 0.0588864
0.89 1 0.969476 0.0588864
0.9 1 0.969615 0.0588864
0.91 1 0.987485 0.0588864
0.92 1 1.01374 0.0588864
0.93 1 1.03075 0.0588864
0.94 1 1.02331 0.0588864
0.95 1 0.993902 0.0588864
0.96 1 0.970167 0.0588864
0.97 1 0.985607 0.0588864
0.98 1 1.02589 0.0588864
0.99 1 1.00296 0.0588864
