-1 -1 -0.979434 0.0425532
-0.99 -1 -0.980633 0.0425532
-0.98 -1 -1.02097 0.0425532
-0.97 -1 -0.989002 0.0425532
-0.96 -1 -0.984671 0.0425532
-0.95 -1 -1.01532 0.0425532
-0.94 -1 -1.0173 0.0425532
-0.93 -1 -0.991182 0.0425532
-0.92 -1 -0.97778 0.0425532
-0.91 -1 -0.99276 0.0425532
-0.9 -1 -1.01598 0.0425532
-0.89 -1 -1.02223 0.0425532
-0.88 -1 -1.00687 0.0425532
-0.87 -1 -0.985378 0.0425532
-0.86 -1 -0.976236 0.0425532
-0.85 -1 -0.985882 0.0425532
-0.84 -1 -1.00605 0.0425532
-0.83 -1 -1.02199 0.0425532
-0.82 -1 -1.02324 0.0425532
-0.81 -1 -1.00964 0.0425532
-0.8 -1 -0.990089 0.0425532
-0.79 -1 -0.976206 0.0425532
-0.78 -1 -0.975583 0.0425532
-0.77 -1 -0.98815 0.0425532
-0.76 -1 -1.00701 0.0425532
-0.75 -1 -1.02254 0.0425532
-0.74 -1 -1.02727 0.0425532
-0.73 -1 -1.0192 0.0425532
-0.72 -1 -1.00224 0.0425532
-0.71 -1 -0.984046 0.0425532
-0.7 -1 -0.972479 0.0425532
-0.69 -1 -0.972317 0.0425532
-0.68 -1 -0.983511 0.0425532
-0.67 -1 -1.0015 0.0425532
-0.66 -1 -1.01922 0.0425532
-0.65 -1 -1.02993 0.0425532
-0.64 -1 -1.02966 0.0425532
-0.63 -1 -1.01851 0.0425532
-0.62 -1 -1.00049 0.0425532
-0.61 -1 -0.981898 0.0425532
-0.6 -1 -0.969142 0.0425532
-0.59 -1 -0.966554 0.0425532
-0.58 -1 -0.975051 0.0425532
-0.57 -1 -0.991937 0.0425532
-0.56 -1 -1.01186 0.0425532
-0.55 -1 -1.02854 0.0425532
-0.54 -1 -1.03677 0.0425532
-0.53 -1 -1.03389 0.0425532
-0.52 -1 -1.02065 0.0425532
-0.51 -1 -1.00082 0.0425532
-0.5 -1 -0.980135 0.0425532
-0.49 -1 -0.964596 0.0425532
-0.48 -1 -0.958756 0.0425532
-0.47 -1 -0.964468 0.0425532
-0.46 -1 -0.980384 0.0425532
-0.45 -1 -1.00233 0.0425532
-0.44 -1 -1.02443 0.0425532
-0.43 -1 -1.0407 0.0425532
-0.42 -1 -1.04662 0.0425532
-0.41 -1 -1.0403 0.0425532
-0.4 -1 -1.02304 0.0425532
-0.39 -1 -0.999008 0.0425532
-0.38 -1 -0.97419 0.0425532
-0.37 -1 -0.954928 0.0425532
-0.36 -1 -0.946328 0.0425532
-0.35 -1 -0.950968 0.0425532
-0.34 -1 -0.968215 0.0425532
-0.33 -1 -0.994302 0.0425532
-0.32 -1 -1.02317 0.0425532
-0.31 -1 -1.04785 0.0425532
-0.3 -1 -1.06213 0.0425532
-0.29 -1 -1.06203 0.0425532
-0.28 -1 -1.04683 0.0425532
-0.27 -1 -1.01936 0.0425532
-0.26 -1 -0.985469 0.0425532
-0.25 -1 -0.952825 0.0425532
-0.24 -1 -0.929213 0.0425532
-0.23 -1 -0.920765 0.0425532
-0.22 -1 -0.930483 0.0425532
-0.21 -1 -0.95739 0.0425532
-0.2 -1 -0.99651 0.0425532
-0.19 -1 -1.03974 0.0425532
-0.18 -1 -1.07745 0.0425532
-0.17 -1 -1.10048 0.0425532
-0.16 -1 -1.10223 0.0425532
-0.15 -1 -1.08026 0.0425532
-0.14 -1 -1.03717 0.0425532
-0.13 -1 -0.980518 0.0425532
-0.12 -1 -0.921616 0.0425532
-0.11 -1 -0.873552 0.0425532
-0.1 -1 -0.84861 0.0425532
-0.09 -1 -0.855642 0.0425532
-0.08 -1 -0.897841 0.0425532
-0.07 -1 -0.97139 0.0425532
-0.06 -1 -1.06526 0.0425532
-0.05 -1 -1.16229 0.0425532
-0.04 -1 -1.24142 0.0425532
-0.03 -1 -1.28082 0.0425532
-0.02 -1 -1.26123 0.0425532
-0.01 -1 -1.16931 0.0425532
7.5287e-16 1 -1 0.0425532
0.01 1 -0.7579 0.0425532
0.02 1 -0.457055 0.0425532
0.03 1 -0.119374 0.0425532
0.04 1 0.228208 0.0425532
0.05 1 0.557364 0.0425532
0.06 1 0.842231 0.0425532
0.07 1 1.0629 0.0425532
0.08 1 1.20795 0.0425532
0.09 1 1.27575 0.0425532
0.1 1 1.27414 0.0425532
0.11 1 1.21879 0.0425532
0.12 1 1.13041 0.0425532
0.13 1 1.03132 0.0425532
0.14 1 0.941994 0.0425532
0.15 1 0.878039 0.0425532
0.16 1 0.848274 0.0425532
0.17 1 0.853994 0.0425532
0.18 1 0.889589 0.0425532
0.19 1 0.944314 0.0425532
0.2 1 1.00481 0.0425532
0.21 1 1.05794 0.0425532
0.22 1 1.0933 0.0425532
0.23 1 1.10506 0.0425532
0.24 1 1.09282 0.0425532
0.25 1 1.06122 0.0425532
0.26 1 1.01868 0.0425532
0.27 1 0.975335 0.0425532
0.28 1 0.940824 0.0425532
0.29 1 0.922225 0.0425532
0.3 1 0.922665 0.0425532
0.31 1 0.940847 0.0425532
0.32 1 0.971544 0.0425532
0.33 1 1.00696 0.0425532
0.34 1 1.03859 0.0425532
0.35 1 1.0592 0.0425532
0.36 1 1.06448 0.0425532
0.37 1 1.05389 0.0425532
0.38 1 1.03072 0.0425532
0.39 1 1.00118 0.0425532
0.4 1 0.972812 0.0425532
0.41 1 0.952639 0.0425532
0.42 1 0.945417 0.0425532
0.43 1 0.95251 0.0425532
0.44 1 0.971593 0.0425532
0.45 1 0.997302 0.0425532
0.46 1 1.02266 0.0425532
0.47 1 1.04092 0.0425532
0.48 1 1.04737 0.0425532
0.49 1 1.04055 0.0425532
0.5 1 1.02269 0.0425532
0.51 1 0.999069 0.0425532
0.52 1 0.976538 0.0425532
0.53 1 0.961574 0.0425532
0.54 1 0.958414 0.0425532
0.55 1 0.967785 0.0425532
0.56 1 0.986646 0.0425532
0.57 1 1.00906 0.0425532
0.58 1 1.02798 0.0425532
0.59 1 1.03744 0.0425532
0.6 1 1.03448 0.0425532
0.61 1 1.02019 0.0425532
0.62 1 0.999458 0.0425532
0.63 1 0.979425 0.0425532
0.64 1 0.96709 0.0425532
0.65 1 0.966834 0.0425532
0.66 1 0.978732 0.0425532
0.67 1 0.998344 0.0425532
0.68 1 1.01819 0.0425532
0.69 1 1.03049 0.0425532
0.7 1 1.03027 0.0425532
0.71 1 1.01753 0.0425532
0.72 1 0.997542 0.0425532
0.73 1 0.978959 0.0425532
0.74 1 0.970153 0.0425532
0.75 1 0.975363 0.0425532
0.76 1 0.992346 0.0425532
0.77 1 1.01292 0.0425532
0.78 1 1.0266 0.0425532
0.79 1 1.02589 0.0425532
0.8 1 1.01077 0.0425532
0.81 1 0.98953 0.0425532
0.82 1 0.974793 0.0425532
0.83 1 0.976166 0.0425532
0.84 1 0.993444 0.0425532
0.85 1 1.01527 0.0425532
0.86 1 1.02568 0.0425532
0.87 1 1.01579 0.0425532
0.88 1 0.992583 0.0425532
0.89 1 0.976038 0.0425532
0.9 1 0.982794 0.0425532
0.91 1 1.00779 0.0425532
0.92 1 1.02389 0.0425532
0.93 1 1.00947 0.0425532
0.94 1 0.981424 0.0425532
0.95 1 0.983561 0.0425532
0.96 1 1.01643 0.0425532
0.97 1 1.01178 0.0425532
0.98 1 0.97755 0.0425532
0.99 1 1.02072 0.0425532
