-1 -1 -0.869858 0.222222
-0.99 -1 -0.961485 0.222222
-0.98 -1 -1.03064 0.222222
-0.97 -1 -1.08037 0.222222
-0.96 -1 -1.11345 0.222222
-0.95 -1 -1.13242 0.222222
-0.94 -1 -1.1396 0.222222
-0.93 -1 -1.13706 0.222222
-0.92 -1 -1.1267 0.222222
-0.91 -1 -1.11022 0.222222
-0.9 -1 -1.08914 0.222222
-0.89 -1 -1.0648 0.222222
-0.88 -1 -1.03839 0.222222
-0.87 -1 -1.01097 0.222222
-0.86 -1 -0.983447 0.222222
-0.85 -1 -0.956593 0.222222
-0.84 -1 -0.931077 0.222222
-0.83 -1 -0.907455 0.222222
-0.82 -1 -0.88618 0.222222
-0.81 -1 -0.867616 0.222222
-0.8 -1 -0.85204 0.222222
-0.79 -1 -0.83965 0.222222
-0.78 -1 -0.830578 0.222222
-0.77 -1 -0.824887 0.222222
-0.76 -1 -0.822585 0.222222
-0.75 -1 -0.82363 0.222222
-0.74 -1 -0.827929 0.222222
-0.73 -1 -0.835353 0.222222
-0.72 -1 -0.845736 0.222222
-0.71 -1 -0.85888 0.222222
-0.7 -1 -0.874561 0.222222
-0.69 -1 -0.892534 0.222222
-0.68 -1 -0.912535 0.222222
-0.67 -1 -0.934286 0.222222
-0.66 -1 -0.957496 0.222222
-0.65 -1 -0.981869 0.222222
-0.64 -1 -1.0071 0.222222
-0.63 -1 -1.03289 0.222222
-0.62 -1 -1.05894 0.222222
-0.61 -1 -1.08493 0.222222
-0.6 -1 -1.11058 0.222222
-0.59 -1 -1.1356 0.222222
-0.58 -1 -1.1597 0.222222
-0.57 -1 -1.18263 0.222222
-0.56 -1 -1.20411 0.222222
-0.55 -1 -1.2239 0.222222
-0.54 -1 -1.24178 0.222222
-0.53 -1 -1.25753 0.222222
-0.52 -1 -1.27094 0.222222
-0.51 -1 -1.28184 0.222222
-0.5 -1 -1.29006 0.222222
-0.49 -1 -1.29545 0.222222
-0.48 -1 -1.29788 0.222222
-0.47 -1 -1.29723 0.222222
-0.46 -1 -1.29343 0.222222
-0.45 -1 -1.28638 0.222222
-0.44 -1 -1.27604 0.222222
-0.43 -1 -1.26236 0.222222
-0.42 -1 -1.24532 0.222222
-0.41 -1 -1.22492 0.222222
-0.4 -1 -1.20117 0.222222
-0.39 -1 -1.17411 0.222222
-0.38 -1 -1.14377 0.222222
-0.37 -1 -1.11022 0.222222
-0.36 -1 -1.07354 0.222222
-0.35 -1 -1.03381 0.222222
-0.34 -1 -0.99115 0.222222
-0.33 -1 -0.945663 0.222222
-0.32 -1 -0.897484 0.222222
-0.31 -1 -0.84675 0.222222
-0.3 -1 -0.793614 0.222222
-0.29 -1 -0.738233 0.222222
-0.28 -1 -0.680777 0.222222
-0.27 -1 -0.62142 0.222222
-0.26 -1 -0.560346 0.222222
-0.25 -1 -0.497743 0.222222
-0.24 -1 -0.433803 0.222222
-0.23 -1 -0.368723 0.222222
-0.22 -1 -0.302704 0.222222
-0.21 -1 -0.235947 0.222222
-0.2 -1 -0.168656 0.222222
-0.19 -1 -0.101034 0.222222
-0.18 -1 -0.0332858 0.222222
-0.17 -1 0.0343884 0.222222
-0.16 -1 0.101789 0.222222
-0.15 -1 0.168718 0.222222
-0.14 -1 0.234984 0.222222
-0.13 -1 0.300398 0.222222
-0.12 -1 0.364778 0.222222
-0.11 -1 0.427946 0.222222
-0.1 -1 0.489732 0.222222
-0.09 -1 0.549973 0.222222
-0.08 -1 0.608514 0.222222
-0.07 -1 0.665208 0.222222
-0.06 -1 0.719917 0.222222
-0.05 -1 0.772512 0.222222
-0.04 -1 0.822875 0.222222
-0.03 -1 0.870898 0.222222
-0.02 -1 0.916483 0.222222
-0.01 -1 0.959542 0.222222
7.5287e-16 1 1 0.222222
0.01 1 1.03779 0.222222
0.02 1 1.07287 0.222222
0.03 1 1.10518 0.222222
0.04 1 1.1347 0.222222
0.05 1 1.16142 0.222222
0.06 1 1.18532 0.222222
0.07 1 1.20642 0.222222
0.08 1 1.22472 0.222222
0.09 1 1.24026 0.222222
0.1 1 1.25307 0.222222
0.11 1 1.26322 0.222222
0.12 1 1.27075 0.222222
0.13 1 1.27574 0.222222
0.14 1 1.27827 0.222222
0.15 1 1.27844 0.222222
0.16 1 1.27634 0.222222
0.17 1 1.27208 0.222222
0.18 1 1.26577 0.222222
0.19 1 1.25755 0.222222
0.2 1 1.24754 0.222222
0.21 1 1.23589 0.222222
0.22 1 1.22272 0.222222
0.23 1 1.2082 0.222222
0.24 1 1.19247 0.222222
0.25 1 1.17569 0.222222
0.26 1 1.15802 0.222222
0.27 1 1.13962 0.222222
0.28 1 1.12065 0.222222
0.29 1 1.10126 0.222222
0.3 1 1.08163 0.222222
0.31 1 1.06192 0.222222
0.32 1 1.04227 0.222222
0.33 1 1.02284 0.222222
0.34 1 1.00379 0.222222
0.35 1 0.98526 0.222222
0.36 1 0.967391 0.222222
0.37 1 0.950318 0.222222
0.38 1 0.934167 0.222222
0.39 1 0.919057 0.222222
0.4 1 0.9051 0.222222
0.41 1 0.892395 0.222222
0.42 1 0.881034 0.222222
0.43 1 0.871097 0.222222
0.44 1 0.862653 0.222222
0.45 1 0.855758 0.222222
0.46 1 0.850457 0.222222
0.47 1 0.846781 0.222222
0.48 1 0.844748 0.222222
0.49 1 0.844362 0.222222
0.5 1 0.845613 0.222222
0.51 1 0.848476 0.222222
0.52 1 0.852913 0.222222
0.53 1 0.858871 0.222222
0.54 1 0.866283 0.222222
0.55 1 0.875066 0.222222
0.56 1 0.885125 0.222222
0.57 1 0.89635 0.222222
0.58 1 0.908617 0.222222
0.59 1 0.921793 0.222222
0.6 1 0.935728 0.222222
0.61 1 0.950265 0.222222
0.62 1 0.965235 0.222222
0.63 1 0.980458 0.222222
0.64 1 0.995751 0.222222
0.65 1 1.01092 0.222222
0.66 1 1.02577 0.222222
0.67 1 1.0401 0.222222
0.68 1 1.0537 0.222222
0.69 1 1.06639 0.222222
0.7 1 1.07795 0.222222
0.71 1 1.08821 0.222222
0.72 1 1.09698 0.222222
0.73 1 1.10408 0.222222
0.74 1 1.10936 0.222222
0.75 1 1.11269 0.222222
0.76 1 1.11395 0.222222
0.77 1 1.11304 0.222222
0.78 1 1.10991 0.222222
0.79 1 1.10453 0.222222
0.8 1 1.09691 0.222222
0.81 1 1.08711 0.222222
0.82 1 1.07524 0.222222
0.83 1 1.06145 0.222222
0.84 1 1.04596 0.222222
0.85 1 1.02907 0.222222
0.86 1 1.01113 0.222222
0.87 1 0.992589 0.222222
0.88 1 0.973968 0.222222
0.89 1 0.955893 0.222222
0.9 1 0.93909 0.222222
0.91 1 0.924397 0.222222
0.92 1 0.91277 0.222222
0.93 1 0.905295 0.222222
0.94 1 0.903197 0.222222
0.95 1 0.907847 0.222222
0.96 1 0.920777 0.222222
0.97 1 0.943687 0.222222
0.98 1 0.978458 0.222222
0.99 1 1.02716 0.222222
