-1 -1 -1.03919 0.0740741
-0.99 -1 -0.969204 0.0740741
-0.98 -1 -1.02569 0.0740741
-0.97 -1 -1.03805 0.0740741
-0.96 -1 -1.00779 0.0740741
-0.95 -1 -0.972719 0.0740741
-0.94 -1 -0.95818 0.0740741
-0.93 -1 -0.968688 0.0740741
-0.92 -1 -0.994782 0.0740741
-0.91 -1 -1.02253 0.0740741
-0.9 -1 -1.04054 0.0740741
-0.89 -1 -1.04329 0.0740741
-0.88 -1 -1.03135 0.0740741
-0.87 -1 -1.00974 0.0740741
-0.86 -1 -0.985451 0.0740741
-0.85 -1 -0.965259 0.0740741
-0.84 -1 -0.954038 0.0740741
-0.83 -1 -0.953965 0.0740741
-0.82 -1 -0.96447 0.0740741
-0.81 -1 -0.982771 0.0740741
-0.8 -1 -1.00475 0.0740741
-0.79 -1 -1.02591 0.0740741
-0.78 -1 -1.04227 0.0740741
-0.77 -1 -1.05099 0.0740741
-0.76 -1 -1.05077 0.0740741
-0.75 -1 -1.04188 0.0740741
-0.74 -1 -1.02595 0.0740741
-0.73 -1 -1.00566 0.0740741
-0.72 -1 -0.984192 0.0740741
-0.71 -1 -0.964767 0.0740741
-0.7 -1 -0.950171 0.0740741
-0.69 -1 -0.942407 0.0740741
-0.68 -1 -0.942485 0.0740741
-0.67 -1 -0.950343 0.0740741
-0.66 -1 -0.964921 0.0740741
-0.65 -1 -0.984341 0.0740741
-0.64 -1 -1.00618 0.0740741
-0.63 -1 -1.02777 0.0740741
-0.62 -1 -1.04653 0.0740741
-0.61 -1 -1.06025 0.0740741
-0.6 -1 -1.06732 0.0740741
-0.59 -1 -1.0669 0.0740741
-0.58 -1 -1.05896 0.0740741
-0.57 -1 -1.04428 0.0740741
-0.56 -1 -1.02434 0.0740741
-0.55 -1 -1.00118 0.0740741
-0.54 -1 -0.977139 0.0740741
-0.53 -1 -0.954659 0.0740741
-0.52 -1 -0.936029 0.0740741
-0.51 -1 -0.923177 0.0740741
-0.5 -1 -0.917485 0.0740741
-0.49 -1 -0.919675 0.0740741
-0.48 -1 -0.929736 0.0740741
-0.47 -1 -0.946936 0.0740741
-0.46 -1 -0.96988 0.0740741
-0.45 -1 -0.996637 0.0740741
-0.44 -1 -1.0249 0.0740741
-0.43 -1 -1.05218 0.0740741
-0.42 -1 -1.07603 0.0740741
-0.41 -1 -1.0942 0.0740741
-0.4 -1 -1.10491 0.0740741
-0.39 -1 -1.10691 0.0740741
-0.38 -1 -1.09966 0.0740741
-0.37 -1 -1.08334 0.0740741
-0.36 -1 -1.05888 0.0740741
-0.35 -1 -1.02792 0.0740741
-0.34 -1 -0.992651 0.0740741
-0.33 -1 -0.955724 0.0740741
-0.32 -1 -0.920035 0.0740741
-0.31 -1 -0.888531 0.0740741
-0.3 -1 -0.863992 0.0740741
-0.29 -1 -0.848831 0.0740741
-0.28 -1 -0.844897 0.0740741
-0.27 -1 -0.853328 0.0740741
-0.26 -1 -0.874429 0.0740741
-0.25 -1 -0.907613 0.0740741
-0.24 -1 -0.951384 0.0740741
-0.23 -1 -1.00339 0.0740741
-0.22 -1 -1.06049 0.0740741
-0.21 -1 -1.11895 0.0740741
-0.2 -1 -1.17458 0.0740741
-0.19 -1 -1.22297 0.0740741
-0.18 -1 -1.25969 0.0740741
-0.17 -1 -1.28059 0.0740741
-0.16 -1 -1.28195 0.0740741
-0.15 -1 -1.26076 0.0740741
-0.14 -1 -1.21484 0.0740741
-0.13 -1 -1.14301 0.0740741
-0.12 -1 -1.04513 0.0740741
-0.11 -1 -0.922215 0.0740741
-0.1 -1 -0.77631 0.0740741
-0.09 -1 -0.610485 0.0740741
-0.08 -1 -0.428678 0.0740741
-0.07 -1 -0.235525 0.0740741
-0.06 -1 -0.0361606 0.0740741
-0.05 -1 0.164021 0.0740741
-0.04 -1 0.359603 0.0740741
-0.03 -1 0.545389 0.0740741
-0.02 -1 0.716637 0.0740741
-0.01 -1 0.869259 0.0740741
7.5287e-16 1 1 0.0740741
0.01 1 1.10656 0.0740741
0.02 1 1.18769 0.0740741
0.03 1 1.24318 0.0740741
0.04 1 1.2739 0.0740741
0.05 1 1.28168 0.0740741
0.06 1 1.26917 0.0740741
0.07 1 1.23976 0.0740741
0.08 1 1.19729 0.0740741
0.09 1 1.14591 0.0740741
0.1 1 1.08986 0.0740741
0.11 1 1.0332 0.0740741
0.12 1 0.979682 0.0740741
0.13 1 0.932518 0.0740741
0.14 1 0.894274 0.0740741
0.15 1 0.866753 0.0740741
0.16 1 0.850948 0.0740741
0.17 1 0.847032 0.0740741
0.18 1 0.854399 0.0740741
0.19 1 0.871743 0.0740741
0.2 1 0.897183 0.0740741
0.21 1 0.928411 0.0740741
0.22 1 0.962859 0.0740741
0.23 1 0.997882 0.0740741
0.24 1 1.03094 0.0740741
0.25 1 1.05974 0.0740741
0.26 1 1.08242 0.0740741
0.27 1 1.09763 0.0740741
0.28 1 1.10461 0.0740741
0.29 1 1.10322 0.0740741
0.3 1 1.09395 0.0740741
0.31 1 1.07785 0.0740741
0.32 1 1.05643 0.0740741
0.33 1 1.03155 0.0740741
0.34 1 1.00529 0.0740741
0.35 1 0.979744 0.0740741
0.36 1 0.956922 0.0740741
0.37 1 0.938548 0.0740741
0.38 1 0.925959 0.0740741
0.39 1 0.919998 0.0740741
0.4 1 0.920957 0.0740741
0.41 1 0.928559 0.0740741
0.42 1 0.941984 0.0740741
0.43 1 0.95994 0.0740741
0.44 1 0.980775 0.0740741
0.45 1 1.00261 0.0740741
0.46 1 1.02351 0.0740741
0.47 1 1.04162 0.0740741
0.48 1 1.05538 0.0740741
0.49 1 1.06361 0.0740741
0.5 1 1.06563 0.0740741
0.51 1 1.06137 0.0740741
0.52 1 1.05132 0.0740741
0.53 1 1.03652 0.0740741
0.54 1 1.01848 0.0740741
0.55 1 0.999042 0.0740741
0.56 1 0.980173 0.0740741
0.57 1 0.963811 0.0740741
0.58 1 0.951648 0.0740741
0.59 1 0.944955 0.0740741
0.6 1 0.944432 0.0740741
0.61 1 0.950119 0.0740741
0.62 1 0.961365 0.0740741
0.63 1 0.976877 0.0740741
0.64 1 0.994841 0.0740741
0.65 1 1.01311 0.0740741
0.66 1 1.02945 0.0740741
0.67 1 1.0418 0.0740741
0.68 1 1.04853 0.0740741
0.69 1 1.04871 0.0740741
0.7 1 1.04225 0.0740741
0.71 1 1.02994 0.0740741
0.72 1 1.01346 0.0740741
0.73 1 0.995171 0.0740741
0.74 1 0.977806 0.0740741
0.75 1 0.964112 0.0740741
0.76 1 0.956399 0.0740741
0.77 1 0.956127 0.0740741
0.78 1 0.963567 0.0740741
0.79 1 0.977627 0.0740741
0.8 1 0.995893 0.0740741
0.81 1 1.01493 0.0740741
0.82 1 1.03085 0.0740741
0.83 1 1.04003 0.0740741
0.84 1 1.04004 0.0740741
0.85 1 1.03031 0.0740741
0.86 1 1.01271 0.0740741
0.87 1 0.991478 0.0740741
0.88 1 0.972519 0.0740741
0.89 1 0.962006 0.0740741
0.9 1 0.964369 0.0740741
0.91 1 0.980171 0.0740741
0.92 1 1.0046 0.0740741
0.93 1 1.02764 0.0740741
0.94 1 1.03696 0.0740741
0.95 1 1.02414 0.0740741
0.96 1 0.993099 0.0740741
0.97 1 0.966242 0.0740741
0.98 1 0.977186 0.0740741
0.99 1 1.02739 0.0740741
