-1 -1 -1.02629 0.0526766
-0.99 -1 -1.01641 0.0526766
-0.98 -1 -1.00641 0.0526766
-0.97 -1 -0.973014 0.0526766
-0.96 -1 -0.994254 0.0526766
-0.95 -1 -1.0243 0.0526766
-0.94 -1 -1.02202 0.0526766
-0.93 -1 -0.995346 0.0526766
-0.92 -1 -0.973738 0.0526766
-0.91 -1 -0.975189 0.0526766
-0.9 -1 -0.995932 0.0526766
-0.89 -1 -1.0193 0.0526766
-0.88 -1 -1.02984 0.0526766
-0.87 -1 -1.02224 0.0526766
-0.86 -1 -1.00215 0.0526766
-0.85 -1 -0.980986 0.0526766
-0.84 -1 -0.969329 0.0526766
-0.83 -1 -0.972115 0.0526766
-0.82 -1 -0.987367 0.0526766
-0.81 -1 -1.00804 0.0526766
-0.8 -1 -1.02554 0.0526766
-0.79 -1 -1.0332 0.0526766
-0.78 -1 -1.02853 0.0526766
-0.77 -1 -1.01357 0.0526766
-0.76 -1 -0.993786 0.0526766
-0.75 -1 -0.97587 0.0526766
-0.74 -1 -0.965541 0.0526766
-0.73 -1 -0.965857 0.0526766
-0.72 -1 -0.976529 0.0526766
-0.71 -1 -0.994263 0.0526766
-0.7 -1 -1.01391 0.0526766
-0.69 -1 -1.03 0.0526766
-0.68 -1 -1.03821 0.0526766
-0.67 -1 -1.03645 0.0526766
-0.66 -1 -1.02523 0.0526766
-0.65 -1 -1.00741 0.0526766
-0.64 -1 -0.987396 0.0526766
-0.63 -1 -0.970006 0.0526766
-0.62 -1 -0.959346 0.0526766
-0.61 -1 -0.957895 0.0526766
-0.6 -1 -0.966018 0.0526766
-0.59 -1 -0.981954 0.0526766
-0.58 -1 -1.00227 0.0526766
-0.57 -1 -1.02263 0.0526766
-0.56 -1 -1.03873 0.0526766
-0.55 -1 -1.04717 0.0526766
-0.54 -1 -1.04612 0.0526766
-0.53 -1 -1.03566 0.0526766
-0.52 -1 -1.01773 0.0526766
-0.51 -1 -0.995729 0.0526766
-0.5 -1 -0.973837 0.0526766
-0.49 -1 -0.956243 0.0526766
-0.48 -1 -0.946359 0.0526766
-0.47 -1 -0.946201 0.0526766
-0.46 -1 -0.956032 0.0526766
-0.45 -1 -0.974315 0.0526766
-0.44 -1 -0.997983 0.0526766
-0.43 -1 -1.02297 0.0526766
-0.42 -1 -1.0449 0.0526766
-0.41 -1 -1.05986 0.0526766
-0.4 -1 -1.06501 0.0526766
-0.39 -1 -1.05914 0.0526766
-0.38 -1 -1.04283 0.0526766
-0.37 -1 -1.01843 0.0526766
-0.36 -1 -0.989705 0.0526766
-0.35 -1 -0.961219 0.0526766
-0.34 -1 -0.937674 0.0526766
-0.33 -1 -0.923142 0.0526766
-0.32 -1 -0.920413 0.0526766
-0.31 -1 -0.930524 0.0526766
-0.3 -1 -0.952534 0.0526766
-0.29 -1 -0.983602 0.0526766
-0.28 -1 -1.01934 0.0526766
-0.27 -1 -1.05443 0.0526766
-0.26 -1 -1.08333 0.0526766
-0.25 -1 -1.10116 0.0526766
-0.24 -1 -1.10439 0.0526766
-0.23 -1 -1.09145 0.0526766
-0.22 -1 -1.0631 0.0526766
-0.21 -1 -1.0224 0.0526766
-0.2 -1 -0.974494 0.0526766
-0.19 -1 -0.925967 0.0526766
-0.18 -1 -0.884058 0.0526766
-0.17 -1 -0.855707 0.0526766
-0.16 -1 -0.846571 0.0526766
-0.15 -1 -0.86016 0.0526766
-0.14 -1 -0.897168 0.0526766
-0.13 -1 -0.955113 0.0526766
-0.12 -1 -1.02833 0.0526766
-0.11 -1 -1.10836 0.0526766
-0.1 -1 -1.1846 0.0526766
-0.09 -1 -1.24539 0.0526766
-0.08 -1 -1.27909 0.0526766
-0.07 -1 -1.27535 0.0526766
-0.06 -1 -1.22621 0.0526766
-0.05 -1 -1.12709 0.0526766
-0.04 -1 -0.977334 0.0526766
-0.03 -1 -0.780526 0.0526766
-0.02 -1 -0.544256 0.0526766
-0.01 -1 -0.279565 0.0526766
7.5287e-16 1 2.53067e-14 0.0526766
0.01 1 0.279565 0.0526766
0.02 1 0.544256 0.0526766
0.03 1 0.780526 0.0526766
0.04 1 0.977334 0.0526766
0.05 1 1.12709 0.0526766
0.06 1 1.22621 0.0526766
0.07 1 1.27535 0.0526766
0.08 1 1.27909 0.0526766
0.09 1 1.24539 0.0526766
0.1 1 1.1846 0.0526766
0.11 1 1.10836 0.0526766
0.12 1 1.02833 0.0526766
0.13 1 0.955113 0.0526766
0.14 1 0.897168 0.0526766
0.15 1 0.86016 0.0526766
0.16 1 0.846571 0.0526766
0.17 1 0.855707 0.0526766
0.18 1 0.884058 0.0526766
0.19 1 0.925967 0.0526766
0.2 1 0.974494 0.0526766
0.21 1 1.0224 0.0526766
0.22 1 1.0631 0.0526766
0.23 1 1.09145 0.0526766
0.24 1 1.10439 0.0526766
0.25 1 1.10116 0.0526766
0.26 1 1.08333 0.0526766
0.27 1 1.05443 0.0526766
0.28 1 1.01934 0.0526766
0.29 1 0.983602 0.0526766
0.3 1 0.952534 0.0526766
0.31 1 0.930524 0.0526766
0.32 1 0.920413 0.0526766
0.33 1 0.923142 0.0526766
0.34 1 0.937674 0.0526766
0.35 1 0.961219 0.0526766
0.36 1 0.989705 0.0526766
0.37 1 1.01843 0.0526766
0.38 1 1.04283 0.0526766
0.39 1 1.05914 0.0526766
0.4 1 1.06501 0.0526766
0.41 1 1.05986 0.0526766
0.42 1 1.0449 0.0526766
0.43 1 1.02297 0.0526766
0.44 1 0.997983 0.0526766
0.45 1 0.974315 0.0526766
0.46 1 0.956032 0.0526766
0.47 1 0.946201 0.0526766
0.48 1 0.946359 0.0526766
0.49 1 0.956243 0.0526766
0.5 1 0.973837 0.0526766
0.51 1 0.995729 0.0526766
0.52 1 1.01773 0.0526766
0.53 1 1.03566 0.0526766
0.54 1 1.04612 0.0526766
0.55 1 1.04717 0.0526766
0.56 1 1.03873 0.0526766
0.57 1 1.02263 0.0526766
0.58 1 1.00227 0.0526766
0.59 1 0.981954 0.0526766
0.6 1 0.966018 0.0526766
0.61 1 0.957895 0.0526766
0.62 1 0.959346 0.0526766
0.63 1 0.970006 0.0526766
0.64 1 0.987396 0.0526766
0.65 1 1.00741 0.0526766
0.66 1 1.02523 0.0526766
0.67 1 1.03645 0.0526766
0.68 1 1.03821 0.0526766
0.69 1 1.03 0.0526766
0.7 1 1.01391 0.0526766
0.71 1 0.994263 0.0526766
0.72 1 0.976529 0.0526766
0.73 1 0.965857 0.0526766
0.74 1 0.965541 0.0526766
0.75 1 0.97587 0.0526766
0.76 1 0.993786 0.0526766
0.77 1 1.01357 0.0526766
0.78 1 1.02853 0.0526766
0.79 1 1.0332 0.0526766
0.8 1 1.02554 0.0526766
0.81 1 1.00804 0.0526766
0.82 1 0.987367 0.0526766
0.83 1 0.972115 0.0526766
0.84 1 0.969329 0.0526766
0.85 1 0.980986 0.0526766
0.86 1 1.00215 0.0526766
0.87 1 1.02224 0.0526766
0.88 1 1.02984 0.0526766
0.89 1 1.0193 0.0526766
0.9 1 0.995932 0.0526766
0.91 1 0.975189 0.0526766
0.92 1 0.973738 0.0526766
0.93 1 0.995346 0.0526766
0.94 1 1.02202 0.0526766
0.95 1 1.0243 0.0526766
0.96 1 0.994254 0.0526766
0.97 1 0.973014 0.0526766
0.98 1 1.00641 0.0526766
0.99 1 1.01641 0.0526766
