-1 -1 -0.958422 0.0835121
-0.99 -1 -1.04063 0.0835121
-0.98 -1 -0.995949 0.0835121
-0.97 -1 -0.960359 0.0835121
-0.96 -1 -0.962598 0.0835121
-0.95 -1 -0.989919 0.0835121
-0.94 -1 -1.02127 0.0835121
-0.93 -1 -1.0413 0.0835121
-0.92 -1 -1.04386 0.0835121
-0.91 -1 -1.03062 0.0835121
-0.9 -1 -1.00785 0.0835121
-0.89 -1 -0.983244 0.0835121
-0.88 -1 -0.963543 0.0835121
-0.87 -1 -0.953151 0.0835121
-0.86 -1 -0.953689 0.0835121
-0.85 -1 -0.964236 0.0835121
-0.84 -1 -0.982001 0.0835121
-0.83 -1 -1.00317 0.0835121
-0.82 -1 -1.02373 0.0835121
-0.81 -1 -1.04019 0.0835121
-0.8 -1 -1.05006 0.0835121
-0.79 -1 -1.05204 0.0835121
-0.78 -1 -1.04616 0.0835121
-0.77 -1 -1.03351 0.0835121
-0.76 -1 -1.01607 0.0835121
-0.75 -1 -0.996308 0.0835121
-0.74 -1 -0.976827 0.0835121
-0.73 -1 -0.960063 0.0835121
-0.72 -1 -0.947994 0.0835121
-0.71 -1 -0.941958 0.0835121
-0.7 -1 -0.942552 0.0835121
-0.69 -1 -0.949621 0.0835121
-0.68 -1 -0.962328 0.0835121
-0.67 -1 -0.979278 0.0835121
-0.66 -1 -0.998691 0.0835121
-0.65 -1 -1.0186 0.0835121
-0.64 -1 -1.03704 0.0835121
-0.63 -1 -1.05224 0.0835121
-0.62 -1 -1.06277 0.0835121
-0.61 -1 -1.06765 0.0835121
-0.6 -1 -1.06642 0.0835121
-0.59 -1 -1.05916 0.0835121
-0.58 -1 -1.04648 0.0835121
-0.57 -1 -1.02943 0.0835121
-0.56 -1 -1.0094 0.0835121
-0.55 -1 -0.988036 0.0835121
-0.54 -1 -0.967063 0.0835121
-0.53 -1 -0.948176 0.0835121
-0.52 -1 -0.932902 0.0835121
-0.51 -1 -0.922492 0.0835121
-0.5 -1 -0.917833 0.0835121
-0.49 -1 -0.919385 0.0835121
-0.48 -1 -0.927155 0.0835121
-0.47 -1 -0.940701 0.0835121
-0.46 -1 -0.959162 0.0835121
-0.45 -1 -0.981321 0.0835121
-0.44 -1 -1.00569 0.0835121
-0.43 -1 -1.03059 0.0835121
-0.42 -1 -1.05432 0.0835121
-0.41 -1 -1.07517 0.0835121
-0.4 -1 -1.09165 0.0835121
-0.39 -1 -1.10246 0.0835121
-0.38 -1 -1.1067 0.0835121
-0.37 -1 -1.10384 0.0835121
-0.36 -1 -1.09378 0.0835121
-0.35 -1 -1.07691 0.0835121
-0.34 -1 -1.05403 0.0835121
-0.33 -1 -1.02635 0.0835121
-0.32 -1 -0.995413 0.0835121
-0.31 -1 -0.96303 0.0835121
-0.3 -1 -0.931165 0.0835121
-0.29 -1 -0.901837 0.0835121
-0.28 -1 -0.877004 0.0835121
-0.27 -1 -0.858453 0.0835121
-0.26 -1 -0.847695 0.0835121
-0.25 -1 -0.845872 0.0835121
-0.24 -1 -0.853678 0.0835121
-0.23 -1 -0.871304 0.0835121
-0.22 -1 -0.898403 0.0835121
-0.21 -1 -0.934081 0.0835121
-0.2 -1 -0.976915 0.0835121
-0.19 -1 -1.02499 0.0835121
-0.18 -1 -1.07597 0.0835121
-0.17 -1 -1.12719 0.0835121
-0.16 -1 -1.17571 0.0835121
-0.15 -1 -1.21853 0.0835121
-0.14 -1 -1.25259 0.0835121
-0.13 -1 -1.27499 0.0835121
-0.12 -1 -1.28309 0.0835121
-0.11 -1 -1.27459 0.0835121
-0.1 -1 -1.24766 0.0835121
-0.09 -1 -1.20105 0.0835121
-0.08 -1 -1.13409 0.0835121
-0.07 -1 -1.04679 0.0835121
-0.06 -1 -0.939834 0.0835121
-0.05 -1 -0.814556 0.0835121
-0.04 -1 -0.672923 0.0835121
-0.03 -1 -0.517464 0.0835121
-0.02 -1 -0.351189 0.0835121
-0.01 -1 -0.177485 0.0835121
7.5287e-16 1 1.09399e-14 0.0835121
0.01 1 0.177485 0.0835121
0.02 1 0.351189 0.0835121
0.03 1 0.517464 0.0835121
0.04 1 0.672923 0.0835121
0.05 1 0.814556 0.0835121
0.06 1 0.939834 0.0835121
0.07 1 1.04679 0.0835121
0.08 1 1.13409 0.0835121
0.09 1 1.20105 0.0835121
0.1 1 1.24766 0.0835121
0.11 1 1.27459 0.0835121
0.12 1 1.28309 0.0835121
0.13 1 1.27499 0.0835121
0.14 1 1.25259 0.0835121
0.15 1 1.21853 0.0835121
0.16 1 1.17571 0.0835121
0.17 1 1.12719 0.0835121
0.18 1 1.07597 0.0835121
0.19 1 1.02499 0.0835121
0.2 1 0.976915 0.0835121
0.21 1 0.934081 0.0835121
0.22 1 0.898403 0.0835121
0.23 1 0.871304 0.0835121
0.24 1 0.853678 0.0835121
0.25 1 0.845872 0.0835121
0.26 1 0.847695 0.0835121
0.27 1 0.858453 0.0835121
0.28 1 0.877004 0.0835121
0.29 1 0.901837 0.0835121
0.3 1 0.931165 0.0835121
0.31 1 0.96303 0.0835121
0.32 1 0.995413 0.0835121
0.33 1 1.02635 0.0835121
0.34 1 1.05403 0.0835121
0.35 1 1.07691 0.0835121
0.36 1 1.09378 0.0835121
0.37 1 1.10384 0.0835121
0.38 1 1.1067 0.0835121
0.39 1 1.10246 0.0835121
0.4 1 1.09165 0.0835121
0.41 1 1.07517 0.0835121
0.42 1 1.05432 0.0835121
0.43 1 1.03059 0.0835121
0.44 1 1.00569 0.0835121
0.45 1 0.981321 0.0835121
0.46 1 0.959162 0.0835121
0.47 1 0.940701 0.0835121
0.48 1 0.927155 0.0835121
0.49 1 0.919385 0.0835121
0.5 1 0.917833 0.0835121
0.51 1 0.922492 0.0835121
0.52 1 0.932902 0.0835121
0.53 1 0.948176 0.0835121
0.54 1 0.967063 0.0835121
0.55 1 0.988036 0.0835121
0.56 1 1.0094 0.0835121
0.57 1 1.02943 0.0835121
0.58 1 1.04648 0.0835121
0.59 1 1.05916 0.0835121
0.6 1 1.06642 0.0835121
0.61 1 1.06765 0.0835121
0.62 1 1.06277 0.0835121
0.63 1 1.05224 0.0835121
0.64 1 1.03704 0.0835121
0.65 1 1.0186 0.0835121
0.66 1 0.998691 0.0835121
0.67 1 0.979278 0.0835121
0.68 1 0.962328 0.0835121
0.69 1 0.949621 0.0835121
0.7 1 0.942552 0.0835121
0.71 1 0.941958 0.0835121
0.72 1 0.947994 0.0835121
0.73 1 0.960063 0.0835121
0.74 1 0.976827 0.0835121
0.75 1 0.996308 0.0835121
0.76 1 1.01607 0.0835121
0.77 1 1.03351 0.0835121
0.78 1 1.04616 0.0835121
0.79 1 1.05204 0.0835121
0.8 1 1.05006 0.0835121
0.81 1 1.04019 0.0835121
0.82 1 1.02373 0.0835121
0.83 1 1.00317 0.0835121
0.84 1 0.982001 0.0835121
0.85 1 0.964236 0.0835121
0.86 1 0.953689 0.0835121
0.87 1 0.953151 0.0835121
0.88 1 0.963543 0.0835121
0.89 1 0.983244 0.0835121
0.9 1 1.00785 0.0835121
0.91 1 1.03062 0.0835121
0.92 1 1.04386 0.0835121
0.93 1 1.0413 0.0835121
0.94 1 1.02127 0.0835121
0.95 1 0.989919 0.0835121
0.96 1 0.962598 0.0835121
0.97 1 0.960359 0.0835121
0.98 1 0.995949 0.0835121
0.99 1 1.04063 0.0835121
