-1 -1 -1.03389 0.0645161
-0.99 -1 -0.989075 0.0645161
-0.98 -1 -1.03452 0.0645161
-0.97 -1 -1.00837 0.0645161
-0.96 -1 -0.971359 0.0645161
-0.95 -1 -0.967339 0.0645161
-0.94 -1 -0.99273 0.0645161
-0.93 -1 -1.02278 0.0645161
-0.92 -1 -1.03686 0.0645161
-0.91 -1 -1.02894 0.0645161
-0.9 -1 -1.00586 0.0645161
-0.89 -1 -0.980313 0.0645161
-0.88 -1 -0.963793 0.0645161
-0.87 -1 -0.962248 0.0645161
-0.86 -1 -0.975109 0.0645161
-0.85 -1 -0.996802 0.0645161
-0.84 -1 -1.01952 0.0645161
-0.83 -1 -1.03604 0.0645161
-0.82 -1 -1.04172 0.0645161
-0.81 -1 -1.03547 0.0645161
-0.8 -1 -1.01948 0.0645161
-0.79 -1 -0.998295 0.0645161
-0.78 -1 -0.977374 0.0645161
-0.77 -1 -0.961727 0.0645161
-0.76 -1 -0.95482 0.0645161
-0.75 -1 -0.95797 0.0645161
-0.74 -1 -0.970276 0.0645161
-0.73 -1 -0.98899 0.0645161
-0.72 -1 -1.01022 0.0645161
-0.71 -1 -1.02977 0.0645161
-0.7 -1 -1.04392 0.0645161
-0.69 -1 -1.05011 0.0645161
-0.68 -1 -1.04729 0.0645161
-0.67 -1 -1.03601 0.0645161
-0.66 -1 -1.01824 0.0645161
-0.65 -1 -0.997006 0.0645161
-0.64 -1 -0.975785 0.0645161
-0.63 -1 -0.957995 0.0645161
-0.62 -1 -0.946451 0.0645161
-0.61 -1 -0.942963 0.0645161
-0.6 -1 -0.948108 0.0645161
-0.59 -1 -0.961187 0.0645161
-0.58 -1 -0.980362 0.0645161
-0.57 -1 -1.00295 0.0645161
-0.56 -1 -1.02579 0.0645161
-0.55 -1 -1.04573 0.0645161
-0.54 -1 -1.05999 0.0645161
-0.53 -1 -1.06655 0.0645161
-0.52 -1 -1.0644 0.0645161
-0.51 -1 -1.05364 0.0645161
-0.5 -1 -1.03547 0.0645161
-0.49 -1 -1.01204 0.0645161
-0.48 -1 -0.986161 0.0645161
-0.47 -1 -0.960982 0.0645161
-0.46 -1 -0.939614 0.0645161
-0.45 -1 -0.924767 0.0645161
-0.44 -1 -0.91843 0.0645161
-0.43 -1 -0.921639 0.0645161
-0.42 -1 -0.934355 0.0645161
-0.41 -1 -0.955453 0.0645161
-0.4 -1 -0.982832 0.0645161
-0.39 -1 -1.01363 0.0645161
-0.38 -1 -1.04451 0.0645161
-0.37 -1 -1.07201 0.0645161
-0.36 -1 -1.09294 0.0645161
-0.35 -1 -1.10464 0.0645161
-0.34 -1 -1.10537 0.0645161
-0.33 -1 -1.09445 0.0645161
-0.32 -1 -1.07237 0.0645161
-0.31 -1 -1.04084 0.0645161
-0.3 -1 -1.00258 0.0645161
-0.29 -1 -0.961196 0.0645161
-0.28 -1 -0.920781 0.0645161
-0.27 -1 -0.885608 0.0645161
-0.26 -1 -0.859706 0.0645161
-0.25 -1 -0.84648 0.0645161
-0.24 -1 -0.848356 0.0645161
-0.23 -1 -0.8665 0.0645161
-0.22 -1 -0.900633 0.0645161
-0.21 -1 -0.948946 0.0645161
-0.2 -1 -1.00815 0.0645161
-0.19 -1 -1.07364 0.0645161
-0.18 -1 -1.13976 0.0645161
-0.17 -1 -1.20014 0.0645161
-0.16 -1 -1.24816 0.0645161
-0.15 -1 -1.2774 0.0645161
-0.14 -1 -1.28207 0.0645161
-0.13 -1 -1.25744 0.0645161
-0.12 -1 -1.20024 0.0645161
-0.11 -1 -1.10889 0.0645161
-0.1 -1 -0.983677 0.0645161
-0.09 -1 -0.826774 0.0645161
-0.08 -1 -0.642181 0.0645161
-0.07 -1 -0.435493 0.0645161
-0.06 -1 -0.213588 0.0645161
-0.05 -1 0.0157737 0.0645161
-0.04 -1 0.244407 0.0645161
-0.03 -1 0.464194 0.0645161
-0.02 -1 0.667556 0.0645161
-0.01 -1 0.847903 0.0645161
7.5287e-16 1 1 0.0645161
0.01 1 1.12025 0.0645161
0.02 1 1.20686 0.0645161
0.03 1 1.2599 0.0645161
0.04 1 1.28122 0.0645161
0.05 1 1.27429 0.0645161
0.06 1 1.24386 0.0645161
0.07 1 1.19566 0.0645161
0.08 1 1.13595 0.0645161
0.09 1 1.07111 0.0645161
0.1 1 1.00716 0.0645161
0.11 1 0.949448 0.0645161
0.12 1 0.902291 0.0645161
0.13 1 0.868742 0.0645161
0.14 1 0.850468 0.0645161
0.15 1 0.847726 0.0645161
0.16 1 0.859441 0.0645161
0.17 1 0.883387 0.0645161
0.18 1 0.916449 0.0645161
0.19 1 0.954929 0.0645161
0.2 1 0.994902 0.0645161
0.21 1 1.03256 0.0645161
0.22 1 1.06453 0.0645161
0.23 1 1.08817 0.0645161
0.24 1 1.10173 0.0645161
0.25 1 1.10449 0.0645161
0.26 1 1.09678 0.0645161
0.27 1 1.07992 0.0645161
0.28 1 1.056 0.0645161
0.29 1 1.02774 0.0645161
0.3 1 0.998134 0.0645161
0.31 1 0.970216 0.0645161
0.32 1 0.946726 0.0645161
0.33 1 0.92987 0.0645161
0.34 1 0.92111 0.0645161
0.35 1 0.921042 0.0645161
0.36 1 0.929354 0.0645161
0.37 1 0.944872 0.0645161
0.38 1 0.965701 0.0645161
0.39 1 0.989431 0.0645161
0.4 1 1.0134 0.0645161
0.41 1 1.03496 0.0645161
0.42 1 1.05181 0.0645161
0.43 1 1.06217 0.0645161
0.44 1 1.06504 0.0645161
0.45 1 1.06028 0.0645161
0.46 1 1.04861 0.0645161
0.47 1 1.03155 0.0645161
0.48 1 1.01124 0.0645161
0.49 1 0.99018 0.0645161
0.5 1 0.970959 0.0645161
0.51 1 0.955919 0.0645161
0.52 1 0.946882 0.0645161
0.53 1 0.944913 0.0645161
0.54 1 0.950174 0.0645161
0.55 1 0.961892 0.0645161
0.56 1 0.978439 0.0645161
0.57 1 0.99753 0.0645161
0.58 1 1.01652 0.0645161
0.59 1 1.03273 0.0645161
0.6 1 1.04389 0.0645161
0.61 1 1.04837 0.0645161
0.62 1 1.04553 0.0645161
0.63 1 1.0358 0.0645161
0.64 1 1.02069 0.0645161
0.65 1 1.00256 0.0645161
0.66 1 0.984337 0.0645161
0.67 1 0.96902 0.0645161
0.68 1 0.959225 0.0645161
0.69 1 0.9567 0.0645161
0.7 1 0.961972 0.0645161
0.71 1 0.974176 0.0645161
0.72 1 0.991115 0.0645161
0.73 1 1.00959 0.0645161
0.74 1 1.02594 0.0645161
0.75 1 1.03674 0.0645161
0.76 1 1.03956 0.0645161
0.77 1 1.03357 0.0645161
0.78 1 1.01988 0.0645161
0.79 1 1.0015 0.0645161
0.8 1 0.982829 0.0645161
0.81 1 0.96869 0.0645161
0.82 1 0.963113 0.0645161
0.83 1 0.968094 0.0645161
0.84 1 0.982691 0.0645161
0.85 1 1.00284 0.0645161
0.86 1 1.02213 0.0645161
0.87 1 1.03361 0.0645161
0.88 1 1.03228 0.0645161
0.89 1 1.01757 0.0645161
0.9 1 0.994766 0.0645161
0.91 1 0.974104 0.0645161
0.92 1 0.966975 0.0645161
0.93 1 0.979572 0.0645161
0.94 1 1.00653 0.0645161
0.95 1 1.02936 0.0645161
0.96 1 1.02577 0.0645161
0.97 1 0.992463 0.0645161
0.98 1 0.968865 0.0645161
0.99 1 1.00986 0.0645161
