-1 -1 -0.975019 0.0500386
-0.99 -1 -0.979488 0.0500386
-0.98 -1 -1.00405 0.0500386
-0.97 -1 -1.02374 0.0500386
-0.96 -1 -0.990927 0.0500386
-0.95 -1 -0.973952 0.0500386
-0.94 -1 -0.994448 0.0500386
-0.93 -1 -1.02134 0.0500386
-0.92 -1 -1.025 0.0500386
-0.91 -1 -1.00487 0.0500386
-0.9 -1 -0.980838 0.0500386
-0.89 -1 -0.972053 0.0500386
-0.88 -1 -0.983444 0.0500386
-0.87 -1 -1.0058 0.0500386
-0.86 -1 -1.02444 0.0500386
-0.85 -1 -1.02878 0.0500386
-0.84 -1 -1.0173 0.0500386
-0.83 -1 -0.99683 0.0500386
-0.82 -1 -0.977879 0.0500386
-0.81 -1 -0.969253 0.0500386
-0.8 -1 -0.97438 0.0500386
-0.79 -1 -0.990542 0.0500386
-0.78 -1 -1.01072 0.0500386
-0.77 -1 -1.02682 0.0500386
-0.76 -1 -1.03282 0.0500386
-0.75 -1 -1.02678 0.0500386
-0.74 -1 -1.01112 0.0500386
-0.73 -1 -0.991418 0.0500386
-0.72 -1 -0.974325 0.0500386
-0.71 -1 -0.96534 0.0500386
-0.7 -1 -0.967183 0.0500386
-0.69 -1 -0.979163 0.0500386
-0.68 -1 -0.997604 0.0500386
-0.67 -1 -1.01708 0.0500386
-0.66 -1 -1.03204 0.0500386
-0.65 -1 -1.03834 0.0500386
-0.64 -1 -1.03428 0.0500386
-0.63 -1 -1.02097 0.0500386
-0.62 -1 -1.00186 0.0500386
-0.61 -1 -0.981825 0.0500386
-0.6 -1 -0.965902 0.0500386
-0.59 -1 -0.958033 0.0500386
-0.58 -1 -0.960179 0.0500386
-0.57 -1 -0.971912 0.0500386
-0.56 -1 -0.99058 0.0500386
-0.55 -1 -1.01196 0.0500386
-0.54 -1 -1.03123 0.0500386
-0.53 -1 -1.04406 0.0500386
-0.52 -1 -1.04752 0.0500386
-0.51 -1 -1.0407 0.0500386
-0.5 -1 -1.02487 0.0500386
-0.49 -1 -1.00321 0.0500386
-0.48 -1 -0.980113 0.0500386
-0.47 -1 -0.960324 0.0500386
-0.46 -1 -0.947955 0.0500386
-0.45 -1 -0.945693 0.0500386
-0.44 -1 -0.954263 0.0500386
-0.43 -1 -0.972282 0.0500386
-0.42 -1 -0.996514 0.0500386
-0.41 -1 -1.02247 0.0500386
-0.4 -1 -1.04523 0.0500386
-0.39 -1 -1.06036 0.0500386
-0.38 -1 -1.06473 0.0500386
-0.37 -1 -1.05711 0.0500386
-0.36 -1 -1.03843 0.0500386
-0.35 -1 -1.01165 0.0500386
-0.34 -1 -0.981287 0.0500386
-0.33 -1 -0.952673 0.0500386
-0.32 -1 -0.93103 0.0500386
-0.31 -1 -0.920573 0.0500386
-0.3 -1 -0.923748 0.0500386
-0.29 -1 -0.940751 0.0500386
-0.28 -1 -0.969407 0.0500386
-0.27 -1 -1.00544 0.0500386
-0.26 -1 -1.04307 0.0500386
-0.25 -1 -1.07593 0.0500386
-0.24 -1 -1.09806 0.0500386
-0.23 -1 -1.10489 0.0500386
-0.22 -1 -1.0941 0.0500386
-0.21 -1 -1.06607 0.0500386
-0.2 -1 -1.02406 0.0500386
-0.19 -1 -0.973861 0.0500386
-0.18 -1 -0.923064 0.0500386
-0.17 -1 -0.880063 0.0500386
-0.16 -1 -0.852811 0.0500386
-0.15 -1 -0.847584 0.0500386
-0.14 -1 -0.867888 0.0500386
-0.13 -1 -0.913669 0.0500386
-0.12 -1 -0.98095 0.0500386
-0.11 -1 -1.06196 0.0500386
-0.1 -1 -1.14576 0.0500386
-0.09 -1 -1.21933 0.0500386
-0.08 -1 -1.26891 0.0500386
-0.07 -1 -1.28162 0.0500386
-0.06 -1 -1.24694 0.0500386
-0.05 -1 -1.15809 0.0500386
-0.04 -1 -1.01293 0.0500386
-0.03 -1 -0.814458 0.0500386
-0.02 -1 -0.570684 0.0500386
-0.01 -1 -0.293997 0.0500386
7.5287e-16 1 1.64051e-14 0.0500386
0.01 1 0.293997 0.0500386
0.02 1 0.570684 0.0500386
0.03 1 0.814458 0.0500386
0.04 1 1.01293 0.0500386
0.05 1 1.15809 0.0500386
0.06 1 1.24694 0.0500386
0.07 1 1.28162 0.0500386
0.08 1 1.26891 0.0500386
0.09 1 1.21933 0.0500386
0.1 1 1.14576 0.0500386
0.11 1 1.06196 0.0500386
0.12 1 0.98095 0.0500386
0.13 1 0.913669 0.0500386
0.14 1 0.867888 0.0500386
0.15 1 0.847584 0.0500386
0.16 1 0.852811 0.0500386
0.17 1 0.880063 0.0500386
0.18 1 0.923064 0.0500386
0.19 1 0.973861 0.0500386
0.2 1 1.02406 0.0500386
0.21 1 1.06607 0.0500386
0.22 1 1.0941 0.0500386
0.23 1 1.10489 0.0500386
0.24 1 1.09806 0.0500386
0.25 1 1.07593 0.0500386
0.26 1 1.04307 0.0500386
0.27 1 1.00544 0.0500386
0.28 1 0.969407 0.0500386
0.29 1 0.940751 0.0500386
0.3 1 0.923748 0.0500386
0.31 1 0.920573 0.0500386
0.32 1 0.93103 0.0500386
0.33 1 0.952673 0.0500386
0.34 1 0.981287 0.0500386
0.35 1 1.01165 0.0500386
0.36 1 1.03843 0.0500386
0.37 1 1.05711 0.0500386
0.38 1 1.06473 0.0500386
0.39 1 1.06036 0.0500386
0.4 1 1.04523 0.0500386
0.41 1 1.02247 0.0500386
0.42 1 0.996514 0.0500386
0.43 1 0.972282 0.0500386
0.44 1 0.954263 0.0500386
0.45 1 0.945693 0.0500386
0.46 1 0.947955 0.0500386
0.47 1 0.960324 0.0500386
0.48 1 0.980113 0.0500386
0.49 1 1.00321 0.0500386
0.5 1 1.02487 0.0500386
0.51 1 1.0407 0.0500386
0.52 1 1.04752 0.0500386
0.53 1 1.04406 0.0500386
0.54 1 1.03123 0.0500386
0.55 1 1.01196 0.0500386
0.56 1 0.99058 0.0500386
0.57 1 0.971912 0.0500386
0.58 1 0.960179 0.0500386
0.59 1 0.958033 0.0500386
0.6 1 0.965902 0.0500386
0.61 1 0.981825 0.0500386
0.62 1 1.00186 0.0500386
0.63 1 1.02097 0.0500386
0.64 1 1.03428 0.0500386
0.65 1 1.03834 0.0500386
0.66 1 1.03204 0.0500386
0.67 1 1.01708 0.0500386
0.68 1 0.997604 0.0500386
0.69 1 0.979163 0.0500386
0.7 1 0.967183 0.0500386
0.71 1 0.96534 0.0500386
0.72 1 0.974325 0.0500386
0.73 1 0.991418 0.0500386
0.74 1 1.01112 0.0500386
0.75 1 1.02678 0.0500386
0.76 1 1.03282 0.0500386
0.77 1 1.02682 0.0500386
0.78 1 1.01072 0.0500386
0.79 1 0.990542 0.0500386
0.8 1 0.97438 0.0500386
0.81 1 0.969253 0.0500386
0.82 1 0.977879 0.0500386
0.83 1 0.99683 0.0500386
0.84 1 1.0173 0.0500386
0.85 1 1.02878 0.0500386
0.86 1 1.02444 0.0500386
0.87 1 1.0058 0.0500386
0.88 1 0.983444 0.0500386
0.89 1 0.972053 0.0500386
0.9 1 0.980838 0.0500386
0.91 1 1.00487 0.0500386
0.92 1 1.025 0.0500386
0.93 1 1.02134 0.0500386
0.94 1 0.994448 0.0500386
0.95 1 0.973952 0.0500386
0.96 1 0.990927 0.0500386
0.97 1 1.02374 0.0500386
0.98 1 1.00405 0.0500386
0.99 1 0.979488 0.0500386
