-1 -1 -0.979178 0.041689
-0.99 -1 -0.981652 0.041689
-0.98 -1 -1.02086 0.041689
-0.97 -1 -0.984729 0.041689
-0.96 -1 -0.989317 0.041689
-0.95 -1 -1.01959 0.041689
-0.94 -1 -1.01189 0.041689
-0.93 -1 -0.984135 0.041689
-0.92 -1 -0.979937 0.041689
-0.91 -1 -1.00229 0.041689
-0.9 -1 -1.02179 0.041689
-0.89 -1 -1.01736 0.041689
-0.88 -1 -0.995419 0.041689
-0.87 -1 -0.977819 0.041689
-0.86 -1 -0.979657 0.041689
-0.85 -1 -0.998224 0.041689
-0.84 -1 -1.0182 0.041689
-0.83 -1 -1.02487 0.041689
-0.82 -1 -1.01422 0.041689
-0.81 -1 -0.994048 0.041689
-0.8 -1 -0.977529 0.041689
-0.79 -1 -0.974569 0.041689
-0.78 -1 -0.986457 0.041689
-0.77 -1 -1.00608 0.041689
-0.76 -1 -1.02262 0.041689
-0.75 -1 -1.02749 0.041689
-0.74 -1 -1.01848 0.041689
-0.73 -1 -1.00027 0.041689
-0.72 -1 -0.981668 0.041689
-0.71 -1 -0.971269 0.041689
-0.7 -1 -0.973645 0.041689
-0.69 -1 -0.987622 0.041689
-0.68 -1 -1.00714 0.041689
-0.67 -1 -1.02405 0.041689
-0.66 -1 -1.03148 0.041689
-0.65 -1 -1.02652 0.041689
-0.64 -1 -1.01111 0.041689
-0.63 -1 -0.991129 0.041689
-0.62 -1 -0.974009 0.041689
-0.61 -1 -0.966022 0.041689
-0.6 -1 -0.970076 0.041689
-0.59 -1 -0.984816 0.041689
-0.58 -1 -1.00522 0.041689
-0.57 -1 -1.02438 0.041689
-0.56 -1 -1.03589 0.041689
-0.55 -1 -1.03584 0.041689
-0.54 -1 -1.02411 0.041689
-0.53 -1 -1.00427 0.041689
-0.52 -1 -0.982464 0.041689
-0.51 -1 -0.965428 0.041689
-0.5 -1 -0.958487 0.041689
-0.49 -1 -0.963947 0.041689
-0.48 -1 -0.980443 0.041689
-0.47 -1 -1.00335 0.041689
-0.46 -1 -1.02613 0.041689
-0.45 -1 -1.0422 0.041689
-0.44 -1 -1.04677 0.041689
-0.43 -1 -1.03821 0.041689
-0.42 -1 -1.01853 0.041689
-0.41 -1 -0.992822 0.041689
-0.4 -1 -0.96795 0.041689
-0.39 -1 -0.95072 0.041689
-0.38 -1 -0.946068 0.041689
-0.37 -1 -0.955733 0.041689
-0.36 -1 -0.977733 0.041689
-0.35 -1 -1.0068 0.041689
-0.34 -1 -1.03564 0.041689
-0.33 -1 -1.05675 0.041689
-0.32 -1 -1.06432 0.041689
-0.31 -1 -1.05569 0.041689
-0.3 -1 -1.03221 0.041689
-0.29 -1 -0.998986 0.041689
-0.28 -1 -0.963803 0.041689
-0.27 -1 -0.935352 0.041689
-0.26 -1 -0.921153 0.041689
-0.25 -1 -0.925687 0.041689
-0.24 -1 -0.949163 0.041689
-0.23 -1 -0.987223 0.041689
-0.22 -1 -1.0317 0.041689
-0.21 -1 -1.07229 0.041689
-0.2 -1 -1.09879 0.041689
-0.19 -1 -1.10352 0.041689
-0.18 -1 -1.08323 0.041689
-0.17 -1 -1.04023 0.041689
-0.16 -1 -0.982367 0.041689
-0.15 -1 -0.921756 0.041689
-0.14 -1 -0.872515 0.041689
-0.13 -1 -0.847861 0.041689
-0.12 -1 -0.857135 0.041689
-0.11 -1 -0.903326 0.041689
-0.1 -1 -0.981634 0.041689
-0.09 -1 -1.07939 0.041689
-0.08 -1 -1.17744 0.041689
-0.07 -1 -1.25285 0.041689
-0.06 -1 -1.28248 0.041689
-0.05 -1 -1.24682 0.041689
-0.04 -1 -1.13345 0.041689
-0.03 -1 -0.93956 0.041689
-0.02 -1 -0.672923 0.041689
-0.01 -1 -0.351264 0.041689
7.5287e-16 1 2.41158e-14 0.041689
0.01 1 0.351264 0.041689
0.02 1 0.672923 0.041689
0.03 1 0.93956 0.041689
0.04 1 1.13345 0.041689
0.05 1 1.24682 0.041689
0.06 1 1.28248 0.041689
0.07 1 1.25285 0.041689
0.08 1 1.17744 0.041689
0.09 1 1.07939 0.041689
0.1 1 0.981634 0.041689
0.11 1 0.903326 0.041689
0.12 1 0.857135 0.041689
0.13 1 0.847861 0.041689
0.14 1 0.872515 0.041689
0.15 1 0.921756 0.041689
0.16 1 0.982367 0.041689
0.17 1 1.04023 0.041689
0.18 1 1.08323 0.041689
0.19 1 1.10352 0.041689
0.2 1 1.09879 0.041689
0.21 1 1.07229 0.041689
0.22 1 1.0317 0.041689
0.23 1 0.987223 0.041689
0.24 1 0.949163 0.041689
0.25 1 0.925687 0.041689
0.26 1 0.921153 0.041689
0.27 1 0.935352 0.041689
0.28 1 0.963803 0.041689
0.29 1 0.998986 0.041689
0.3 1 1.03221 0.041689
0.31 1 1.05569 0.041689
0.32 1 1.06432 0.041689
0.33 1 1.05675 0.041689
0.34 1 1.03564 0.041689
0.35 1 1.0068 0.041689
0.36 1 0.977733 0.041689
0.37 1 0.955733 0.041689
0.38 1 0.946068 0.041689
0.39 1 0.95072 0.041689
0.4 1 0.96795 0.041689
0.41 1 0.992822 0.041689
0.42 1 1.01853 0.041689
0.43 1 1.03821 0.041689
0.44 1 1.04677 0.041689
0.45 1 1.0422 0.041689
0.46 1 1.02613 0.041689
0.47 1 1.00335 0.041689
0.48 1 0.980443 0.041689
0.49 1 0.963947 0.041689
0.5 1 0.958487 0.041689
0.51 1 0.965428 0.041689
0.52 1 0.982464 0.041689
0.53 1 1.00427 0.041689
0.54 1 1.02411 0.041689
0.55 1 1.03584 0.041689
0.56 1 1.03589 0.041689
0.57 1 1.02438 0.041689
0.58 1 1.00522 0.041689
0.59 1 0.984816 0.041689
0.6 1 0.970076 0.041689
0.61 1 0.966022 0.041689
0.62 1 0.974009 0.041689
0.63 1 0.991129 0.041689
0.64 1 1.01111 0.041689
0.65 1 1.02652 0.041689
0.66 1 1.03148 0.041689
0.67 1 1.02405 0.041689
0.68 1 1.00714 0.041689
0.69 1 0.987622 0.041689
0.7 1 0.973645 0.041689
0.71 1 0.971269 0.041689
0.72 1 0.981668 0.041689
0.73 1 1.00027 0.041689
0.74 1 1.01848 0.041689
0.75 1 1.02749 0.041689
0.76 1 1.02262 0.041689
0.77 1 1.00608 0.041689
0.78 1 0.986457 0.041689
0.79 1 0.974569 0.041689
0.8 1 0.977529 0.041689
0.81 1 0.994048 0.041689
0.82 1 1.01422 0.041689
0.83 1 1.02487 0.041689
0.84 1 1.0182 0.041689
0.85 1 0.998224 0.041689
0.86 1 0.979657 0.041689
0.87 1 0.977819 0.041689
0.88 1 0.995419 0.041689
0.89 1 1.01736 0.041689
0.9 1 1.02179 0.041689
0.91 1 1.00229 0.041689
0.92 1 0.979937 0.041689
0.93 1 0.984135 0.041689
0.94 1 1.01189 0.041689
0.95 1 1.01959 0.041689
0.96 1 0.989317 0.041689
0.97 1 0.984729 0.041689
0.98 1 1.02086 0.041689
0.99 1 0.981652 0.041689
