-1 -1 -0.877244 0.254898
-0.99 -1 -0.947391 0.254898
-0.98 -1 -1.00399 0.254898
-0.97 -1 -1.04845 0.254898
-0.96 -1 -1.08211 0.254898
-0.95 -1 -1.1062 0.254898
-0.94 -1 -1.12187 0.254898
-0.93 -1 -1.13022 0.254898
-0.92 -1 -1.13223 0.254898
-0.91 -1 -1.12884 0.254898
-0.9 -1 -1.12091 0.254898
-0.89 -1 -1.10922 0.254898
-0.88 -1 -1.09451 0.254898
-0.87 -1 -1.07744 0.254898
-0.86 -1 -1.05861 0.254898
-0.85 -1 -1.0386 0.254898
-0.84 -1 -1.01788 0.254898
-0.83 -1 -0.99692 0.254898
-0.82 -1 -0.976116 0.254898
-0.81 -1 -0.955825 0.254898
-0.8 -1 -0.936363 0.254898
-0.79 -1 -0.918004 0.254898
-0.78 -1 -0.900985 0.254898
-0.77 -1 -0.885506 0.254898
-0.76 -1 -0.871732 0.254898
-0.75 -1 -0.8598 0.254898
-0.74 -1 -0.849813 0.254898
-0.73 -1 -0.84185 0.254898
-0.72 -1 -0.83596 0.254898
-0.71 -1 -0.832172 0.254898
-0.7 -1 -0.830491 0.254898
-0.69 -1 -0.8309 0.254898
-0.68 -1 -0.833364 0.254898
-0.67 -1 -0.837833 0.254898
-0.66 -1 -0.844236 0.254898
-0.65 -1 -0.852493 0.254898
-0.64 -1 -0.862507 0.254898
-0.63 -1 -0.874172 0.254898
-0.62 -1 -0.88737 0.254898
-0.61 -1 -0.901974 0.254898
-0.6 -1 -0.917851 0.254898
-0.59 -1 -0.934859 0.254898
-0.58 -1 -0.952851 0.254898
-0.57 -1 -0.971678 0.254898
-0.56 -1 -0.991183 0.254898
-0.55 -1 -1.01121 0.254898
-0.54 -1 -1.0316 0.254898
-0.53 -1 -1.05219 0.254898
-0.52 -1 -1.07283 0.254898
-0.51 -1 -1.09335 0.254898
-0.5 -1 -1.1136 0.254898
-0.49 -1 -1.13343 0.254898
-0.48 -1 -1.15267 0.254898
-0.47 -1 -1.17118 0.254898
-0.46 -1 -1.18883 0.254898
-0.45 -1 -1.20546 0.254898
-0.44 -1 -1.22094 0.254898
-0.43 -1 -1.23514 0.254898
-0.42 -1 -1.24795 0.254898
-0.41 -1 -1.25923 0.254898
-0.4 -1 -1.26889 0.254898
-0.39 -1 -1.27681 0.254898
-0.38 -1 -1.28291 0.254898
-0.37 -1 -1.28709 0.254898
-0.36 -1 -1.28927 0.254898
-0.35 -1 -1.28938 0.254898
-0.34 -1 -1.28735 0.254898
-0.33 -1 -1.28313 0.254898
-0.32 -1 -1.27666 0.254898
-0.31 -1 -1.26791 0.254898
-0.3 -1 -1.25685 0.254898
-0.29 -1 -1.24344 0.254898
-0.28 -1 -1.22768 0.254898
-0.27 -1 -1.20956 0.254898
-0.26 -1 -1.18907 0.254898
-0.25 -1 -1.16623 0.254898
-0.24 -1 -1.14105 0.254898
-0.23 -1 -1.11356 0.254898
-0.22 -1 -1.08379 0.254898
-0.21 -1 -1.05178 0.254898
-0.2 -1 -1.01758 0.254898
-0.19 -1 -0.981238 0.254898
-0.18 -1 -0.942821 0.254898
-0.17 -1 -0.902395 0.254898
-0.16 -1 -0.860034 0.254898
-0.15 -1 -0.81582 0.254898
-0.14 -1 -0.769838 0.254898
-0.13 -1 -0.722181 0.254898
-0.12 -1 -0.672945 0.254898
-0.11 -1 -0.622233 0.254898
-0.1 -1 -0.570151 0.254898
-0.09 -1 -0.51681 0.254898
-0.08 -1 -0.462326 0.254898
-0.07 -1 -0.406815 0.254898
-0.06 -1 -0.350399 0.254898
-0.05 -1 -0.293203 0.254898
-0.04 -1 -0.235353 0.254898
-0.03 -1 -0.176977 0.254898
-0.02 -1 -0.118205 0.254898
-0.01 -1 -0.0591686 0.254898
7.5287e-16 1 4.19758e-15 0.254898
0.01 1 0.0591686 0.254898
0.02 1 0.118205 0.254898
0.03 1 0.176977 0.254898
0.04 1 0.235353 0.254898
0.05 1 0.293203 0.254898
0.06 1 0.350399 0.254898
0.07 1 0.406815 0.254898
0.08 1 0.462326 0.254898
0.09 1 0.51681 0.254898
0.1 1 0.570151 0.254898
0.11 1 0.622233 0.254898
0.12 1 0.672945 0.254898
0.13 1 0.722181 0.254898
0.14 1 0.769838 0.254898
0.15 1 0.81582 0.254898
0.16 1 0.860034 0.254898
0.17 1 0.902395 0.254898
0.18 1 0.942821 0.254898
0.19 1 0.981238 0.254898
0.2 1 1.01758 0.254898
0.21 1 1.05178 0.254898
0.22 1 1.08379 0.254898
0.23 1 1.11356 0.254898
0.24 1 1.14105 0.254898
0.25 1 1.16623 0.254898
0.26 1 1.18907 0.254898
0.27 1 1.20956 0.254898
0.28 1 1.22768 0.254898
0.29 1 1.24344 0.254898
0.3 1 1.25685 0.254898
0.31 1 1.26791 0.254898
0.32 1 1.27666 0.254898
0.33 1 1.28313 0.254898
0.34 1 1.28735 0.254898
0.35 1 1.28938 0.254898
0.36 1 1.28927 0.254898
0.37 1 1.28709 0.254898
0.38 1 1.28291 0.254898
0.39 1 1.27681 0.254898
0.4 1 1.26889 0.254898
0.41 1 1.25923 0.254898
0.42 1 1.24795 0.254898
0.43 1 1.23514 0.254898
0.44 1 1.22094 0.254898
0.45 1 1.20546 0.254898
0.46 1 1.18883 0.254898
0.47 1 1.17118 0.254898
0.48 1 1.15267 0.254898
0.49 1 1.13343 0.254898
0.5 1 1.1136 0.254898
0.51 1 1.09335 0.254898
0.52 1 1.07283 0.254898
0.53 1 1.05219 0.254898
0.54 1 1.0316 0.254898
0.55 1 1.01121 0.254898
0.56 1 0.991183 0.254898
0.57 1 0.971678 0.254898
0.58 1 0.952851 0.254898
0.59 1 0.934859 0.254898
0.6 1 0.917851 0.254898
0.61 1 0.901974 0.254898
0.62 1 0.88737 0.254898
0.63 1 0.874172 0.254898
0.64 1 0.862507 0.254898
0.65 1 0.852493 0.254898
0.66 1 0.844236 0.254898
0.67 1 0.837833 0.254898
0.68 1 0.833364 0.254898
0.69 1 0.8309 0.254898
0.7 1 0.830491 0.254898
0.71 1 0.832172 0.254898
0.72 1 0.83596 0.254898
0.73 1 0.84185 0.254898
0.74 1 0.849813 0.254898
0.75 1 0.8598 0.254898
0.76 1 0.871732 0.254898
0.77 1 0.885506 0.254898
0.78 1 0.900985 0.254898
0.79 1 0.918004 0.254898
0.8 1 0.936363 0.254898
0.81 1 0.955825 0.254898
0.82 1 0.976116 0.254898
0.83 1 0.99692 0.254898
0.84 1 1.01788 0.254898
0.85 1 1.0386 0.254898
0.86 1 1.05861 0.254898
0.87 1 1.07744 0.254898
0.88 1 1.09451 0.254898
0.89 1 1.10922 0.254898
0.9 1 1.12091 0.254898
0.91 1 1.12884 0.254898
0.92 1 1.13223 0.254898
0.93 1 1.13022 0.254898
0.94 1 1.12187 0.254898
0.95 1 1.1062 0.254898
0.96 1 1.08211 0.254898
0.97 1 1.04845 0.254898
0.98 1 1.00399 0.254898
0.99 1 0.947391 0.254898
