-1 -1 -1.41421 1.41421
-0.99 -1 -1.40007 1.41421
-0.98 -1 -1.38593 1.41421
-0.97 -1 -1.37179 1.41421
-0.96 -1 -1.35765 1.41421
-0.95 -1 -1.3435 1.41421
-0.94 -1 -1.32936 1.41421
-0.93 -1 -1.31522 1.41421
-0.92 -1 -1.30108 1.41421
-0.91 -1 -1.28693 1.41421
-0.9 -1 -1.27279 1.41421
-0.89 -1 -1.25865 1.41421
-0.88 -1 -1.24451 1.41421
-0.87 -1 -1.23037 1.41421
-0.86 -1 -1.21622 1.41421
-0.85 -1 -1.20208 1.41421
-0.84 -1 -1.18794 1.41421
-0.83 -1 -1.1738 1.41421
-0.82 -1 -1.15966 1.41421
-0.81 -1 -1.14551 1.41421
-0.8 -1 -1.13137 1.41421
-0.79 -1 -1.11723 1.41421
-0.78 -1 -1.10309 1.41421
-0.77 -1 -1.08894 1.41421
-0.76 -1 -1.0748 1.41421
-0.75 -1 -1.06066 1.41421
-0.74 -1 -1.04652 1.41421
-0.73 -1 -1.03238 1.41421
-0.72 -1 -1.01823 1.41421
-0.71 -1 -1.00409 1.41421
-0.7 -1 -0.989949 1.41421
-0.69 -1 -0.975807 1.41421
-0.68 -1 -0.961665 1.41421
-0.67 -1 -0.947523 1.41421
-0.66 -1 -0.933381 1.41421
-0.65 -1 -0.919239 1.41421
-0.64 -1 -0.905097 1.41421
-0.63 -1 -0.890955 1.41421
-0.62 -1 -0.876812 1.41421
-0.61 -1 -0.86267 1.41421
-0.6 -1 -0.848528 1.41421
-0.59 -1 -0.834386 1.41421
-0.58 -1 -0.820244 1.41421
-0.57 -1 -0.806102 1.41421
-0.56 -1 -0.79196 1.41421
-0.55 -1 -0.777817 1.41421
-0.54 -1 -0.763675 1.41421
-0.53 -1 -0.749533 1.41421
-0.52 -1 -0.735391 1.41421
-0.51 -1 -0.721249 1.41421
-0.5 -1 -0.707107 1.41421
-0.49 -1 -0.692965 1.41421
-0.48 -1 -0.678823 1.41421
-0.47 -1 -0.66468 1.41421
-0.46 -1 -0.650538 1.41421
-0.45 -1 -0.636396 1.41421
-0.44 -1 -0.622254 1.41421
-0.43 -1 -0.608112 1.41421
-0.42 -1 -0.59397 1.41421
-0.41 -1 -0.579828 1.41421
-0.4 -1 -0.565685 1.41421
-0.39 -1 -0.551543 1.41421
-0.38 -1 -0.537401 1.41421
-0.37 -1 -0.523259 1.41421
-0.36 -1 -0.509117 1.41421
-0.35 -1 -0.494975 1.41421
-0.34 -1 -0.480833 1.41421
-0.33 -1 -0.46669 1.41421
-0.32 -1 -0.452548 1.41421
-0.31 -1 -0.438406 1.41421
-0.3 -1 -0.424264 1.41421
-0.29 -1 -0.410122 1.41421
-0.28 -1 -0.39598 1.41421
-0.27 -1 -0.381838 1.41421
-0.26 -1 -0.367696 1.41421
-0.25 -1 -0.353553 1.41421
-0.24 -1 -0.339411 1.41421
-0.23 -1 -0.325269 1.41421
-0.22 -1 -0.311127 1.41421
-0.21 -1 -0.296985 1.41421
-0.2 -1 -0.282843 1.41421
-0.19 -1 -0.268701 1.41421
-0.18 -1 -0.254558 1.41421
-0.17 -1 -0.240416 1.41421
-0.16 -1 -0.226274 1.41421
-0.15 -1 -0.212132 1.41421
-0.14 -1 -0.19799 1.41421
-0.13 -1 -0.183848 1.41421
-0.12 -1 -0.169706 1.41421
-0.11 -1 -0.155563 1.41421
-0.1 -1 -0.141421 1.41421
-0.09 -1 -0.127279 1.41421
-0.08 -1 -0.113137 1.41421
-0.07 -1 -0.0989949 1.41421
-0.06 -1 -0.0848528 1.41421
-0.05 -1 -0.0707107 1.41421
-0.04 -1 -0.0565685 1.41421
-0.03 -1 -0.0424264 1.41421
-0.02 -1 -0.0282843 1.41421
-0.01 -1 -0.0141421 1.41421
7.5287e-16 1 1.09906e-15 1.41421
0.01 1 0.0141421 1.41421
0.02 1 0.0282843 1.41421
0.03 1 0.0424264 1.41421
0.04 1 0.0565685 1.41421
0.05 1 0.0707107 1.41421
0.06 1 0.0848528 1.41421
0.07 1 0.0989949 1.41421
0.08 1 0.113137 1.41421
0.09 1 0.127279 1.41421
0.1 1 0.141421 1.41421
0.11 1 0.155563 1.41421
0.12 1 0.169706 1.41421
0.13 1 0.183848 1.41421
0.14 1 0.19799 1.41421
0.15 1 0.212132 1.41421
0.16 1 0.226274 1.41421
0.17 1 0.240416 1.41421
0.18 1 0.254558 1.41421
0.19 1 0.268701 1.41421
0.2 1 0.282843 1.41421
0.21 1 0.296985 1.41421
0.22 1 0.311127 1.41421
0.23 1 0.325269 1.41421
0.24 1 0.339411 1.41421
0.25 1 0.353553 1.41421
0.26 1 0.367696 1.41421
0.27 1 0.381838 1.41421
0.28 1 0.39598 1.41421
0.29 1 0.410122 1.41421
0.3 1 0.424264 1.41421
0.31 1 0.438406 1.41421
0.32 1 0.452548 1.41421
0.33 1 0.46669 1.41421
0.34 1 0.480833 1.41421
0.35 1 0.494975 1.41421
0.36 1 0.509117 1.41421
0.37 1 0.523259 1.41421
0.38 1 0.537401 1.41421
0.39 1 0.551543 1.41421
0.4 1 0.565685 1.41421
0.41 1 0.579828 1.41421
0.42 1 0.59397 1.41421
0.43 1 0.608112 1.41421
0.44 1 0.622254 1.41421
0.45 1 0.636396 1.41421
0.46 1 0.650538 1.41421
0.47 1 0.66468 1.41421
0.48 1 0.678823 1.41421
0.49 1 0.692965 1.41421
0.5 1 0.707107 1.41421
0.51 1 0.721249 1.41421
0.52 1 0.735391 1.41421
0.53 1 0.749533 1.41421
0.54 1 0.763675 1.41421
0.55 1 0.777817 1.41421
0.56 1 0.79196 1.41421
0.57 1 0.806102 1.41421
0.58 1 0.820244 1.41421
0.59 1 0.834386 1.41421
0.6 1 0.848528 1.41421
0.61 1 0.86267 1.41421
0.62 1 0.876812 1.41421
0.63 1 0.890955 1.41421
0.64 1 0.905097 1.41421
0.65 1 0.919239 1.41421
0.66 1 0.933381 1.41421
0.67 1 0.947523 1.41421
0.68 1 0.961665 1.41421
0.69 1 0.975807 1.41421
0.7 1 0.989949 1.41421
0.71 1 1.00409 1.41421
0.72 1 1.01823 1.41421
0.73 1 1.03238 1.41421
0.74 1 1.04652 1.41421
0.75 1 1.06066 1.41421
0.76 1 1.0748 1.41421
0.77 1 1.08894 1.41421
0.78 1 1.10309 1.41421
0.79 1 1.11723 1.41421
0.8 1 1.13137 1.41421
0.81 1 1.14551 1.41421
0.82 1 1.15966 1.41421
0.83 1 1.1738 1.41421
0.84 1 1.18794 1.41421
0.85 1 1.20208 1.41421
0.86 1 1.21622 1.41421
0.87 1 1.23037 1.41421
0.88 1 1.24451 1.41421
0.89 1 1.25865 1.41421
0.9 1 1.27279 1.41421
0.91 1 1.28693 1.41421
0.92 1 1.30108 1.41421
0.93 1 1.31522 1.41421
0.94 1 1.32936 1.41421
0.95 1 1.3435 1.41421
0.96 1 1.35765 1.41421
0.97 1 1.37179 1.41421
0.98 1 1.38593 1.41421
0.99 1 1.40007 1.41421
