-1 -1 -0.957493 0.08
-0.99 -1 -1.03962 0.08
-0.98 -1 -0.987334 0.08
-0.97 -1 -0.956555 0.08
-0.96 -1 -0.96945 0.08
-0.95 -1 -1.00381 0.08
-0.94 -1 -1.0341 0.08
-0.93 -1 -1.0459 0.08
-0.92 -1 -1.03716 0.08
-0.91 -1 -1.01423 0.08
-0.9 -1 -0.986859 0.08
-0.89 -1 -0.964158 0.08
-0.88 -1 -0.95222 0.08
-0.87 -1 -0.953275 0.08
-0.86 -1 -0.966028 0.08
-0.85 -1 -0.986677 0.08
-0.84 -1 -1.0102 0.08
-0.83 -1 -1.03157 0.08
-0.82 -1 -1.04672 0.08
-0.81 -1 -1.05314 0.08
-0.8 -1 -1.05006 0.08
-0.79 -1 -1.03839 0.08
-0.78 -1 -1.02031 0.08
-0.77 -1 -0.99887 0.08
-0.76 -1 -0.977388 0.08
-0.75 -1 -0.958984 0.08
-0.74 -1 -0.94617 0.08
-0.73 -1 -0.940575 0.08
-0.72 -1 -0.942808 0.08
-0.71 -1 -0.952467 0.08
-0.7 -1 -0.968258 0.08
-0.69 -1 -0.98821 0.08
-0.68 -1 -1.00994 0.08
-0.67 -1 -1.03095 0.08
-0.66 -1 -1.04889 0.08
-0.65 -1 -1.0618 0.08
-0.64 -1 -1.06831 0.08
-0.63 -1 -1.06774 0.08
-0.62 -1 -1.06011 0.08
-0.61 -1 -1.04617 0.08
-0.6 -1 -1.02725 0.08
-0.59 -1 -1.00513 0.08
-0.58 -1 -0.98188 0.08
-0.57 -1 -0.959659 0.08
-0.56 -1 -0.940515 0.08
-0.55 -1 -0.926217 0.08
-0.54 -1 -0.918111 0.08
-0.53 -1 -0.917013 0.08
-0.52 -1 -0.923153 0.08
-0.51 -1 -0.936158 0.08
-0.5 -1 -0.955093 0.08
-0.49 -1 -0.978538 0.08
-0.48 -1 -1.0047 0.08
-0.47 -1 -1.03154 0.08
-0.46 -1 -1.05695 0.08
-0.45 -1 -1.07889 0.08
-0.44 -1 -1.09554 0.08
-0.43 -1 -1.10545 0.08
-0.42 -1 -1.10761 0.08
-0.41 -1 -1.10158 0.08
-0.4 -1 -1.08747 0.08
-0.39 -1 -1.06599 0.08
-0.38 -1 -1.03837 0.08
-0.37 -1 -1.00634 0.08
-0.36 -1 -0.97196 0.08
-0.35 -1 -0.937563 0.08
-0.34 -1 -0.905566 0.08
-0.33 -1 -0.878333 0.08
-0.32 -1 -0.858026 0.08
-0.31 -1 -0.846463 0.08
-0.3 -1 -0.844992 0.08
-0.29 -1 -0.854392 0.08
-0.28 -1 -0.874803 0.08
-0.27 -1 -0.905687 0.08
-0.26 -1 -0.945825 0.08
-0.25 -1 -0.993349 0.08
-0.24 -1 -1.04581 0.08
-0.23 -1 -1.10029 0.08
-0.22 -1 -1.15349 0.08
-0.21 -1 -1.20192 0.08
-0.2 -1 -1.242 0.08
-0.19 -1 -1.27029 0.08
-0.18 -1 -1.2836 0.08
-0.17 -1 -1.27915 0.08
-0.16 -1 -1.25473 0.08
-0.15 -1 -1.20877 0.08
-0.14 -1 -1.14046 0.08
-0.13 -1 -1.04978 0.08
-0.12 -1 -0.937529 0.08
-0.11 -1 -0.805301 0.08
-0.1 -1 -0.655432 0.08
-0.09 -1 -0.490919 0.08
-0.08 -1 -0.315308 0.08
-0.07 -1 -0.132557 0.08
-0.06 -1 0.0531132 0.08
-0.05 -1 0.237383 0.08
-0.04 -1 0.416002 0.08
-0.03 -1 0.584946 0.08
-0.02 -1 0.740575 0.08
-0.01 -1 0.87976 0.08
7.5287e-16 1 1 0.08
0.01 1 1.0995 0.08
0.02 1 1.17724 0.08
0.03 1 1.23298 0.08
0.04 1 1.26723 0.08
0.05 1 1.28125 0.08
0.06 1 1.27696 0.08
0.07 1 1.25682 0.08
0.08 1 1.22371 0.08
0.09 1 1.18083 0.08
0.1 1 1.13152 0.08
0.11 1 1.07912 0.08
0.12 1 1.02682 0.08
0.13 1 0.977557 0.08
0.14 1 0.93385 0.08
0.15 1 0.897749 0.08
0.16 1 0.870741 0.08
0.17 1 0.853717 0.08
0.18 1 0.846963 0.08
0.19 1 0.850173 0.08
0.2 1 0.862502 0.08
0.21 1 0.882635 0.08
0.22 1 0.908882 0.08
0.23 1 0.939289 0.08
0.24 1 0.971758 0.08
0.25 1 1.00417 0.08
0.26 1 1.03451 0.08
0.27 1 1.06097 0.08
0.28 1 1.08207 0.08
0.29 1 1.09671 0.08
0.3 1 1.10422 0.08
0.31 1 1.10444 0.08
0.32 1 1.09764 0.08
0.33 1 1.08455 0.08
0.34 1 1.06627 0.08
0.35 1 1.04423 0.08
0.36 1 1.02004 0.08
0.37 1 0.995433 0.08
0.38 1 0.972122 0.08
0.39 1 0.951691 0.08
0.4 1 0.935494 0.08
0.41 1 0.924567 0.08
0.42 1 0.919553 0.08
0.43 1 0.920667 0.08
0.44 1 0.92768 0.08
0.45 1 0.939935 0.08
0.46 1 0.956395 0.08
0.47 1 0.975721 0.08
0.48 1 0.996366 0.08
0.49 1 1.01669 0.08
0.5 1 1.03509 0.08
0.51 1 1.05012 0.08
0.52 1 1.0606 0.08
0.53 1 1.06573 0.08
0.54 1 1.06513 0.08
0.55 1 1.05891 0.08
0.56 1 1.04768 0.08
0.57 1 1.03246 0.08
0.58 1 1.01463 0.08
0.59 1 0.995845 0.08
0.6 1 0.977845 0.08
0.61 1 0.962334 0.08
0.62 1 0.950804 0.08
0.63 1 0.944393 0.08
0.64 1 0.943752 0.08
0.65 1 0.948967 0.08
0.66 1 0.959517 0.08
0.67 1 0.9743 0.08
0.68 1 0.991723 0.08
0.69 1 1.00984 0.08
0.7 1 1.02656 0.08
0.71 1 1.03987 0.08
0.72 1 1.04809 0.08
0.73 1 1.05009 0.08
0.74 1 1.04547 0.08
0.75 1 1.03472 0.08
0.76 1 1.01918 0.08
0.77 1 1.00096 0.08
0.78 1 0.982697 0.08
0.79 1 0.967233 0.08
0.8 1 0.957181 0.08
0.81 1 0.954463 0.08
0.82 1 0.959889 0.08
0.83 1 0.97285 0.08
0.84 1 0.991215 0.08
0.85 1 1.0115 0.08
0.86 1 1.02937 0.08
0.87 1 1.04046 0.08
0.88 1 1.04144 0.08
0.89 1 1.03113 0.08
0.9 1 1.01143 0.08
0.91 1 0.9876 0.08
0.92 1 0.967574 0.08
0.93 1 0.959889 0.08
0.94 1 0.970155 0.08
0.95 1 0.99666 0.08
0.96 1 1.02681 0.08
0.97 1 1.03817 0.08
0.98 1 1.01114 0.08
0.99 1 0.965095 0.08
