-1 -1 -0.950152 0.100309
-0.99 -1 -1.04793 0.100309
-0.98 -1 -1.03298 0.100309
-0.97 -1 -0.989849 0.100309
-0.96 -1 -0.957382 0.100309
-0.95 -1 -0.947684 0.100309
-0.94 -1 -0.958803 0.100309
-0.93 -1 -0.982834 0.100309
-0.92 -1 -1.01077 0.100309
-0.91 -1 -1.03509 0.100309
-0.9 -1 -1.05085 0.100309
-0.89 -1 -1.05587 0.100309
-0.88 -1 -1.05032 0.100309
-0.87 -1 -1.03612 0.100309
-0.86 -1 -1.01626 0.100309
-0.85 -1 -0.994121 0.100309
-0.84 -1 -0.972944 0.100309
-0.83 -1 -0.95547 0.100309
-0.82 -1 -0.943679 0.100309
-0.81 -1 -0.938684 0.100309
-0.8 -1 -0.940738 0.100309
-0.79 -1 -0.949321 0.100309
-0.78 -1 -0.963291 0.100309
-0.77 -1 -0.981065 0.100309
-0.76 -1 -1.00082 0.100309
-0.75 -1 -1.02066 0.100309
-0.74 -1 -1.03881 0.100309
-0.73 -1 -1.05373 0.100309
-0.72 -1 -1.06425 0.100309
-0.71 -1 -1.06957 0.100309
-0.7 -1 -1.06937 0.100309
-0.69 -1 -1.06373 0.100309
-0.68 -1 -1.05314 0.100309
-0.67 -1 -1.03842 0.100309
-0.66 -1 -1.02066 0.100309
-0.65 -1 -1.0011 0.100309
-0.64 -1 -0.9811 0.100309
-0.63 -1 -0.961978 0.100309
-0.62 -1 -0.944986 0.100309
-0.61 -1 -0.931212 0.100309
-0.6 -1 -0.921526 0.100309
-0.59 -1 -0.916539 0.100309
-0.58 -1 -0.916577 0.100309
-0.57 -1 -0.921672 0.100309
-0.56 -1 -0.931567 0.100309
-0.55 -1 -0.945742 0.100309
-0.54 -1 -0.963442 0.100309
-0.53 -1 -0.983728 0.100309
-0.52 -1 -1.00553 0.100309
-0.51 -1 -1.02768 0.100309
-0.5 -1 -1.04902 0.100309
-0.49 -1 -1.06841 0.100309
-0.48 -1 -1.0848 0.100309
-0.47 -1 -1.0973 0.100309
-0.46 -1 -1.10519 0.100309
-0.45 -1 -1.10797 0.100309
-0.44 -1 -1.10536 0.100309
-0.43 -1 -1.09737 0.100309
-0.42 -1 -1.08421 0.100309
-0.41 -1 -1.06636 0.100309
-0.4 -1 -1.04453 0.100309
-0.39 -1 -1.0196 0.100309
-0.38 -1 -0.992624 0.100309
-0.37 -1 -0.964762 0.100309
-0.36 -1 -0.937249 0.100309
-0.35 -1 -0.911335 0.100309
-0.34 -1 -0.888244 0.100309
-0.33 -1 -0.869118 0.100309
-0.32 -1 -0.854974 0.100309
-0.31 -1 -0.84666 0.100309
-0.3 -1 -0.84482 0.100309
-0.29 -1 -0.849861 0.100309
-0.28 -1 -0.861936 0.100309
-0.27 -1 -0.880925 0.100309
-0.26 -1 -0.906434 0.100309
-0.25 -1 -0.937796 0.100309
-0.24 -1 -0.974087 0.100309
-0.23 -1 -1.01415 0.100309
-0.22 -1 -1.0566 0.100309
-0.21 -1 -1.09992 0.100309
-0.2 -1 -1.14243 0.100309
-0.19 -1 -1.18237 0.100309
-0.18 -1 -1.21796 0.100309
-0.17 -1 -1.24741 0.100309
-0.16 -1 -1.26904 0.100309
-0.15 -1 -1.28124 0.100309
-0.14 -1 -1.2826 0.100309
-0.13 -1 -1.2719 0.100309
-0.12 -1 -1.24816 0.100309
-0.11 -1 -1.21069 0.100309
-0.1 -1 -1.15909 0.100309
-0.09 -1 -1.09328 0.100309
-0.08 -1 -1.0135 0.100309
-0.07 -1 -0.920325 0.100309
-0.06 -1 -0.814624 0.100309
-0.05 -1 -0.697573 0.100309
-0.04 -1 -0.570615 0.100309
-0.03 -1 -0.435431 0.100309
-0.02 -1 -0.293896 0.100309
-0.01 -1 -0.148041 0.100309
7.5287e-16 1 1.24023e-14 0.100309
0.01 1 0.148041 0.100309
0.02 1 0.293896 0.100309
0.03 1 0.435431 0.100309
0.04 1 0.570615 0.100309
0.05 1 0.697573 0.100309
0.06 1 0.814624 0.100309
0.07 1 0.920325 0.100309
0.08 1 1.0135 0.100309
0.09 1 1.09328 0.100309
0.1 1 1.15909 0.100309
0.11 1 1.21069 0.100309
0.12 1 1.24816 0.100309
0.13 1 1.2719 0.100309
0.14 1 1.2826 0.100309
0.15 1 1.28124 0.100309
0.16 1 1.26904 0.100309
0.17 1 1.24741 0.100309
0.18 1 1.21796 0.100309
0.19 1 1.18237 0.100309
0.2 1 1.14243 0.100309
0.21 1 1.09992 0.100309
0.22 1 1.0566 0.100309
0.23 1 1.01415 0.100309
0.24 1 0.974087 0.100309
0.25 1 0.937796 0.100309
0.26 1 0.906434 0.100309
0.27 1 0.880925 0.100309
0.28 1 0.861936 0.100309
0.29 1 0.849861 0.100309
0.3 1 0.84482 0.100309
0.31 1 0.84666 0.100309
0.32 1 0.854974 0.100309
0.33 1 0.869118 0.100309
0.34 1 0.888244 0.100309
0.35 1 0.911335 0.100309
0.36 1 0.937249 0.100309
0.37 1 0.964762 0.100309
0.38 1 0.992624 0.100309
0.39 1 1.0196 0.100309
0.4 1 1.04453 0.100309
0.41 1 1.06636 0.100309
0.42 1 1.08421 0.100309
0.43 1 1.09737 0.100309
0.44 1 1.10536 0.100309
0.45 1 1.10797 0.100309
0.46 1 1.10519 0.100309
0.47 1 1.0973 0.100309
0.48 1 1.0848 0.100309
0.49 1 1.06841 0.100309
0.5 1 1.04902 0.100309
0.51 1 1.02768 0.100309
0.52 1 1.00553 0.100309
0.53 1 0.983728 0.100309
0.54 1 0.963442 0.100309
0.55 1 0.945742 0.100309
0.56 1 0.931567 0.100309
0.57 1 0.921672 0.100309
0.58 1 0.916577 0.100309
0.59 1 0.916539 0.100309
0.6 1 0.921526 0.100309
0.61 1 0.931212 0.100309
0.62 1 0.944986 0.100309
0.63 1 0.961978 0.100309
0.64 1 0.9811 0.100309
0.65 1 1.0011 0.100309
0.66 1 1.02066 0.100309
0.67 1 1.03842 0.100309
0.68 1 1.05314 0.100309
0.69 1 1.06373 0.100309
0.7 1 1.06937 0.100309
0.71 1 1.06957 0.100309
0.72 1 1.06425 0.100309
0.73 1 1.05373 0.100309
0.74 1 1.03881 0.100309
0.75 1 1.02066 0.100309
0.76 1 1.00082 0.100309
0.77 1 0.981065 0.100309
0.78 1 0.963291 0.100309
0.79 1 0.949321 0.100309
0.8 1 0.940738 0.100309
0.81 1 0.938684 0.100309
0.82 1 0.943679 0.100309
0.83 1 0.95547 0.100309
0.84 1 0.972944 0.100309
0.85 1 0.994121 0.100309
0.86 1 1.01626 0.100309
0.87 1 1.03612 0.100309
0.88 1 1.05032 0.100309
0.89 1 1.05587 0.100309
0.9 1 1.05085 0.100309
0.91 1 1.03509 0.100309
0.92 1 1.01077 0.100309
0.93 1 0.982834 0.100309
0.94 1 0.958803 0.100309
0.95 1 0.947684 0.100309
0.96 1 0.957382 0.100309
0.97 1 0.989849 0.100309
0.98 1 1.03298 0.100309
0.99 1 1.04793 0.100309
