-1 -1 -1.0241 0.0465116
-0.99 -1 -1.02389 0.0465116
-0.98 -1 -0.983035 0.0465116
-0.97 -1 -0.989488 0.0465116
-0.96 -1 -1.0235 0.0465116
-0.95 -1 -1.01179 0.0465116
-0.94 -1 -0.980966 0.0465116
-0.93 -1 -0.976908 0.0465116
-0.92 -1 -1.001 0.0465116
-0.91 -1 -1.02374 0.0465116
-0.9 -1 -1.023 0.0465116
-0.89 -1 -1.00168 0.0465116
-0.88 -1 -0.97911 0.0465116
-0.87 -1 -0.972596 0.0465116
-0.86 -1 -0.985646 0.0465116
-0.85 -1 -1.00829 0.0465116
-0.84 -1 -1.02573 0.0465116
-0.83 -1 -1.02786 0.0465116
-0.82 -1 -1.0142 0.0465116
-0.81 -1 -0.992805 0.0465116
-0.8 -1 -0.97498 0.0465116
-0.79 -1 -0.969374 0.0465116
-0.78 -1 -0.978241 0.0465116
-0.77 -1 -0.997124 0.0465116
-0.76 -1 -1.01748 0.0465116
-0.75 -1 -1.03067 0.0465116
-0.74 -1 -1.03144 0.0465116
-0.73 -1 -1.01971 0.0465116
-0.72 -1 -1.0002 0.0465116
-0.71 -1 -0.980299 0.0465116
-0.7 -1 -0.967234 0.0465116
-0.69 -1 -0.965558 0.0465116
-0.68 -1 -0.975762 0.0465116
-0.67 -1 -0.994349 0.0465116
-0.66 -1 -1.01518 0.0465116
-0.65 -1 -1.03158 0.0465116
-0.64 -1 -1.0384 0.0465116
-0.63 -1 -1.03352 0.0465116
-0.62 -1 -1.01839 0.0465116
-0.61 -1 -0.997427 0.0465116
-0.6 -1 -0.976661 0.0465116
-0.59 -1 -0.962001 0.0465116
-0.58 -1 -0.957599 0.0465116
-0.57 -1 -0.964775 0.0465116
-0.56 -1 -0.981733 0.0465116
-0.55 -1 -1.0041 0.0465116
-0.54 -1 -1.0261 0.0465116
-0.53 -1 -1.04205 0.0465116
-0.52 -1 -1.04779 0.0465116
-0.51 -1 -1.04166 0.0465116
-0.5 -1 -1.02494 0.0465116
-0.49 -1 -1.00146 0.0465116
-0.48 -1 -0.97673 0.0465116
-0.47 -1 -0.956604 0.0465116
-0.46 -1 -0.945955 0.0465116
-0.45 -1 -0.947545 0.0465116
-0.44 -1 -0.961386 0.0465116
-0.43 -1 -0.984724 0.0465116
-0.42 -1 -1.01262 0.0465116
-0.41 -1 -1.03899 0.0465116
-0.4 -1 -1.05796 0.0465116
-0.39 -1 -1.06505 0.0465116
-0.38 -1 -1.05822 0.0465116
-0.37 -1 -1.03833 0.0465116
-0.36 -1 -1.00904 0.0465116
-0.35 -1 -0.976097 0.0465116
-0.34 -1 -0.946266 0.0465116
-0.33 -1 -0.925951 0.0465116
-0.32 -1 -0.919904 0.0465116
-0.31 -1 -0.930208 0.0465116
-0.3 -1 -0.955756 0.0465116
-0.29 -1 -0.992323 0.0465116
-0.28 -1 -1.03325 0.0465116
-0.27 -1 -1.0706 0.0465116
-0.26 -1 -1.09662 0.0465116
-0.25 -1 -1.10523 0.0465116
-0.24 -1 -1.09329 0.0465116
-0.23 -1 -1.06135 0.0465116
-0.22 -1 -1.01384 0.0465116
-0.21 -1 -0.958537 0.0465116
-0.2 -1 -0.90541 0.0465116
-0.19 -1 -0.86501 0.0465116
-0.18 -1 -0.846644 0.0465116
-0.17 -1 -0.856615 0.0465116
-0.16 -1 -0.896825 0.0465116
-0.15 -1 -0.963967 0.0465116
-0.14 -1 -1.04947 0.0465116
-0.13 -1 -1.14026 0.0465116
-0.12 -1 -1.22017 0.0465116
-0.11 -1 -1.27201 0.0465116
-0.1 -1 -1.27976 0.0465116
-0.09 -1 -1.23083 0.0465116
-0.08 -1 -1.11792 0.0465116
-0.07 -1 -0.940204 0.0465116
-0.06 -1 -0.70382 0.0465116
-0.05 -1 -0.421346 0.0465116
-0.04 -1 -0.110529 0.0465116
-0.03 -1 0.207697 0.0465116
-0.02 -1 0.511587 0.0465116
-0.01 -1 0.781069 0.0465116
7.5287e-16 1 1 0.0465116
0.01 1 1.15789 0.0465116
0.02 1 1.25092 0.0465116
0.03 1 1.28205 0.0465116
0.04 1 1.26032 0.0465116
0.05 1 1.1994 0.0465116
0.06 1 1.11562 0.0465116
0.07 1 1.02577 0.0465116
0.08 1 0.944942 0.0465116
0.09 1 0.884793 0.0465116
0.1 1 0.852305 0.0465116
0.11 1 0.849333 0.0465116
0.12 1 0.872878 0.0465116
0.13 1 0.916033 0.0465116
0.14 1 0.969423 0.0465116
0.15 1 1.02291 0.0465116
0.16 1 1.06727 0.0465116
0.17 1 1.09562 0.0465116
0.18 1 1.10438 0.0465116
0.19 1 1.0936 0.0465116
0.2 1 1.0667 0.0465116
0.21 1 1.02969 0.0465116
0.22 1 0.989949 0.0465116
0.23 1 0.954862 0.0465116
0.24 1 0.930532 0.0465116
0.25 1 0.920762 0.0465116
0.26 1 0.926493 0.0465116
0.27 1 0.945771 0.0465116
0.28 1 0.97423 0.0465116
0.29 1 1.006 0.0465116
0.3 1 1.03486 0.0465116
0.31 1 1.05539 0.0465116
0.32 1 1.06401 0.0465116
0.33 1 1.05957 0.0465116
0.34 1 1.04349 0.0465116
0.35 1 1.01946 0.0465116
0.36 1 0.992602 0.0465116
0.37 1 0.968453 0.0465116
0.38 1 0.951847 0.0465116
0.39 1 0.945944 0.0465116
0.4 1 0.951617 0.0465116
0.41 1 0.967307 0.0465116
0.42 1 0.989379 0.0465116
0.43 1 1.01291 0.0465116
0.44 1 1.03276 0.0465116
0.45 1 1.04466 0.0465116
0.46 1 1.04617 0.0465116
0.47 1 1.03719 0.0465116
0.48 1 1.02001 0.0465116
0.49 1 0.998738 0.0465116
0.5 1 0.978429 0.0465116
0.51 1 0.963865 0.0465116
0.52 1 0.958441 0.0465116
0.53 1 0.963334 0.0465116
0.54 1 0.977186 0.0465116
0.55 1 0.996408 0.0465116
0.56 1 1.01604 0.0465116
0.57 1 1.03101 0.0465116
0.58 1 1.0374 0.0465116
0.59 1 1.03359 0.0465116
0.6 1 1.02067 0.0465116
0.61 1 1.00228 0.0465116
0.62 1 0.983644 0.0465116
0.63 1 0.970136 0.0465116
0.64 1 0.965733 0.0465116
0.65 1 0.971766 0.0465116
0.66 1 0.986402 0.0465116
0.67 1 1.00507 0.0465116
0.68 1 1.02178 0.0465116
0.69 1 1.03099 0.0465116
0.7 1 1.02953 0.0465116
0.71 1 1.01778 0.0465116
0.72 1 0.999817 0.0465116
0.73 1 0.98216 0.0465116
0.74 1 0.971511 0.0465116
0.75 1 0.972171 0.0465116
0.76 1 0.984116 0.0465116
0.77 1 1.00262 0.0465116
0.78 1 1.01982 0.0465116
0.79 1 1.02792 0.0465116
0.8 1 1.02284 0.0465116
0.81 1 1.00658 0.0465116
0.82 1 0.987008 0.0465116
0.83 1 0.974487 0.0465116
0.84 1 0.976408 0.0465116
0.85 1 0.992388 0.0465116
0.86 1 1.01319 0.0465116
0.87 1 1.0252 0.0465116
0.88 1 1.01923 0.0465116
0.89 1 0.998449 0.0465116
0.9 1 0.978794 0.0465116
0.91 1 0.97809 0.0465116
0.92 1 0.999077 0.0465116
0.93 1 1.02135 0.0465116
0.94 1 1.01761 0.0465116
0.95 1 0.989087 0.0465116
0.96 1 0.978216 0.0465116
0.97 1 1.00975 0.0465116
0.98 1 1.01575 0.0465116
0.99 1 0.977813 0.0465116
