-1 -1 -0.917357 0.168105
-0.99 -1 -1.01063 0.168105
-0.98 -1 -1.06237 0.168105
-0.97 -1 -1.0835 0.168105
-0.96 -1 -1.08299 0.168105
-0.95 -1 -1.06812 0.168105
-0.94 -1 -1.04469 0.168105
-0.93 -1 -1.01725 0.168105
-0.92 -1 -0.989259 0.168105
-0.91 -1 -0.963274 0.168105
-0.9 -1 -0.941065 0.168105
-0.89 -1 -0.923766 0.168105
-0.88 -1 -0.911987 0.168105
-0.87 -1 -0.905915 0.168105
-0.86 -1 -0.905403 0.168105
-0.85 -1 -0.910048 0.168105
-0.84 -1 -0.919263 0.168105
-0.83 -1 -0.93233 0.168105
-0.82 -1 -0.948453 0.168105
-0.81 -1 -0.966796 0.168105
-0.8 -1 -0.986523 0.168105
-0.79 -1 -1.00682 0.168105
-0.78 -1 -1.02693 0.168105
-0.77 -1 -1.04615 0.168105
-0.76 -1 -1.06386 0.168105
-0.75 -1 -1.07954 0.168105
-0.74 -1 -1.09274 0.168105
-0.73 -1 -1.10312 0.168105
-0.72 -1 -1.11045 0.168105
-0.71 -1 -1.11456 0.168105
-0.7 -1 -1.11541 0.168105
-0.69 -1 -1.11301 0.168105
-0.68 -1 -1.10748 0.168105
-0.67 -1 -1.09899 0.168105
-0.66 -1 -1.08777 0.168105
-0.65 -1 -1.07412 0.168105
-0.64 -1 -1.05839 0.168105
-0.63 -1 -1.04093 0.168105
-0.62 -1 -1.02215 0.168105
-0.61 -1 -1.00248 0.168105
-0.6 -1 -0.982334 0.168105
-0.59 -1 -0.962148 0.168105
-0.58 -1 -0.942346 0.168105
-0.57 -1 -0.923337 0.168105
-0.56 -1 -0.905511 0.168105
-0.55 -1 -0.889231 0.168105
-0.54 -1 -0.874832 0.168105
-0.53 -1 -0.862609 0.168105
-0.52 -1 -0.852821 0.168105
-0.51 -1 -0.845682 0.168105
-0.5 -1 -0.841362 0.168105
-0.49 -1 -0.839983 0.168105
-0.48 -1 -0.841621 0.168105
-0.47 -1 -0.846303 0.168105
-0.46 -1 -0.854005 0.168105
-0.45 -1 -0.864661 0.168105
-0.44 -1 -0.878154 0.168105
-0.43 -1 -0.894326 0.168105
-0.42 -1 -0.912975 0.168105
-0.41 -1 -0.933863 0.168105
-0.4 -1 -0.956713 0.168105
-0.39 -1 -0.981217 0.168105
-0.38 -1 -1.00704 0.168105
-0.37 -1 -1.03381 0.168105
-0.36 -1 -1.06116 0.168105
-0.35 -1 -1.08868 0.168105
-0.34 -1 -1.11597 0.168105
-0.33 -1 -1.14259 0.168105
-0.32 -1 -1.16814 0.168105
-0.31 -1 -1.19219 0.168105
-0.3 -1 -1.21433 0.168105
-0.29 -1 -1.23415 0.168105
-0.28 -1 -1.25126 0.168105
-0.27 -1 -1.26528 0.168105
-0.26 -1 -1.27587 0.168105
-0.25 -1 -1.2827 0.168105
-0.24 -1 -1.28547 0.168105
-0.23 -1 -1.28391 0.168105
-0.22 -1 -1.27778 0.168105
-0.21 -1 -1.26689 0.168105
-0.2 -1 -1.25107 0.168105
-0.19 -1 -1.2302 0.168105
-0.18 -1 -1.20419 0.168105
-0.17 -1 -1.17302 0.168105
-0.16 -1 -1.13666 0.168105
-0.15 -1 -1.09518 0.168105
-0.14 -1 -1.04864 0.168105
-0.13 -1 -0.997171 0.168105
-0.12 -1 -0.940939 0.168105
-0.11 -1 -0.880143 0.168105
-0.1 -1 -0.815022 0.168105
-0.09 -1 -0.745847 0.168105
-0.08 -1 -0.672926 0.168105
-0.07 -1 -0.596595 0.168105
-0.06 -1 -0.517216 0.168105
-0.05 -1 -0.435178 0.168105
-0.04 -1 -0.35089 0.168105
-0.03 -1 -0.264781 0.168105
-0.02 -1 -0.177293 0.168105
-0.01 -1 -0.0888788 0.168105
7.5287e-16 1 7.34814e-15 0.168105
0.01 1 0.0888788 0.168105
0.02 1 0.177293 0.168105
0.03 1 0.264781 0.168105
0.04 1 0.35089 0.168105
0.05 1 0.435178 0.168105
0.06 1 0.517216 0.168105
0.07 1 0.596595 0.168105
0.08 1 0.672926 0.168105
0.09 1 0.745847 0.168105
0.1 1 0.815022 0.168105
0.11 1 0.880143 0.168105
0.12 1 0.940939 0.168105
0.13 1 0.997171 0.168105
0.14 1 1.04864 0.168105
0.15 1 1.09518 0.168105
0.16 1 1.13666 0.168105
0.17 1 1.17302 0.168105
0.18 1 1.20419 0.168105
0.19 1 1.2302 0.168105
0.2 1 1.25107 0.168105
0.21 1 1.26689 0.168105
0.22 1 1.27778 0.168105
0.23 1 1.28391 0.168105
0.24 1 1.28547 0.168105
0.25 1 1.2827 0.168105
0.26 1 1.27587 0.168105
0.27 1 1.26528 0.168105
0.28 1 1.25126 0.168105
0.29 1 1.23415 0.168105
0.3 1 1.21433 0.168105
0.31 1 1.19219 0.168105
0.32 1 1.16814 0.168105
0.33 1 1.14259 0.168105
0.34 1 1.11597 0.168105
0.35 1 1.08868 0.168105
0.36 1 1.06116 0.168105
0.37 1 1.03381 0.168105
0.38 1 1.00704 0.168105
0.39 1 0.981217 0.168105
0.4 1 0.956713 0.168105
0.41 1 0.933863 0.168105
0.42 1 0.912975 0.168105
0.43 1 0.894326 0.168105
0.44 1 0.878154 0.168105
0.45 1 0.864661 0.168105
0.46 1 0.854005 0.168105
0.47 1 0.846303 0.168105
0.48 1 0.841621 0.168105
0.49 1 0.839983 0.168105
0.5 1 0.841362 0.168105
0.51 1 0.845682 0.168105
0.52 1 0.852821 0.168105
0.53 1 0.862609 0.168105
0.54 1 0.874832 0.168105
0.55 1 0.889231 0.168105
0.56 1 0.905511 0.168105
0.57 1 0.923337 0.168105
0.58 1 0.942346 0.168105
0.59 1 0.962148 0.168105
0.6 1 0.982334 0.168105
0.61 1 1.00248 0.168105
0.62 1 1.02215 0.168105
0.63 1 1.04093 0.168105
0.64 1 1.05839 0.168105
0.65 1 1.07412 0.168105
0.66 1 1.08777 0.168105
0.67 1 1.09899 0.168105
0.68 1 1.10748 0.168105
0.69 1 1.11301 0.168105
0.7 1 1.11541 0.168105
0.71 1 1.11456 0.168105
0.72 1 1.11045 0.168105
0.73 1 1.10312 0.168105
0.74 1 1.09274 0.168105
0.75 1 1.07954 0.168105
0.76 1 1.06386 0.168105
0.77 1 1.04615 0.168105
0.78 1 1.02693 0.168105
0.79 1 1.00682 0.168105
0.8 1 0.986523 0.168105
0.81 1 0.966796 0.168105
0.82 1 0.948453 0.168105
0.83 1 0.93233 0.168105
0.84 1 0.919263 0.168105
0.85 1 0.910048 0.168105
0.86 1 0.905403 0.168105
0.87 1 0.905915 0.168105
0.88 1 0.911987 0.168105
0.89 1 0.923766 0.168105
0.9 1 0.941065 0.168105
0.91 1 0.963274 0.168105
0.92 1 0.989259 0.168105
0.93 1 1.01725 0.168105
0.94 1 1.04469 0.168105
0.95 1 1.06812 0.168105
0.96 1 1.08299 0.168105
0.97 1 1.0835 0.168105
0.98 1 1.06237 0.168105
0.99 1 1.01063 0.168105
