-1 -1 -0.978938 0.0408163
-0.99 -1 -0.983087 0.0408163
-0.98 -1 -1.01988 0.0408163
-0.97 -1 -0.981288 0.0408163
-0.96 -1 -0.994965 0.0408163
-0.95 -1 -1.02197 0.0408163
-0.94 -1 -1.00487 0.0408163
-0.93 -1 -0.979152 0.0408163
-0.92 -1 -0.985437 0.0408163
-0.91 -1 -1.01169 0.0408163
-0.9 -1 -1.02334 0.0408163
-0.89 -1 -1.00843 0.0408163
-0.88 -1 -0.984704 0.0408163
-0.87 -1 -0.975889 0.0408163
-0.86 -1 -0.989013 0.0408163
-0.85 -1 -1.01155 0.0408163
-0.84 -1 -1.02485 0.0408163
-0.83 -1 -1.01923 0.0408163
-0.82 -1 -0.999619 0.0408163
-0.81 -1 -0.980144 0.0408163
-0.8 -1 -0.973647 0.0408163
-0.79 -1 -0.98379 0.0408163
-0.78 -1 -1.0039 0.0408163
-0.77 -1 -1.02195 0.0408163
-0.76 -1 -1.02782 0.0408163
-0.75 -1 -1.01859 0.0408163
-0.74 -1 -0.999417 0.0408163
-0.73 -1 -0.980261 0.0408163
-0.72 -1 -0.970597 0.0408163
-0.71 -1 -0.974948 0.0408163
-0.7 -1 -0.991126 0.0408163
-0.69 -1 -1.01166 0.0408163
-0.68 -1 -1.02739 0.0408163
-0.67 -1 -1.03154 0.0408163
-0.66 -1 -1.02239 0.0408163
-0.65 -1 -1.00375 0.0408163
-0.64 -1 -0.983159 0.0408163
-0.63 -1 -0.968776 0.0408163
-0.62 -1 -0.96621 0.0408163
-0.61 -1 -0.976494 0.0408163
-0.6 -1 -0.995867 0.0408163
-0.59 -1 -1.01729 0.0408163
-0.58 -1 -1.03305 0.0408163
-0.57 -1 -1.03751 0.0408163
-0.56 -1 -1.02895 0.0408163
-0.55 -1 -1.01015 0.0408163
-0.54 -1 -0.987299 0.0408163
-0.53 -1 -0.96795 0.0408163
-0.52 -1 -0.958525 0.0408163
-0.51 -1 -0.962279 0.0408163
-0.5 -1 -0.978292 0.0408163
-0.49 -1 -1.00179 0.0408163
-0.48 -1 -1.02562 0.0408163
-0.47 -1 -1.04246 0.0408163
-0.46 -1 -1.04697 0.0408163
-0.45 -1 -1.03743 0.0408163
-0.44 -1 -1.01626 0.0408163
-0.43 -1 -0.989326 0.0408163
-0.42 -1 -0.964287 0.0408163
-0.41 -1 -0.94846 0.0408163
-0.4 -1 -0.94673 0.0408163
-0.39 -1 -0.960152 0.0408163
-0.38 -1 -0.98558 0.0408163
-0.37 -1 -1.01644 0.0408163
-0.36 -1 -1.04443 0.0408163
-0.35 -1 -1.06172 0.0408163
-0.34 -1 -1.06304 0.0408163
-0.33 -1 -1.04721 0.0408163
-0.32 -1 -1.01752 0.0408163
-0.31 -1 -0.981113 0.0408163
-0.3 -1 -0.947253 0.0408163
-0.29 -1 -0.925049 0.0408163
-0.28 -1 -0.921116 0.0408163
-0.27 -1 -0.937768 0.0408163
-0.26 -1 -0.972201 0.0408163
-0.25 -1 -1.01689 0.0408163
-0.24 -1 -1.06117 0.0408163
-0.23 -1 -1.09365 0.0408163
-0.22 -1 -1.10495 0.0408163
-0.21 -1 -1.09015 0.0408163
-0.2 -1 -1.05032 0.0408163
-0.19 -1 -0.992793 0.0408163
-0.18 -1 -0.929999 0.0408163
-0.17 -1 -0.877052 0.0408163
-0.16 -1 -0.848524 0.0408163
-0.15 -1 -0.855037 0.0408163
-0.14 -1 -0.900396 0.0408163
-0.13 -1 -0.979865 0.0408163
-0.12 -1 -1.08002 0.0408163
-0.11 -1 -1.1803 0.0408163
-0.1 -1 -1.25606 0.0408163
-0.09 -1 -1.28258 0.0408163
-0.08 -1 -1.23941 0.0408163
-0.07 -1 -1.11418 0.0408163
-0.06 -1 -0.90522 0.0408163
-0.05 -1 -0.622433 0.0408163
-0.04 -1 -0.286296 0.0408163
-0.03 -1 0.0749442 0.0408163
-0.02 -1 0.429378 0.0408163
-0.01 -1 0.746153 0.0408163
7.5287e-16 1 1 0.0408163
0.01 1 1.1748 0.0408163
0.02 1 1.26559 0.0408163
0.03 1 1.27872 0.0408163
0.04 1 1.23019 0.0408163
0.05 1 1.14241 0.0408163
0.06 1 1.04025 0.0408163
0.07 1 0.946767 0.0408163
0.08 1 0.879651 0.0408163
0.09 1 0.848842 0.0408163
0.1 1 0.855698 0.0408163
0.11 1 0.893783 0.0408163
0.12 1 0.951026 0.0408163
0.13 1 1.01274 0.0408163
0.14 1 1.06488 0.0408163
0.15 1 1.09688 0.0408163
0.16 1 1.10358 0.0408163
0.17 1 1.08581 0.0408163
0.18 1 1.04976 0.0408163
0.19 1 1.00521 0.0408163
0.2 1 0.963069 0.0408163
0.21 1 0.932916 0.0408163
0.22 1 0.920907 0.0408163
0.23 1 0.928598 0.0408163
0.24 1 0.952857 0.0408163
0.25 1 0.986852 0.0408163
0.26 1 1.02184 0.0408163
0.27 1 1.04931 0.0408163
0.28 1 1.06301 0.0408163
0.29 1 1.06032 0.0408163
0.3 1 1.04275 0.0408163
0.31 1 1.01541 0.0408163
0.32 1 0.98562 0.0408163
0.33 1 0.961026 0.0408163
0.34 1 0.947666 0.0408163
0.35 1 0.948503 0.0408163
0.36 1 0.962746 0.0408163
0.37 1 0.986152 0.0408163
0.38 1 1.0122 0.0408163
0.39 1 1.03386 0.0408163
0.4 1 1.04545 0.0408163
0.41 1 1.04414 0.0408163
0.42 1 1.03069 0.0408163
0.43 1 1.00921 0.0408163
0.44 1 0.985926 0.0408163
0.45 1 0.967505 0.0408163
0.46 1 0.959106 0.0408163
0.47 1 0.962926 0.0408163
0.48 1 0.977563 0.0408163
0.49 1 0.998429 0.0408163
0.5 1 1.01911 0.0408163
0.51 1 1.03329 0.0408163
0.52 1 1.03669 0.0408163
0.53 1 1.02841 0.0408163
0.54 1 1.01128 0.0408163
0.55 1 0.990963 0.0408163
0.56 1 0.974167 0.0408163
0.57 1 0.966469 0.0408163
0.58 1 0.970394 0.0408163
0.59 1 0.984485 0.0408163
0.6 1 1.00372 0.0408163
0.61 1 1.02117 0.0408163
0.62 1 1.03048 0.0408163
0.63 1 1.02821 0.0408163
0.64 1 1.01524 0.0408163
0.65 1 0.996601 0.0408163
0.66 1 0.979673 0.0408163
0.67 1 0.971328 0.0408163
0.68 1 0.975067 0.0408163
0.69 1 0.989377 0.0408163
0.7 1 1.0081 0.0408163
0.71 1 1.02289 0.0408163
0.72 1 1.0269 0.0408163
0.73 1 1.01808 0.0408163
0.74 1 1.00053 0.0408163
0.75 1 0.982934 0.0408163
0.76 1 0.97443 0.0408163
0.77 1 0.979804 0.0408163
0.78 1 0.996407 0.0408163
0.79 1 1.01495 0.0408163
0.8 1 1.02433 0.0408163
0.81 1 1.01835 0.0408163
0.82 1 1.00035 0.0408163
0.83 1 0.982203 0.0408163
0.84 1 0.976976 0.0408163
0.85 1 0.989285 0.0408163
0.86 1 1.0102 0.0408163
0.87 1 1.0224 0.0408163
0.88 1 1.01422 0.0408163
0.89 1 0.992154 0.0408163
0.9 1 0.978261 0.0408163
0.91 1 0.989104 0.0408163
0.92 1 1.01358 0.0408163
0.93 1 1.01946 0.0408163
0.94 1 0.995452 0.0408163
0.95 1 0.979467 0.0408163
0.96 1 1.00471 0.0408163
0.97 1 1.01752 0.0408163
0.98 1 0.981381 0.0408163
0.99 1 1.01585 0.0408163
