-1 -1 -1.05535 0.111536
-0.99 -1 -0.953673 0.111536
-0.98 -1 -0.949521 0.111536
-0.97 -1 -0.983571 0.111536
-0.96 -1 -1.02222 0.111536
-0.95 -1 -1.0491 0.111536
-0.94 -1 -1.05882 0.111536
-0.93 -1 -1.0524 0.111536
-0.92 -1 -1.03418 0.111536
-0.91 -1 -1.0096 0.111536
-0.9 -1 -0.98395 0.111536
-0.89 -1 -0.961546 0.111536
-0.88 -1 -0.945409 0.111536
-0.87 -1 -0.937188 0.111536
-0.86 -1 -0.937281 0.111536
-0.85 -1 -0.945048 0.111536
-0.84 -1 -0.959087 0.111536
-0.83 -1 -0.97751 0.111536
-0.82 -1 -0.998209 0.111536
-0.81 -1 -1.01908 0.111536
-0.8 -1 -1.03819 0.111536
-0.79 -1 -1.05395 0.111536
-0.78 -1 -1.06516 0.111536
-0.77 -1 -1.07108 0.111536
-0.76 -1 -1.07142 0.111536
-0.75 -1 -1.06631 0.111536
-0.74 -1 -1.05626 0.111536
-0.73 -1 -1.04208 0.111536
-0.72 -1 -1.02484 0.111536
-0.71 -1 -1.00571 0.111536
-0.7 -1 -0.985948 0.111536
-0.69 -1 -0.966795 0.111536
-0.68 -1 -0.949402 0.111536
-0.67 -1 -0.934776 0.111536
-0.66 -1 -0.923737 0.111536
-0.65 -1 -0.916885 0.111536
-0.64 -1 -0.914576 0.111536
-0.63 -1 -0.916921 0.111536
-0.62 -1 -0.923792 0.111536
-0.61 -1 -0.934837 0.111536
-0.6 -1 -0.949504 0.111536
-0.59 -1 -0.96708 0.111536
-0.58 -1 -0.986721 0.111536
-0.57 -1 -1.0075 0.111536
-0.56 -1 -1.02846 0.111536
-0.55 -1 -1.04861 0.111536
-0.54 -1 -1.06705 0.111536
-0.53 -1 -1.08291 0.111536
-0.52 -1 -1.09548 0.111536
-0.51 -1 -1.10414 0.111536
-0.5 -1 -1.10847 0.111536
-0.49 -1 -1.1082 0.111536
-0.48 -1 -1.10327 0.111536
-0.47 -1 -1.09377 0.111536
-0.46 -1 -1.08 0.111536
-0.45 -1 -1.0624 0.111536
-0.44 -1 -1.04159 0.111536
-0.43 -1 -1.0183 0.111536
-0.42 -1 -0.993361 0.111536
-0.41 -1 -0.967683 0.111536
-0.4 -1 -0.942221 0.111536
-0.39 -1 -0.917939 0.111536
-0.38 -1 -0.895781 0.111536
-0.37 -1 -0.876639 0.111536
-0.36 -1 -0.861322 0.111536
-0.35 -1 -0.850533 0.111536
-0.34 -1 -0.84484 0.111536
-0.33 -1 -0.84466 0.111536
-0.32 -1 -0.850242 0.111536
-0.31 -1 -0.861655 0.111536
-0.3 -1 -0.878781 0.111536
-0.29 -1 -0.901318 0.111536
-0.28 -1 -0.928778 0.111536
-0.27 -1 -0.960501 0.111536
-0.26 -1 -0.995664 0.111536
-0.25 -1 -1.0333 0.111536
-0.24 -1 -1.07232 0.111536
-0.23 -1 -1.11153 0.111536
-0.22 -1 -1.14967 0.111536
-0.21 -1 -1.18544 0.111536
-0.2 -1 -1.21751 0.111536
-0.19 -1 -1.24459 0.111536
-0.18 -1 -1.26541 0.111536
-0.17 -1 -1.27881 0.111536
-0.16 -1 -1.28371 0.111536
-0.15 -1 -1.27917 0.111536
-0.14 -1 -1.26439 0.111536
-0.13 -1 -1.23876 0.111536
-0.12 -1 -1.20186 0.111536
-0.11 -1 -1.15345 0.111536
-0.1 -1 -1.09353 0.111536
-0.09 -1 -1.02228 0.111536
-0.08 -1 -0.940119 0.111536
-0.07 -1 -0.847653 0.111536
-0.06 -1 -0.745692 0.111536
-0.05 -1 -0.635223 0.111536
-0.04 -1 -0.517399 0.111536
-0.03 -1 -0.393513 0.111536
-0.02 -1 -0.264974 0.111536
-0.01 -1 -0.133283 0.111536
7.5287e-16 1 7.51079e-15 0.111536
0.01 1 0.133283 0.111536
0.02 1 0.264974 0.111536
0.03 1 0.393513 0.111536
0.04 1 0.517399 0.111536
0.05 1 0.635223 0.111536
0.06 1 0.745692 0.111536
0.07 1 0.847653 0.111536
0.08 1 0.940119 0.111536
0.09 1 1.02228 0.111536
0.1 1 1.09353 0.111536
0.11 1 1.15345 0.111536
0.12 1 1.20186 0.111536
0.13 1 1.23876 0.111536
0.14 1 1.26439 0.111536
0.15 1 1.27917 0.111536
0.16 1 1.28371 0.111536
0.17 1 1.27881 0.111536
0.18 1 1.26541 0.111536
0.19 1 1.24459 0.111536
0.2 1 1.21751 0.111536
0.21 1 1.18544 0.111536
0.22 1 1.14967 0.111536
0.23 1 1.11153 0.111536
0.24 1 1.07232 0.111536
0.25 1 1.0333 0.111536
0.26 1 0.995664 0.111536
0.27 1 0.960501 0.111536
0.28 1 0.928778 0.111536
0.29 1 0.901318 0.111536
0.3 1 0.878781 0.111536
0.31 1 0.861655 0.111536
0.32 1 0.850242 0.111536
0.33 1 0.84466 0.111536
0.34 1 0.84484 0.111536
0.35 1 0.850533 0.111536
0.36 1 0.861322 0.111536
0.37 1 0.876639 0.111536
0.38 1 0.895781 0.111536
0.39 1 0.917939 0.111536
0.4 1 0.942221 0.111536
0.41 1 0.967683 0.111536
0.42 1 0.993361 0.111536
0.43 1 1.0183 0.111536
0.44 1 1.04159 0.111536
0.45 1 1.0624 0.111536
0.46 1 1.08 0.111536
0.47 1 1.09377 0.111536
0.48 1 1.10327 0.111536
0.49 1 1.1082 0.111536
0.5 1 1.10847 0.111536
0.51 1 1.10414 0.111536
0.52 1 1.09548 0.111536
0.53 1 1.08291 0.111536
0.54 1 1.06705 0.111536
0.55 1 1.04861 0.111536
0.56 1 1.02846 0.111536
0.57 1 1.0075 0.111536
0.58 1 0.986721 0.111536
0.59 1 0.96708 0.111536
0.6 1 0.949504 0.111536
0.61 1 0.934837 0.111536
0.62 1 0.923792 0.111536
0.63 1 0.916921 0.111536
0.64 1 0.914576 0.111536
0.65 1 0.916885 0.111536
0.66 1 0.923737 0.111536
0.67 1 0.934776 0.111536
0.68 1 0.949402 0.111536
0.69 1 0.966795 0.111536
0.7 1 0.985948 0.111536
0.71 1 1.00571 0.111536
0.72 1 1.02484 0.111536
0.73 1 1.04208 0.111536
0.74 1 1.05626 0.111536
0.75 1 1.06631 0.111536
0.76 1 1.07142 0.111536
0.77 1 1.07108 0.111536
0.78 1 1.06516 0.111536
0.79 1 1.05395 0.111536
0.8 1 1.03819 0.111536
0.81 1 1.01908 0.111536
0.82 1 0.998209 0.111536
0.83 1 0.97751 0.111536
0.84 1 0.959087 0.111536
0.85 1 0.945048 0.111536
0.86 1 0.937281 0.111536
0.87 1 0.937188 0.111536
0.88 1 0.945409 0.111536
0.89 1 0.961546 0.111536
0.9 1 0.98395 0.111536
0.91 1 1.0096 0.111536
0.92 1 1.03418 0.111536
0.93 1 1.0524 0.111536
0.94 1 1.05882 0.111536
0.95 1 1.0491 0.111536
0.96 1 1.02222 0.111536
0.97 1 0.983571 0.111536
0.98 1 0.949521 0.111536
0.99 1 0.953673 0.111536
