-1 -1 -1.03839 0.0770637
-0.99 -1 -0.96671 0.0770637
-0.98 -1 -1.01865 0.0770637
-0.97 -1 -1.03937 0.0770637
-0.96 -1 -1.0183 0.0770637
-0.95 -1 -0.984172 0.0770637
-0.94 -1 -0.961976 0.0770637
-0.93 -1 -0.961404 0.0770637
-0.92 -1 -0.979099 0.0770637
-0.91 -1 -1.00504 0.0770637
-0.9 -1 -1.02846 0.0770637
-0.89 -1 -1.04169 0.0770637
-0.88 -1 -1.04161 0.0770637
-0.87 -1 -1.02945 0.0770637
-0.86 -1 -1.00945 0.0770637
-0.85 -1 -0.987192 0.0770637
-0.84 -1 -0.968094 0.0770637
-0.83 -1 -0.956223 0.0770637
-0.82 -1 -0.953694 0.0770637
-0.81 -1 -0.960552 0.0770637
-0.8 -1 -0.975059 0.0770637
-0.79 -1 -0.994239 0.0770637
-0.78 -1 -1.01454 0.0770637
-0.77 -1 -1.0325 0.0770637
-0.76 -1 -1.04526 0.0770637
-0.75 -1 -1.05096 0.0770637
-0.74 -1 -1.04892 0.0770637
-0.73 -1 -1.0396 0.0770637
-0.72 -1 -1.02447 0.0770637
-0.71 -1 -1.00573 0.0770637
-0.7 -1 -0.985951 0.0770637
-0.69 -1 -0.967722 0.0770637
-0.68 -1 -0.953349 0.0770637
-0.67 -1 -0.944579 0.0770637
-0.66 -1 -0.942434 0.0770637
-0.65 -1 -0.947131 0.0770637
-0.64 -1 -0.958101 0.0770637
-0.63 -1 -0.974092 0.0770637
-0.62 -1 -0.993329 0.0770637
-0.61 -1 -1.01373 0.0770637
-0.6 -1 -1.03311 0.0770637
-0.59 -1 -1.04946 0.0770637
-0.58 -1 -1.06108 0.0770637
-0.57 -1 -1.06674 0.0770637
-0.56 -1 -1.06586 0.0770637
-0.55 -1 -1.05843 0.0770637
-0.54 -1 -1.0451 0.0770637
-0.53 -1 -1.02706 0.0770637
-0.52 -1 -1.00592 0.0770637
-0.51 -1 -0.98356 0.0770637
-0.5 -1 -0.962001 0.0770637
-0.49 -1 -0.943182 0.0770637
-0.48 -1 -0.928819 0.0770637
-0.47 -1 -0.920261 0.0770637
-0.46 -1 -0.918379 0.0770637
-0.45 -1 -0.923497 0.0770637
-0.44 -1 -0.935365 0.0770637
-0.43 -1 -0.953181 0.0770637
-0.42 -1 -0.975651 0.0770637
-0.41 -1 -1.00108 0.0770637
-0.4 -1 -1.02752 0.0770637
-0.39 -1 -1.05289 0.0770637
-0.38 -1 -1.07513 0.0770637
-0.37 -1 -1.0924 0.0770637
-0.36 -1 -1.10315 0.0770637
-0.35 -1 -1.10628 0.0770637
-0.34 -1 -1.10124 0.0770637
-0.33 -1 -1.08804 0.0770637
-0.32 -1 -1.0673 0.0770637
-0.31 -1 -1.0402 0.0770637
-0.3 -1 -1.00842 0.0770637
-0.29 -1 -0.974072 0.0770637
-0.28 -1 -0.939508 0.0770637
-0.27 -1 -0.907232 0.0770637
-0.26 -1 -0.879712 0.0770637
-0.25 -1 -0.859223 0.0770637
-0.24 -1 -0.847691 0.0770637
-0.23 -1 -0.846554 0.0770637
-0.22 -1 -0.856648 0.0770637
-0.21 -1 -0.878122 0.0770637
-0.2 -1 -0.910393 0.0770637
-0.19 -1 -0.952139 0.0770637
-0.18 -1 -1.00133 0.0770637
-0.17 -1 -1.05529 0.0770637
-0.16 -1 -1.11084 0.0770637
-0.15 -1 -1.16438 0.0770637
-0.14 -1 -1.21213 0.0770637
-0.13 -1 -1.25022 0.0770637
-0.12 -1 -1.27494 0.0770637
-0.11 -1 -1.28292 0.0770637
-0.1 -1 -1.27126 0.0770637
-0.09 -1 -1.23773 0.0770637
-0.08 -1 -1.18086 0.0770637
-0.07 -1 -1.10005 0.0770637
-0.06 -1 -0.99563 0.0770637
-0.05 -1 -0.868834 0.0770637
-0.04 -1 -0.721799 0.0770637
-0.03 -1 -0.557478 0.0770637
-0.02 -1 -0.379528 0.0770637
-0.01 -1 -0.192166 0.0770637
7.5287e-16 1 1.20112e-14 0.0770637
0.01 1 0.192166 0.0770637
0.02 1 0.379528 0.0770637
0.03 1 0.557478 0.0770637
0.04 1 0.721799 0.0770637
0.05 1 0.868834 0.0770637
0.06 1 0.99563 0.0770637
0.07 1 1.10005 0.0770637
0.08 1 1.18086 0.0770637
0.09 1 1.23773 0.0770637
0.1 1 1.27126 0.0770637
0.11 1 1.28292 0.0770637
0.12 1 1.27494 0.0770637
0.13 1 1.25022 0.0770637
0.14 1 1.21213 0.0770637
0.15 1 1.16438 0.0770637
0.16 1 1.11084 0.0770637
0.17 1 1.05529 0.0770637
0.18 1 1.00133 0.0770637
0.19 1 0.952139 0.0770637
0.2 1 0.910393 0.0770637
0.21 1 0.878122 0.0770637
0.22 1 0.856648 0.0770637
0.23 1 0.846554 0.0770637
0.24 1 0.847691 0.0770637
0.25 1 0.859223 0.0770637
0.26 1 0.879712 0.0770637
0.27 1 0.907232 0.0770637
0.28 1 0.939508 0.0770637
0.29 1 0.974072 0.0770637
0.3 1 1.00842 0.0770637
0.31 1 1.0402 0.0770637
0.32 1 1.0673 0.0770637
0.33 1 1.08804 0.0770637
0.34 1 1.10124 0.0770637
0.35 1 1.10628 0.0770637
0.36 1 1.10315 0.0770637
0.37 1 1.0924 0.0770637
0.38 1 1.07513 0.0770637
0.39 1 1.05289 0.0770637
0.4 1 1.02752 0.0770637
0.41 1 1.00108 0.0770637
0.42 1 0.975651 0.0770637
0.43 1 0.953181 0.0770637
0.44 1 0.935365 0.0770637
0.45 1 0.923497 0.0770637
0.46 1 0.918379 0.0770637
0.47 1 0.920261 0.0770637
0.48 1 0.928819 0.0770637
0.49 1 0.943182 0.0770637
0.5 1 0.962001 0.0770637
0.51 1 0.98356 0.0770637
0.52 1 1.00592 0.0770637
0.53 1 1.02706 0.0770637
0.54 1 1.0451 0.0770637
0.55 1 1.05843 0.0770637
0.56 1 1.06586 0.0770637
0.57 1 1.06674 0.0770637
0.58 1 1.06108 0.0770637
0.59 1 1.04946 0.0770637
0.6 1 1.03311 0.0770637
0.61 1 1.01373 0.0770637
0.62 1 0.993329 0.0770637
0.63 1 0.974092 0.0770637
0.64 1 0.958101 0.0770637
0.65 1 0.947131 0.0770637
0.66 1 0.942434 0.0770637
0.67 1 0.944579 0.0770637
0.68 1 0.953349 0.0770637
0.69 1 0.967722 0.0770637
0.7 1 0.985951 0.0770637
0.71 1 1.00573 0.0770637
0.72 1 1.02447 0.0770637
0.73 1 1.0396 0.0770637
0.74 1 1.04892 0.0770637
0.75 1 1.05096 0.0770637
0.76 1 1.04526 0.0770637
0.77 1 1.0325 0.0770637
0.78 1 1.01454 0.0770637
0.79 1 0.994239 0.0770637
0.8 1 0.975059 0.0770637
0.81 1 0.960552 0.0770637
0.82 1 0.953694 0.0770637
0.83 1 0.956223 0.0770637
0.84 1 0.968094 0.0770637
0.85 1 0.987192 0.0770637
0.86 1 1.00945 0.0770637
0.87 1 1.02945 0.0770637
0.88 1 1.04161 0.0770637
0.89 1 1.04169 0.0770637
0.9 1 1.02846 0.0770637
0.91 1 1.00504 0.0770637
0.92 1 0.979099 0.0770637
0.93 1 0.961404 0.0770637
0.94 1 0.961976 0.0770637
0.95 1 0.984172 0.0770637
0.96 1 1.0183 0.0770637
0.97 1 1.03937 0.0770637
0.98 1 1.01865 0.0770637
0.99 1 0.96671 0.0770637
