-1 -1 -1.48803 0.666667
-0.99 -1 -1.44995 0.666667
-0.98 -1 -1.41214 0.666667
-0.97 -1 -1.37459 0.666667
-0.96 -1 -1.33731 0.666667
-0.95 -1 -1.3003 0.666667
-0.94 -1 -1.26355 0.666667
-0.93 -1 -1.22707 0.666667
-0.92 -1 -1.19086 0.666667
-0.91 -1 -1.15491 0.666667
-0.9 -1 -1.11923 0.666667
-0.89 -1 -1.08382 0.666667
-0.88 -1 -1.04867 0.666667
-0.87 -1 -1.01379 0.666667
-0.86 -1 -0.979176 0.666667
-0.85 -1 -0.944829 0.666667
-0.84 -1 -0.910748 0.666667
-0.83 -1 -0.876935 0.666667
-0.82 -1 -0.843388 0.666667
-0.81 -1 -0.810107 0.666667
-0.8 -1 -0.777094 0.666667
-0.79 -1 -0.744347 0.666667
-0.78 -1 -0.711866 0.666667
-0.77 -1 -0.679653 0.666667
-0.76 -1 -0.647706 0.666667
-0.75 -1 -0.616025 0.666667
-0.74 -1 -0.584612 0.666667
-0.73 -1 -0.553465 0.666667
-0.72 -1 -0.522584 0.666667
-0.71 -1 -0.491971 0.666667
-0.7 -1 -0.461624 0.666667
-0.69 -1 -0.431543 0.666667
-0.68 -1 -0.40173 0.666667
-0.67 -1 -0.372183 0.666667
-0.66 -1 -0.342902 0.666667
-0.65 -1 -0.313889 0.666667
-0.64 -1 -0.285142 0.666667
-0.63 -1 -0.256661 0.666667
-0.62 -1 -0.228448 0.666667
-0.61 -1 -0.200501 0.666667
-0.6 -1 -0.17282 0.666667
-0.59 -1 -0.145407 0.666667
-0.58 -1 -0.11826 0.666667
-0.57 -1 -0.0913793 0.666667
-0.56 -1 -0.0647656 0.666667
-0.55 -1 -0.0384186 0.666667
-0.54 -1 -0.0123383 0.666667
-0.53 -1 0.0134754 0.666667
-0.52 -1 0.0390224 0.666667
-0.51 -1 0.0643027 0.666667
-0.5 -1 0.0893164 0.666667
-0.49 -1 0.114063 0.666667
-0.48 -1 0.138544 0.666667
-0.47 -1 0.162757 0.666667
-0.46 -1 0.186704 0.666667
-0.45 -1 0.210385 0.666667
-0.44 -1 0.233798 0.666667
-0.43 -1 0.256945 0.666667
-0.42 -1 0.279826 0.666667
-0.41 -1 0.302439 0.666667
-0.4 -1 0.324786 0.666667
-0.39 -1 0.346867 0.666667
-0.38 -1 0.36868 0.666667
-0.37 -1 0.390227 0.666667
-0.36 -1 0.411508 0.666667
-0.35 -1 0.432521 0.666667
-0.34 -1 0.453268 0.666667
-0.33 -1 0.473749 0.666667
-0.32 -1 0.493962 0.666667
-0.31 -1 0.513909 0.666667
-0.3 -1 0.53359 0.666667
-0.29 -1 0.553004 0.666667
-0.28 -1 0.572151 0.666667
-0.27 -1 0.591031 0.666667
-0.26 -1 0.609645 0.666667
-0.25 -1 0.627992 0.666667
-0.24 -1 0.646072 0.666667
-0.23 -1 0.663886 0.666667
-0.22 -1 0.681433 0.666667
-0.21 -1 0.698713 0.666667
-0.2 -1 0.715727 0.666667
-0.19 -1 0.732474 0.666667
-0.18 -1 0.748954 0.666667
-0.17 -1 0.765168 0.666667
-0.16 -1 0.781115 0.666667
-0.15 -1 0.796795 0.666667
-0.14 -1 0.812209 0.666667
-0.13 -1 0.827356 0.666667
-0.12 -1 0.842236 0.666667
-0.11 -1 0.85685 0.666667
-0.1 -1 0.871197 0.666667
-0.09 -1 0.885277 0.666667
-0.08 -1 0.899091 0.666667
-0.07 -1 0.912638 0.666667
-0.06 -1 0.925918 0.666667
-0.05 -1 0.938932 0.666667
-0.04 -1 0.951679 0.666667
-0.03 -1 0.964159 0.666667
-0.02 -1 0.976373 0.666667
-0.01 -1 0.98832 0.666667
7.5287e-16 1 1 0.666667
0.01 1 1.01141 0.666667
0.02 1 1.02256 0.666667
0.03 1 1.03344 0.666667
0.04 1 1.04405 0.666667
0.05 1 1.0544 0.666667
0.06 1 1.06448 0.666667
0.07 1 1.0743 0.666667
0.08 1 1.08384 0.666667
0.09 1 1.09312 0.666667
0.1 1 1.10214 0.666667
0.11 1 1.11088 0.666667
0.12 1 1.11936 0.666667
0.13 1 1.12758 0.666667
0.14 1 1.13552 0.666667
0.15 1 1.14321 0.666667
0.16 1 1.15062 0.666667
0.17 1 1.15777 0.666667
0.18 1 1.16465 0.666667
0.19 1 1.17126 0.666667
0.2 1 1.17761 0.666667
0.21 1 1.18369 0.666667
0.22 1 1.1895 0.666667
0.23 1 1.19505 0.666667
0.24 1 1.20033 0.666667
0.25 1 1.20534 0.666667
0.26 1 1.21009 0.666667
0.27 1 1.21457 0.666667
0.28 1 1.21878 0.666667
0.29 1 1.22273 0.666667
0.3 1 1.22641 0.666667
0.31 1 1.22982 0.666667
0.32 1 1.23297 0.666667
0.33 1 1.23585 0.666667
0.34 1 1.23846 0.666667
0.35 1 1.24081 0.666667
0.36 1 1.24289 0.666667
0.37 1 1.24471 0.666667
0.38 1 1.24625 0.666667
0.39 1 1.24753 0.666667
0.4 1 1.24855 0.666667
0.41 1 1.24929 0.666667
0.42 1 1.24977 0.666667
0.43 1 1.24999 0.666667
0.44 1 1.24993 0.666667
0.45 1 1.24962 0.666667
0.46 1 1.24903 0.666667
0.47 1 1.24818 0.666667
0.48 1 1.24706 0.666667
0.49 1 1.24567 0.666667
0.5 1 1.24402 0.666667
0.51 1 1.2421 0.666667
0.52 1 1.23991 0.666667
0.53 1 1.23746 0.666667
0.54 1 1.23474 0.666667
0.55 1 1.23175 0.666667
0.56 1 1.2285 0.666667
0.57 1 1.22498 0.666667
0.58 1 1.22119 0.666667
0.59 1 1.21714 0.666667
0.6 1 1.21282 0.666667
0.61 1 1.20823 0.666667
0.62 1 1.20338 0.666667
0.63 1 1.19826 0.666667
0.64 1 1.19288 0.666667
0.65 1 1.18722 0.666667
0.66 1 1.1813 0.666667
0.67 1 1.17512 0.666667
0.68 1 1.16866 0.666667
0.69 1 1.16194 0.666667
0.7 1 1.15496 0.666667
0.71 1 1.1477 0.666667
0.72 1 1.14018 0.666667
0.73 1 1.1324 0.666667
0.74 1 1.12435 0.666667
0.75 1 1.11603 0.666667
0.76 1 1.10744 0.666667
0.77 1 1.09859 0.666667
0.78 1 1.08947 0.666667
0.79 1 1.08008 0.666667
0.8 1 1.07043 0.666667
0.81 1 1.06051 0.666667
0.82 1 1.05032 0.666667
0.83 1 1.03987 0.666667
0.84 1 1.02915 0.666667
0.85 1 1.01816 0.666667
0.86 1 1.00691 0.666667
0.87 1 0.995389 0.666667
0.88 1 0.983603 0.666667
0.89 1 0.97155 0.666667
0.9 1 0.95923 0.666667
0.91 1 0.946644 0.666667
0.92 1 0.933791 0.666667
0.93 1 0.920672 0.666667
0.94 1 0.907285 0.666667
0.95 1 0.893632 0.666667
0.96 1 0.879713 0.666667
0.97 1 0.865526 0.666667
0.98 1 0.851073 0.666667
0.99 1 0.836354 0.666667
