-1 -1 -1.10372 0.181818
-0.99 -1 -1.00145 0.181818
-0.98 -1 -0.937251 0.181818
-0.97 -1 -0.902927 0.181818
-0.96 -1 -0.891461 0.181818
-0.95 -1 -0.896879 0.181818
-0.94 -1 -0.914153 0.181818
-0.93 -1 -0.939093 0.181818
-0.92 -1 -0.968259 0.181818
-0.91 -1 -0.998876 0.181818
-0.9 -1 -1.02875 0.181818
-0.89 -1 -1.0562 0.181818
-0.88 -1 -1.07998 0.181818
-0.87 -1 -1.09926 0.181818
-0.86 -1 -1.11349 0.181818
-0.85 -1 -1.12244 0.181818
-0.84 -1 -1.12609 0.181818
-0.83 -1 -1.12461 0.181818
-0.82 -1 -1.11834 0.181818
-0.81 -1 -1.10773 0.181818
-0.8 -1 -1.0933 0.181818
-0.79 -1 -1.07568 0.181818
-0.78 -1 -1.0555 0.181818
-0.77 -1 -1.03342 0.181818
-0.76 -1 -1.01012 0.181818
-0.75 -1 -0.98624 0.181818
-0.74 -1 -0.962423 0.181818
-0.73 -1 -0.939258 0.181818
-0.72 -1 -0.917295 0.181818
-0.71 -1 -0.897033 0.181818
-0.7 -1 -0.878912 0.181818
-0.69 -1 -0.863313 0.181818
-0.68 -1 -0.850554 0.181818
-0.67 -1 -0.840888 0.181818
-0.66 -1 -0.834502 0.181818
-0.65 -1 -0.831521 0.181818
-0.64 -1 -0.832005 0.181818
-0.63 -1 -0.835954 0.181818
-0.62 -1 -0.84331 0.181818
-0.61 -1 -0.853962 0.181818
-0.6 -1 -0.867745 0.181818
-0.59 -1 -0.88445 0.181818
-0.58 -1 -0.903825 0.181818
-0.57 -1 -0.925579 0.181818
-0.56 -1 -0.949389 0.181818
-0.55 -1 -0.974906 0.181818
-0.54 -1 -1.00175 0.181818
-0.53 -1 -1.02954 0.181818
-0.52 -1 -1.05786 0.181818
-0.51 -1 -1.08629 0.181818
-0.5 -1 -1.11443 0.181818
-0.49 -1 -1.14184 0.181818
-0.48 -1 -1.16812 0.181818
-0.47 -1 -1.19286 0.181818
-0.46 -1 -1.21566 0.181818
-0.45 -1 -1.23615 0.181818
-0.44 -1 -1.25397 0.181818
-0.43 -1 -1.26878 0.181818
-0.42 -1 -1.28027 0.181818
-0.41 -1 -1.28816 0.181818
-0.4 -1 -1.29218 0.181818
-0.39 -1 -1.29212 0.181818
-0.38 -1 -1.28777 0.181818
-0.37 -1 -1.27899 0.181818
-0.36 -1 -1.26564 0.181818
-0.35 -1 -1.24764 0.181818
-0.34 -1 -1.22493 0.181818
-0.33 -1 -1.19749 0.181818
-0.32 -1 -1.16533 0.181818
-0.31 -1 -1.1285 0.181818
-0.3 -1 -1.08709 0.181818
-0.29 -1 -1.04121 0.181818
-0.28 -1 -0.990999 0.181818
-0.27 -1 -0.93664 0.181818
-0.26 -1 -0.878336 0.181818
-0.25 -1 -0.816314 0.181818
-0.24 -1 -0.750831 0.181818
-0.23 -1 -0.682161 0.181818
-0.22 -1 -0.610602 0.181818
-0.21 -1 -0.536468 0.181818
-0.2 -1 -0.460089 0.181818
-0.19 -1 -0.381807 0.181818
-0.18 -1 -0.301975 0.181818
-0.17 -1 -0.220956 0.181818
-0.16 -1 -0.139114 0.181818
-0.15 -1 -0.0568189 0.181818
-0.14 -1 0.0255593 0.181818
-0.13 -1 0.107653 0.181818
-0.12 -1 0.189101 0.181818
-0.11 -1 0.269546 0.181818
-0.1 -1 0.348643 0.181818
-0.09 -1 0.426057 0.181818
-0.08 -1 0.501466 0.181818
-0.07 -1 0.574565 0.181818
-0.06 -1 0.645066 0.181818
-0.05 -1 0.712701 0.181818
-0.04 -1 0.77722 0.181818
-0.03 -1 0.8384 0.181818
-0.02 -1 0.896037 0.181818
-0.01 -1 0.949955 0.181818
7.5287e-16 1 1 0.181818
0.01 1 1.04605 0.181818
0.02 1 1.088 0.181818
0.03 1 1.12578 0.181818
0.04 1 1.15935 0.181818
0.05 1 1.18869 0.181818
0.06 1 1.21381 0.181818
0.07 1 1.23475 0.181818
0.08 1 1.25158 0.181818
0.09 1 1.26437 0.181818
0.1 1 1.27325 0.181818
0.11 1 1.27835 0.181818
0.12 1 1.27984 0.181818
0.13 1 1.27789 0.181818
0.14 1 1.27271 0.181818
0.15 1 1.26452 0.181818
0.16 1 1.25354 0.181818
0.17 1 1.24004 0.181818
0.18 1 1.22427 0.181818
0.19 1 1.2065 0.181818
0.2 1 1.18701 0.181818
0.21 1 1.1661 0.181818
0.22 1 1.14405 0.181818
0.23 1 1.12114 0.181818
0.24 1 1.09768 0.181818
0.25 1 1.07395 0.181818
0.26 1 1.05023 0.181818
0.27 1 1.02679 0.181818
0.28 1 1.00389 0.181818
0.29 1 0.981796 0.181818
0.3 1 0.960735 0.181818
0.31 1 0.940929 0.181818
0.32 1 0.922582 0.181818
0.33 1 0.905876 0.181818
0.34 1 0.890972 0.181818
0.35 1 0.878011 0.181818
0.36 1 0.867105 0.181818
0.37 1 0.858346 0.181818
0.38 1 0.851796 0.181818
0.39 1 0.847494 0.181818
0.4 1 0.845449 0.181818
0.41 1 0.845644 0.181818
0.42 1 0.848037 0.181818
0.43 1 0.852555 0.181818
0.44 1 0.859103 0.181818
0.45 1 0.867559 0.181818
0.46 1 0.877778 0.181818
0.47 1 0.889591 0.181818
0.48 1 0.902808 0.181818
0.49 1 0.917222 0.181818
0.5 1 0.932608 0.181818
0.51 1 0.948727 0.181818
0.52 1 0.965327 0.181818
0.53 1 0.982151 0.181818
0.54 1 0.998932 0.181818
0.55 1 1.01541 0.181818
0.56 1 1.03131 0.181818
0.57 1 1.04637 0.181818
0.58 1 1.06036 0.181818
0.59 1 1.07302 0.181818
0.6 1 1.08414 0.181818
0.61 1 1.09351 0.181818
0.62 1 1.10097 0.181818
0.63 1 1.10637 0.181818
0.64 1 1.10959 0.181818
0.65 1 1.11055 0.181818
0.66 1 1.10921 0.181818
0.67 1 1.10558 0.181818
0.68 1 1.0997 0.181818
0.69 1 1.09167 0.181818
0.7 1 1.08163 0.181818
0.71 1 1.06976 0.181818
0.72 1 1.05631 0.181818
0.73 1 1.04155 0.181818
0.74 1 1.02583 0.181818
0.75 1 1.0095 0.181818
0.76 1 0.992985 0.181818
0.77 1 0.976724 0.181818
0.78 1 0.961183 0.181818
0.79 1 0.946846 0.181818
0.8 1 0.934201 0.181818
0.81 1 0.923729 0.181818
0.82 1 0.915888 0.181818
0.83 1 0.911095 0.181818
0.84 1 0.909708 0.181818
0.85 1 0.912001 0.181818
0.86 1 0.918142 0.181818
0.87 1 0.928159 0.181818
0.88 1 0.941911 0.181818
0.89 1 0.95905 0.181818
0.9 1 0.978982 0.181818
0.91 1 1.00082 0.181818
0.92 1 1.02335 0.181818
0.93 1 1.04495 0.181818
0.94 1 1.06355 0.181818
0.95 1 1.07656 0.181818
0.96 1 1.08082 0.181818
0.97 1 1.07249 0.181818
0.98 1 1.04699 0.181818
0.99 1 0.998908 0.181818
