-1 -1 -1.17397 0.285714
-0.99 -1 -1.09645 0.285714
-0.98 -1 -1.02985 0.285714
-0.97 -1 -0.973401 0.285714
-0.96 -1 -0.926349 0.285714
-0.95 -1 -0.887987 0.285714
-0.94 -1 -0.857629 0.285714
-0.93 -1 -0.83462 0.285714
-0.92 -1 -0.818331 0.285714
-0.91 -1 -0.808162 0.285714
-0.9 -1 -0.803538 0.285714
-0.89 -1 -0.803909 0.285714
-0.88 -1 -0.808753 0.285714
-0.87 -1 -0.81757 0.285714
-0.86 -1 -0.829885 0.285714
-0.85 -1 -0.845246 0.285714
-0.84 -1 -0.863224 0.285714
-0.83 -1 -0.883414 0.285714
-0.82 -1 -0.905428 0.285714
-0.81 -1 -0.928904 0.285714
-0.8 -1 -0.953498 0.285714
-0.79 -1 -0.978886 0.285714
-0.78 -1 -1.00476 0.285714
-0.77 -1 -1.03084 0.285714
-0.76 -1 -1.05686 0.285714
-0.75 -1 -1.08256 0.285714
-0.74 -1 -1.10772 0.285714
-0.73 -1 -1.13212 0.285714
-0.72 -1 -1.15556 0.285714
-0.71 -1 -1.17785 0.285714
-0.7 -1 -1.19882 0.285714
-0.69 -1 -1.21833 0.285714
-0.68 -1 -1.23623 0.285714
-0.67 -1 -1.25239 0.285714
-0.66 -1 -1.2667 0.285714
-0.65 -1 -1.27907 0.285714
-0.64 -1 -1.28939 0.285714
-0.63 -1 -1.29761 0.285714
-0.62 -1 -1.30364 0.285714
-0.61 -1 -1.30744 0.285714
-0.6 -1 -1.30896 0.285714
-0.59 -1 -1.30816 0.285714
-0.58 -1 -1.30504 0.285714
-0.57 -1 -1.29956 0.285714
-0.56 -1 -1.29172 0.285714
-0.55 -1 -1.28153 0.285714
-0.54 -1 -1.26899 0.285714
-0.53 -1 -1.25412 0.285714
-0.52 -1 -1.23695 0.285714
-0.51 -1 -1.2175 0.285714
-0.5 -1 -1.19583 0.285714
-0.49 -1 -1.17196 0.285714
-0.48 -1 -1.14595 0.285714
-0.47 -1 -1.11785 0.285714
-0.46 -1 -1.08773 0.285714
-0.45 -1 -1.05565 0.285714
-0.44 -1 -1.02168 0.285714
-0.43 -1 -0.985888 0.285714
-0.42 -1 -0.948356 0.285714
-0.41 -1 -0.909161 0.285714
-0.4 -1 -0.868389 0.285714
-0.39 -1 -0.826124 0.285714
-0.38 -1 -0.782455 0.285714
-0.37 -1 -0.737474 0.285714
-0.36 -1 -0.691272 0.285714
-0.35 -1 -0.643944 0.285714
-0.34 -1 -0.595586 0.285714
-0.33 -1 -0.546294 0.285714
-0.32 -1 -0.496166 0.285714
-0.31 -1 -0.4453 0.285714
-0.3 -1 -0.393796 0.285714
-0.29 -1 -0.341751 0.285714
-0.28 -1 -0.289265 0.285714
-0.27 -1 -0.236435 0.285714
-0.26 -1 -0.183361 0.285714
-0.25 -1 -0.130138 0.285714
-0.24 -1 -0.0768632 0.285714
-0.23 -1 -0.0236316 0.285714
-0.22 -1 0.0294629 0.285714
-0.21 -1 0.0823281 0.285714
-0.2 -1 0.134873 0.285714
-0.19 -1 0.18701 0.285714
-0.18 -1 0.238651 0.285714
-0.17 -1 0.289712 0.285714
-0.16 -1 0.34011 0.285714
-0.15 -1 0.389765 0.285714
-0.14 -1 0.438601 0.285714
-0.13 -1 0.486542 0.285714
-0.12 -1 0.533517 0.285714
-0.11 -1 0.579457 0.285714
-0.1 -1 0.624295 0.285714
-0.09 -1 0.66797 0.285714
-0.08 -1 0.710422 0.285714
-0.07 -1 0.751594 0.285714
-0.06 -1 0.791434 0.285714
-0.05 -1 0.829893 0.285714
-0.04 -1 0.866925 0.285714
-0.03 -1 0.902488 0.285714
-0.02 -1 0.936544 0.285714
-0.01 -1 0.969059 0.285714
7.5287e-16 1 1 0.285714
0.01 1 1.02934 0.285714
0.02 1 1.05706 0.285714
0.03 1 1.08314 0.285714
0.04 1 1.10756 0.285714
0.05 1 1.13031 0.285714
0.06 1 1.15138 0.285714
0.07 1 1.17077 0.285714
0.08 1 1.18848 0.285714
0.09 1 1.20452 0.285714
0.1 1 1.21889 0.285714
0.11 1 1.2316 0.285714
0.12 1 1.24266 0.285714
0.13 1 1.25211 0.285714
0.14 1 1.25995 0.285714
0.15 1 1.26623 0.285714
0.16 1 1.27095 0.285714
0.17 1 1.27417 0.285714
0.18 1 1.27592 0.285714
0.19 1 1.27623 0.285714
0.2 1 1.27516 0.285714
0.21 1 1.27274 0.285714
0.22 1 1.26903 0.285714
0.23 1 1.26407 0.285714
0.24 1 1.25794 0.285714
0.25 1 1.25067 0.285714
0.26 1 1.24234 0.285714
0.27 1 1.23301 0.285714
0.28 1 1.22274 0.285714
0.29 1 1.2116 0.285714
0.3 1 1.19967 0.285714
0.31 1 1.187 0.285714
0.32 1 1.17368 0.285714
0.33 1 1.15977 0.285714
0.34 1 1.14537 0.285714
0.35 1 1.13053 0.285714
0.36 1 1.11534 0.285714
0.37 1 1.09989 0.285714
0.38 1 1.08424 0.285714
0.39 1 1.06848 0.285714
0.4 1 1.05269 0.285714
0.41 1 1.03695 0.285714
0.42 1 1.02133 0.285714
0.43 1 1.00591 0.285714
0.44 1 0.990783 0.285714
0.45 1 0.976012 0.285714
0.46 1 0.961675 0.285714
0.47 1 0.947846 0.285714
0.48 1 0.934596 0.285714
0.49 1 0.921996 0.285714
0.5 1 0.910112 0.285714
0.51 1 0.899008 0.285714
0.52 1 0.888745 0.285714
0.53 1 0.879382 0.285714
0.54 1 0.870973 0.285714
0.55 1 0.863566 0.285714
0.56 1 0.857209 0.285714
0.57 1 0.851943 0.285714
0.58 1 0.847802 0.285714
0.59 1 0.844819 0.285714
0.6 1 0.843018 0.285714
0.61 1 0.842419 0.285714
0.62 1 0.843033 0.285714
0.63 1 0.844866 0.285714
0.64 1 0.847918 0.285714
0.65 1 0.852178 0.285714
0.66 1 0.857631 0.285714
0.67 1 0.864251 0.285714
0.68 1 0.872003 0.285714
0.69 1 0.880846 0.285714
0.7 1 0.890725 0.285714
0.71 1 0.901578 0.285714
0.72 1 0.913332 0.285714
0.73 1 0.925903 0.285714
0.74 1 0.939195 0.285714
0.75 1 0.953101 0.285714
0.76 1 0.967501 0.285714
0.77 1 0.982265 0.285714
0.78 1 0.997245 0.285714
0.79 1 1.01228 0.285714
0.8 1 1.02721 0.285714
0.81 1 1.04183 0.285714
0.82 1 1.05595 0.285714
0.83 1 1.06934 0.285714
0.84 1 1.08177 0.285714
0.85 1 1.093 0.285714
0.86 1 1.10274 0.285714
0.87 1 1.11073 0.285714
0.88 1 1.11664 0.285714
0.89 1 1.12017 0.285714
0.9 1 1.12096 0.285714
0.91 1 1.11865 0.285714
0.92 1 1.11287 0.285714
0.93 1 1.10321 0.285714
0.94 1 1.08923 0.285714
0.95 1 1.07051 0.285714
0.96 1 1.04655 0.285714
0.97 1 1.01688 0.285714
0.98 1 0.980975 0.285714
0.99 1 0.938289 0.285714
