-1 -1 -1.02173 0.0435036
-0.99 -1 -1.02138 0.0435036
-0.98 -1 -0.978315 0.0435036
-0.97 -1 -1.00663 0.0435036
-0.96 -1 -1.01999 0.0435036
-0.95 -1 -0.989631 0.0435036
-0.94 -1 -0.977975 0.0435036
-0.93 -1 -1.00081 0.0435036
-0.92 -1 -1.02238 0.0435036
-0.91 -1 -1.01635 0.0435036
-0.9 -1 -0.992251 0.0435036
-0.89 -1 -0.976144 0.0435036
-0.88 -1 -0.982382 0.0435036
-0.87 -1 -1.00386 0.0435036
-0.86 -1 -1.02218 0.0435036
-0.85 -1 -1.02364 0.0435036
-0.84 -1 -1.00818 0.0435036
-0.83 -1 -0.987133 0.0435036
-0.82 -1 -0.974295 0.0435036
-0.81 -1 -0.977165 0.0435036
-0.8 -1 -0.993441 0.0435036
-0.79 -1 -1.01352 0.0435036
-0.78 -1 -1.02647 0.0435036
-0.77 -1 -1.02581 0.0435036
-0.76 -1 -1.01223 0.0435036
-0.75 -1 -0.992586 0.0435036
-0.74 -1 -0.976163 0.0435036
-0.73 -1 -0.970315 0.0435036
-0.72 -1 -0.977422 0.0435036
-0.71 -1 -0.994269 0.0435036
-0.7 -1 -1.01376 0.0435036
-0.69 -1 -1.02802 0.0435036
-0.68 -1 -1.0315 0.0435036
-0.67 -1 -1.02293 0.0435036
-0.66 -1 -1.00559 0.0435036
-0.65 -1 -0.98585 0.0435036
-0.64 -1 -0.970775 0.0435036
-0.63 -1 -0.965645 0.0435036
-0.62 -1 -0.972234 0.0435036
-0.61 -1 -0.988358 0.0435036
-0.6 -1 -1.00873 0.0435036
-0.59 -1 -1.02678 0.0435036
-0.58 -1 -1.03672 0.0435036
-0.57 -1 -1.03538 0.0435036
-0.56 -1 -1.02306 0.0435036
-0.55 -1 -1.00335 0.0435036
-0.54 -1 -0.982064 0.0435036
-0.53 -1 -0.965433 0.0435036
-0.52 -1 -0.958357 0.0435036
-0.51 -1 -0.963029 0.0435036
-0.5 -1 -0.978348 0.0435036
-0.49 -1 -1.00026 0.0435036
-0.48 -1 -1.02287 0.0435036
-0.47 -1 -1.04004 0.0435036
-0.46 -1 -1.04703 0.0435036
-0.45 -1 -1.04171 0.0435036
-0.44 -1 -1.02515 0.0435036
-0.43 -1 -1.00132 0.0435036
-0.42 -1 -0.976153 0.0435036
-0.41 -1 -0.956019 0.0435036
-0.4 -1 -0.946179 0.0435036
-0.39 -1 -0.949463 0.0435036
-0.38 -1 -0.965544 0.0435036
-0.37 -1 -0.990961 0.0435036
-0.36 -1 -1.01989 0.0435036
-0.35 -1 -1.04546 0.0435036
-0.34 -1 -1.06138 0.0435036
-0.33 -1 -1.0634 0.0435036
-0.32 -1 -1.05035 0.0435036
-0.31 -1 -1.02454 0.0435036
-0.3 -1 -0.991334 0.0435036
-0.29 -1 -0.958035 0.0435036
-0.28 -1 -0.932347 0.0435036
-0.27 -1 -0.920647 0.0435036
-0.26 -1 -0.926509 0.0435036
-0.25 -1 -0.949783 0.0435036
-0.24 -1 -0.986422 0.0435036
-0.23 -1 -1.02915 0.0435036
-0.22 -1 -1.06884 0.0435036
-0.21 -1 -1.09637 0.0435036
-0.2 -1 -1.10454 0.0435036
-0.19 -1 -1.08979 0.0435036
-0.18 -1 -1.05316 0.0435036
-0.17 -1 -1.00052 0.0435036
-0.16 -1 -0.941709 0.0435036
-0.15 -1 -0.888929 0.0435036
-0.14 -1 -0.854466 0.0435036
-0.13 -1 -0.848244 0.0435036
-0.12 -1 -0.875594 0.0435036
-0.11 -1 -0.935674 0.0435036
-0.1 -1 -1.02085 0.0435036
-0.09 -1 -1.11722 0.0435036
-0.08 -1 -1.20623 0.0435036
-0.07 -1 -1.2672 0.0435036
-0.06 -1 -1.28034 0.0435036
-0.05 -1 -1.22988 0.0435036
-0.04 -1 -1.10667 0.0435036
-0.03 -1 -0.909941 0.0435036
-0.02 -1 -0.647911 0.0435036
-0.01 -1 -0.33702 0.0435036
7.5287e-16 1 2.13665e-14 0.0435036
0.01 1 0.33702 0.0435036
0.02 1 0.647911 0.0435036
0.03 1 0.909941 0.0435036
0.04 1 1.10667 0.0435036
0.05 1 1.22988 0.0435036
0.06 1 1.28034 0.0435036
0.07 1 1.2672 0.0435036
0.08 1 1.20623 0.0435036
0.09 1 1.11722 0.0435036
0.1 1 1.02085 0.0435036
0.11 1 0.935674 0.0435036
0.12 1 0.875594 0.0435036
0.13 1 0.848244 0.0435036
0.14 1 0.854466 0.0435036
0.15 1 0.888929 0.0435036
0.16 1 0.941709 0.0435036
0.17 1 1.00052 0.0435036
0.18 1 1.05316 0.0435036
0.19 1 1.08979 0.0435036
0.2 1 1.10454 0.0435036
0.21 1 1.09637 0.0435036
0.22 1 1.06884 0.0435036
0.23 1 1.02915 0.0435036
0.24 1 0.986422 0.0435036
0.25 1 0.949783 0.0435036
0.26 1 0.926509 0.0435036
0.27 1 0.920647 0.0435036
0.28 1 0.932347 0.0435036
0.29 1 0.958035 0.0435036
0.3 1 0.991334 0.0435036
0.31 1 1.02454 0.0435036
0.32 1 1.05035 0.0435036
0.33 1 1.0634 0.0435036
0.34 1 1.06138 0.0435036
0.35 1 1.04546 0.0435036
0.36 1 1.01989 0.0435036
0.37 1 0.990961 0.0435036
0.38 1 0.965544 0.0435036
0.39 1 0.949463 0.0435036
0.4 1 0.946179 0.0435036
0.41 1 0.956019 0.0435036
0.42 1 0.976153 0.0435036
0.43 1 1.00132 0.0435036
0.44 1 1.02515 0.0435036
0.45 1 1.04171 0.0435036
0.46 1 1.04703 0.0435036
0.47 1 1.04004 0.0435036
0.48 1 1.02287 0.0435036
0.49 1 1.00026 0.0435036
0.5 1 0.978348 0.0435036
0.51 1 0.963029 0.0435036
0.52 1 0.958357 0.0435036
0.53 1 0.965433 0.0435036
0.54 1 0.982064 0.0435036
0.55 1 1.00335 0.0435036
0.56 1 1.02306 0.0435036
0.57 1 1.03538 0.0435036
0.58 1 1.03672 0.0435036
0.59 1 1.02678 0.0435036
0.6 1 1.00873 0.0435036
0.61 1 0.988358 0.0435036
0.62 1 0.972234 0.0435036
0.63 1 0.965645 0.0435036
0.64 1 0.970775 0.0435036
0.65 1 0.98585 0.0435036
0.66 1 1.00559 0.0435036
0.67 1 1.02293 0.0435036
0.68 1 1.0315 0.0435036
0.69 1 1.02802 0.0435036
0.7 1 1.01376 0.0435036
0.71 1 0.994269 0.0435036
0.72 1 0.977422 0.0435036
0.73 1 0.970315 0.0435036
0.74 1 0.976163 0.0435036
0.75 1 0.992586 0.0435036
0.76 1 1.01223 0.0435036
0.77 1 1.02581 0.0435036
0.78 1 1.02647 0.0435036
0.79 1 1.01352 0.0435036
0.8 1 0.993441 0.0435036
0.81 1 0.977165 0.0435036
0.82 1 0.974295 0.0435036
0.83 1 0.987133 0.0435036
0.84 1 1.00818 0.0435036
0.85 1 1.02364 0.0435036
0.86 1 1.02218 0.0435036
0.87 1 1.00386 0.0435036
0.88 1 0.982382 0.0435036
0.89 1 0.976144 0.0435036
0.9 1 0.992251 0.0435036
0.91 1 1.01635 0.0435036
0.92 1 1.02238 0.0435036
0.93 1 1.00081 0.0435036
0.94 1 0.977975 0.0435036
0.95 1 0.989631 0.0435036
0.96 1 1.01999 0.0435036
0.97 1 1.00663 0.0435036
0.98 1 0.978315 0.0435036
0.99 1 1.02138 0.0435036
