-1 -1 -1.06772 0.153846
-0.99 -1 -0.981831 0.153846
-0.98 -1 -0.940793 0.153846
-0.97 -1 -0.930558 0.153846
-0.96 -1 -0.940104 0.153846
-0.95 -1 -0.960958 0.153846
-0.94 -1 -0.986771 0.153846
-0.93 -1 -1.01295 0.153846
-0.92 -1 -1.03635 0.153846
-0.91 -1 -1.05497 0.153846
-0.9 -1 -1.06773 0.153846
-0.89 -1 -1.07427 0.153846
-0.88 -1 -1.07475 0.153846
-0.87 -1 -1.06973 0.153846
-0.86 -1 -1.06002 0.153846
-0.85 -1 -1.0466 0.153846
-0.84 -1 -1.03051 0.153846
-0.83 -1 -1.01282 0.153846
-0.82 -1 -0.994543 0.153846
-0.81 -1 -0.976618 0.153846
-0.8 -1 -0.959874 0.153846
-0.79 -1 -0.945012 0.153846
-0.78 -1 -0.932596 0.153846
-0.77 -1 -0.923046 0.153846
-0.76 -1 -0.916641 0.153846
-0.75 -1 -0.913526 0.153846
-0.74 -1 -0.913719 0.153846
-0.73 -1 -0.917122 0.153846
-0.72 -1 -0.923536 0.153846
-0.71 -1 -0.932677 0.153846
-0.7 -1 -0.944188 0.153846
-0.69 -1 -0.957659 0.153846
-0.68 -1 -0.972636 0.153846
-0.67 -1 -0.988645 0.153846
-0.66 -1 -1.0052 0.153846
-0.65 -1 -1.02181 0.153846
-0.64 -1 -1.03801 0.153846
-0.63 -1 -1.05336 0.153846
-0.62 -1 -1.06745 0.153846
-0.61 -1 -1.0799 0.153846
-0.6 -1 -1.09041 0.153846
-0.59 -1 -1.0987 0.153846
-0.58 -1 -1.10458 0.153846
-0.57 -1 -1.1079 0.153846
-0.56 -1 -1.10857 0.153846
-0.55 -1 -1.10657 0.153846
-0.54 -1 -1.10193 0.153846
-0.53 -1 -1.09476 0.153846
-0.52 -1 -1.08519 0.153846
-0.51 -1 -1.07342 0.153846
-0.5 -1 -1.05969 0.153846
-0.49 -1 -1.04428 0.153846
-0.48 -1 -1.0275 0.153846
-0.47 -1 -1.00969 0.153846
-0.46 -1 -0.99121 0.153846
-0.45 -1 -0.972424 0.153846
-0.44 -1 -0.953715 0.153846
-0.43 -1 -0.935461 0.153846
-0.42 -1 -0.918031 0.153846
-0.41 -1 -0.901786 0.153846
-0.4 -1 -0.887064 0.153846
-0.39 -1 -0.874183 0.153846
-0.38 -1 -0.863427 0.153846
-0.37 -1 -0.855049 0.153846
-0.36 -1 -0.849263 0.153846
-0.35 -1 -0.846244 0.153846
-0.34 -1 -0.846118 0.153846
-0.33 -1 -0.848969 0.153846
-0.32 -1 -0.85483 0.153846
-0.31 -1 -0.863687 0.153846
-0.3 -1 -0.875476 0.153846
-0.29 -1 -0.890084 0.153846
-0.28 -1 -0.90735 0.153846
-0.27 -1 -0.927068 0.153846
-0.26 -1 -0.948985 0.153846
-0.25 -1 -0.972811 0.153846
-0.24 -1 -0.998213 0.153846
-0.23 -1 -1.02483 0.153846
-0.22 -1 -1.05226 0.153846
-0.21 -1 -1.08008 0.153846
-0.2 -1 -1.10786 0.153846
-0.19 -1 -1.13513 0.153846
-0.18 -1 -1.16141 0.153846
-0.17 -1 -1.18625 0.153846
-0.16 -1 -1.20915 0.153846
-0.15 -1 -1.22964 0.153846
-0.14 -1 -1.24727 0.153846
-0.13 -1 -1.26158 0.153846
-0.12 -1 -1.27216 0.153846
-0.11 -1 -1.27859 0.153846
-0.1 -1 -1.28052 0.153846
-0.09 -1 -1.27761 0.153846
-0.08 -1 -1.26955 0.153846
-0.07 -1 -1.25611 0.153846
-0.06 -1 -1.23707 0.153846
-0.05 -1 -1.21227 0.153846
-0.04 -1 -1.1816 0.153846
-0.03 -1 -1.14502 0.153846
-0.02 -1 -1.10251 0.153846
-0.01 -1 -1.05413 0.153846
7.5287e-16 1 -1 0.153846
0.01 1 -0.940271 0.153846
0.02 1 -0.875163 0.153846
0.03 1 -0.804946 0.153846
0.04 1 -0.729939 0.153846
0.05 1 -0.650509 0.153846
0.06 1 -0.567067 0.153846
0.07 1 -0.480067 0.153846
0.08 1 -0.389997 0.153846
0.09 1 -0.297381 0.153846
0.1 1 -0.202768 0.153846
0.11 1 -0.106732 0.153846
0.12 1 -0.00986367 0.153846
0.13 1 0.0872355 0.153846
0.14 1 0.183957 0.153846
0.15 1 0.279691 0.153846
0.16 1 0.373837 0.153846
0.17 1 0.465802 0.153846
0.18 1 0.555015 0.153846
0.19 1 0.640926 0.153846
0.2 1 0.723016 0.153846
0.21 1 0.800799 0.153846
0.22 1 0.87383 0.153846
0.23 1 0.94171 0.153846
0.24 1 1.00409 0.153846
0.25 1 1.06066 0.153846
0.26 1 1.1112 0.153846
0.27 1 1.15551 0.153846
0.28 1 1.19348 0.153846
0.29 1 1.22504 0.153846
0.3 1 1.25022 0.153846
0.31 1 1.26907 0.153846
0.32 1 1.28173 0.153846
0.33 1 1.28841 0.153846
0.34 1 1.28936 0.153846
0.35 1 1.28491 0.153846
0.36 1 1.27541 0.153846
0.37 1 1.2613 0.153846
0.38 1 1.24305 0.153846
0.39 1 1.22116 0.153846
0.4 1 1.19617 0.153846
0.41 1 1.16867 0.153846
0.42 1 1.13924 0.153846
0.43 1 1.10849 0.153846
0.44 1 1.07702 0.153846
0.45 1 1.04544 0.153846
0.46 1 1.01435 0.153846
0.47 1 0.984319 0.153846
0.48 1 0.955892 0.153846
0.49 1 0.92958 0.153846
0.5 1 0.905844 0.153846
0.51 1 0.885097 0.153846
0.52 1 0.86769 0.153846
0.53 1 0.853907 0.153846
0.54 1 0.843962 0.153846
0.55 1 0.837991 0.153846
0.56 1 0.836051 0.153846
0.57 1 0.838116 0.153846
0.58 1 0.844075 0.153846
0.59 1 0.853735 0.153846
0.6 1 0.866818 0.153846
0.61 1 0.88297 0.153846
0.62 1 0.901763 0.153846
0.63 1 0.922698 0.153846
0.64 1 0.945223 0.153846
0.65 1 0.968732 0.153846
0.66 1 0.992585 0.153846
0.67 1 1.01612 0.153846
0.68 1 1.03866 0.153846
0.69 1 1.05955 0.153846
0.7 1 1.07814 0.153846
0.71 1 1.09384 0.153846
0.72 1 1.10613 0.153846
0.73 1 1.11455 0.153846
0.74 1 1.11877 0.153846
0.75 1 1.11857 0.153846
0.76 1 1.11385 0.153846
0.77 1 1.10471 0.153846
0.78 1 1.09138 0.153846
0.79 1 1.07428 0.153846
0.8 1 1.05401 0.153846
0.81 1 1.03137 0.153846
0.82 1 1.0073 0.153846
0.83 1 0.982918 0.153846
0.84 1 0.959474 0.153846
0.85 1 0.9383 0.153846
0.86 1 0.920771 0.153846
0.87 1 0.908232 0.153846
0.88 1 0.901915 0.153846
0.89 1 0.902829 0.153846
0.9 1 0.911635 0.153846
0.91 1 0.928484 0.153846
0.92 1 0.952836 0.153846
0.93 1 0.983239 0.153846
0.94 1 1.01707 0.153846
0.95 1 1.05026 0.153846
0.96 1 1.07692 0.153846
0.97 1 1.08896 0.153846
0.98 1 1.07566 0.153846
0.99 1 1.02316 0.153846
