-1 -1 -0.972249 0.0556085
-0.99 -1 -0.989524 0.0556085
-0.98 -1 -0.983046 0.0556085
-0.97 -1 -1.02386 0.0556085
-0.96 -1 -1.02031 0.0556085
-0.95 -1 -0.98765 0.0556085
-0.94 -1 -0.9705 0.0556085
-0.93 -1 -0.983468 0.0556085
-0.92 -1 -1.01064 0.0556085
-0.91 -1 -1.02896 0.0556085
-0.9 -1 -1.02661 0.0556085
-0.89 -1 -1.00724 0.0556085
-0.88 -1 -0.983826 0.0556085
-0.87 -1 -0.969436 0.0556085
-0.86 -1 -0.97068 0.0556085
-0.85 -1 -0.985893 0.0556085
-0.84 -1 -1.0074 0.0556085
-0.83 -1 -1.02576 0.0556085
-0.82 -1 -1.03376 0.0556085
-0.81 -1 -1.02885 0.0556085
-0.8 -1 -1.01336 0.0556085
-0.79 -1 -0.993112 0.0556085
-0.78 -1 -0.97504 0.0556085
-0.77 -1 -0.964892 0.0556085
-0.76 -1 -0.965582 0.0556085
-0.75 -1 -0.976621 0.0556085
-0.74 -1 -0.994575 0.0556085
-0.73 -1 -1.01427 0.0556085
-0.72 -1 -1.03034 0.0556085
-0.71 -1 -1.03859 0.0556085
-0.7 -1 -1.03703 0.0556085
-0.69 -1 -1.02616 0.0556085
-0.68 -1 -1.00872 0.0556085
-0.67 -1 -0.988897 0.0556085
-0.66 -1 -0.971283 0.0556085
-0.65 -1 -0.959856 0.0556085
-0.64 -1 -0.957124 0.0556085
-0.63 -1 -0.963668 0.0556085
-0.62 -1 -0.978105 0.0556085
-0.61 -1 -0.997451 0.0556085
-0.6 -1 -1.01778 0.0556085
-0.59 -1 -1.03502 0.0556085
-0.58 -1 -1.04578 0.0556085
-0.57 -1 -1.0479 0.0556085
-0.56 -1 -1.04092 0.0556085
-0.55 -1 -1.02604 0.0556085
-0.54 -1 -1.00589 0.0556085
-0.53 -1 -0.984066 0.0556085
-0.52 -1 -0.96444 0.0556085
-0.51 -1 -0.950511 0.0556085
-0.5 -1 -0.944803 0.0556085
-0.49 -1 -0.948457 0.0556085
-0.48 -1 -0.96105 0.0556085
-0.47 -1 -0.980674 0.0556085
-0.46 -1 -1.00425 0.0556085
-0.45 -1 -1.02801 0.0556085
-0.44 -1 -1.04813 0.0556085
-0.43 -1 -1.06128 0.0556085
-0.42 -1 -1.06516 0.0556085
-0.41 -1 -1.05888 0.0556085
-0.4 -1 -1.04308 0.0556085
-0.39 -1 -1.01984 0.0556085
-0.38 -1 -0.992463 0.0556085
-0.37 -1 -0.964913 0.0556085
-0.36 -1 -0.94132 0.0556085
-0.35 -1 -0.92536 0.0556085
-0.34 -1 -0.919724 0.0556085
-0.33 -1 -0.925712 0.0556085
-0.32 -1 -0.943013 0.0556085
-0.31 -1 -0.969694 0.0556085
-0.3 -1 -1.00242 0.0556085
-0.29 -1 -1.03686 0.0556085
-0.28 -1 -1.06823 0.0556085
-0.27 -1 -1.09192 0.0556085
-0.26 -1 -1.10414 0.0556085
-0.25 -1 -1.10243 0.0556085
-0.24 -1 -1.08606 0.0556085
-0.23 -1 -1.05622 0.0556085
-0.22 -1 -1.01599 0.0556085
-0.21 -1 -0.970023 0.0556085
-0.2 -1 -0.924084 0.0556085
-0.19 -1 -0.884392 0.0556085
-0.18 -1 -0.856875 0.0556085
-0.17 -1 -0.846426 0.0556085
-0.16 -1 -0.856227 0.0556085
-0.15 -1 -0.887218 0.0556085
-0.14 -1 -0.937796 0.0556085
-0.13 -1 -1.00376 0.0556085
-0.12 -1 -1.07851 0.0556085
-0.11 -1 -1.15357 0.0556085
-0.1 -1 -1.21922 0.0556085
-0.09 -1 -1.26541 0.0556085
-0.08 -1 -1.28264 0.0556085
-0.07 -1 -1.2629 0.0556085
-0.06 -1 -1.20047 0.0556085
-0.05 -1 -1.09255 0.0556085
-0.04 -1 -0.939631 0.0556085
-0.03 -1 -0.7456 0.0556085
-0.02 -1 -0.517511 0.0556085
-0.01 -1 -0.265091 0.0556085
7.5287e-16 1 1.90045e-14 0.0556085
0.01 1 0.265091 0.0556085
0.02 1 0.517511 0.0556085
0.03 1 0.7456 0.0556085
0.04 1 0.939631 0.0556085
0.05 1 1.09255 0.0556085
0.06 1 1.20047 0.0556085
0.07 1 1.2629 0.0556085
0.08 1 1.28264 0.0556085
0.09 1 1.26541 0.0556085
0.1 1 1.21922 0.0556085
0.11 1 1.15357 0.0556085
0.12 1 1.07851 0.0556085
0.13 1 1.00376 0.0556085
0.14 1 0.937796 0.0556085
0.15 1 0.887218 0.0556085
0.16 1 0.856227 0.0556085
0.17 1 0.846426 0.0556085
0.18 1 0.856875 0.0556085
0.19 1 0.884392 0.0556085
0.2 1 0.924084 0.0556085
0.21 1 0.970023 0.0556085
0.22 1 1.01599 0.0556085
0.23 1 1.05622 0.0556085
0.24 1 1.08606 0.0556085
0.25 1 1.10243 0.0556085
0.26 1 1.10414 0.0556085
0.27 1 1.09192 0.0556085
0.28 1 1.06823 0.0556085
0.29 1 1.03686 0.0556085
0.3 1 1.00242 0.0556085
0.31 1 0.969694 0.0556085
0.32 1 0.943013 0.0556085
0.33 1 0.925712 0.0556085
0.34 1 0.919724 0.0556085
0.35 1 0.92536 0.0556085
0.36 1 0.94132 0.0556085
0.37 1 0.964913 0.0556085
0.38 1 0.992463 0.0556085
0.39 1 1.01984 0.0556085
0.4 1 1.04308 0.0556085
0.41 1 1.05888 0.0556085
0.42 1 1.06516 0.0556085
0.43 1 1.06128 0.0556085
0.44 1 1.04813 0.0556085
0.45 1 1.02801 0.0556085
0.46 1 1.00425 0.0556085
0.47 1 0.980674 0.0556085
0.48 1 0.96105 0.0556085
0.49 1 0.948457 0.0556085
0.5 1 0.944803 0.0556085
0.51 1 0.950511 0.0556085
0.52 1 0.96444 0.0556085
0.53 1 0.984066 0.0556085
0.54 1 1.00589 0.0556085
0.55 1 1.02604 0.0556085
0.56 1 1.04092 0.0556085
0.57 1 1.0479 0.0556085
0.58 1 1.04578 0.0556085
0.59 1 1.03502 0.0556085
0.6 1 1.01778 0.0556085
0.61 1 0.997451 0.0556085
0.62 1 0.978105 0.0556085
0.63 1 0.963668 0.0556085
0.64 1 0.957124 0.0556085
0.65 1 0.959856 0.0556085
0.66 1 0.971283 0.0556085
0.67 1 0.988897 0.0556085
0.68 1 1.00872 0.0556085
0.69 1 1.02616 0.0556085
0.7 1 1.03703 0.0556085
0.71 1 1.03859 0.0556085
0.72 1 1.03034 0.0556085
0.73 1 1.01427 0.0556085
0.74 1 0.994575 0.0556085
0.75 1 0.976621 0.0556085
0.76 1 0.965582 0.0556085
0.77 1 0.964892 0.0556085
0.78 1 0.97504 0.0556085
0.79 1 0.993112 0.0556085
0.8 1 1.01336 0.0556085
0.81 1 1.02885 0.0556085
0.82 1 1.03376 0.0556085
0.83 1 1.02576 0.0556085
0.84 1 1.0074 0.0556085
0.85 1 0.985893 0.0556085
0.86 1 0.97068 0.0556085
0.87 1 0.969436 0.0556085
0.88 1 0.983826 0.0556085
0.89 1 1.00724 0.0556085
0.9 1 1.02661 0.0556085
0.91 1 1.02896 0.0556085
0.92 1 1.01064 0.0556085
0.93 1 0.983468 0.0556085
0.94 1 0.9705 0.0556085
0.95 1 0.98765 0.0556085
0.96 1 1.02031 0.0556085
0.97 1 1.02386 0.0556085
0.98 1 0.983046 0.0556085
0.99 1 0.989524 0.0556085
