-1 -1 -1.03329 0.0667582
-0.99 -1 -0.984887 0.0667582
-0.98 -1 -1.0327 0.0667582
-0.97 -1 -1.01606 0.0667582
-0.96 -1 -0.978749 0.0667582
-0.95 -1 -0.965153 0.0667582
-0.94 -1 -0.981479 0.0667582
-0.93 -1 -1.01043 0.0667582
-0.92 -1 -1.032 0.0667582
-0.91 -1 -1.03534 0.0667582
-0.9 -1 -1.02106 0.0667582
-0.89 -1 -0.997521 0.0667582
-0.88 -1 -0.975338 0.0667582
-0.87 -1 -0.962868 0.0667582
-0.86 -1 -0.963779 0.0667582
-0.85 -1 -0.976812 0.0667582
-0.84 -1 -0.997098 0.0667582
-0.83 -1 -1.01821 0.0667582
-0.82 -1 -1.03418 0.0667582
-0.81 -1 -1.04099 0.0667582
-0.8 -1 -1.03731 0.0667582
-0.79 -1 -1.02447 0.0667582
-0.78 -1 -1.00579 0.0667582
-0.77 -1 -0.985679 0.0667582
-0.76 -1 -0.968515 0.0667582
-0.75 -1 -0.957808 0.0667582
-0.74 -1 -0.955559 0.0667582
-0.73 -1 -0.962024 0.0667582
-0.72 -1 -0.975811 0.0667582
-0.71 -1 -0.994263 0.0667582
-0.7 -1 -1.01402 0.0667582
-0.69 -1 -1.03162 0.0667582
-0.68 -1 -1.04412 0.0667582
-0.67 -1 -1.04949 0.0667582
-0.66 -1 -1.04692 0.0667582
-0.65 -1 -1.03686 0.0667582
-0.64 -1 -1.02087 0.0667582
-0.63 -1 -1.00138 0.0667582
-0.62 -1 -0.981263 0.0667582
-0.61 -1 -0.963427 0.0667582
-0.6 -1 -0.95041 0.0667582
-0.59 -1 -0.944048 0.0667582
-0.58 -1 -0.945252 0.0667582
-0.57 -1 -0.953918 0.0667582
-0.56 -1 -0.968967 0.0667582
-0.55 -1 -0.988511 0.0667582
-0.54 -1 -1.0101 0.0667582
-0.53 -1 -1.03104 0.0667582
-0.52 -1 -1.04872 0.0667582
-0.51 -1 -1.06091 0.0667582
-0.5 -1 -1.06606 0.0667582
-0.49 -1 -1.0634 0.0667582
-0.48 -1 -1.0531 0.0667582
-0.47 -1 -1.03617 0.0667582
-0.46 -1 -1.01443 0.0667582
-0.45 -1 -0.990203 0.0667582
-0.44 -1 -0.966157 0.0667582
-0.43 -1 -0.944967 0.0667582
-0.42 -1 -0.929048 0.0667582
-0.41 -1 -0.920295 0.0667582
-0.4 -1 -0.919885 0.0667582
-0.39 -1 -0.928148 0.0667582
-0.38 -1 -0.944521 0.0667582
-0.37 -1 -0.967594 0.0667582
-0.36 -1 -0.995233 0.0667582
-0.35 -1 -1.02478 0.0667582
-0.34 -1 -1.05328 0.0667582
-0.33 -1 -1.07782 0.0667582
-0.32 -1 -1.09572 0.0667582
-0.31 -1 -1.10487 0.0667582
-0.3 -1 -1.10391 0.0667582
-0.29 -1 -1.09239 0.0667582
-0.28 -1 -1.07083 0.0667582
-0.27 -1 -1.04076 0.0667582
-0.26 -1 -1.00454 0.0667582
-0.25 -1 -0.965276 0.0667582
-0.24 -1 -0.926503 0.0667582
-0.23 -1 -0.891946 0.0667582
-0.22 -1 -0.865187 0.0667582
-0.21 -1 -0.849349 0.0667582
-0.2 -1 -0.84681 0.0667582
-0.19 -1 -0.858952 0.0667582
-0.18 -1 -0.885986 0.0667582
-0.17 -1 -0.926848 0.0667582
-0.16 -1 -0.979196 0.0667582
-0.15 -1 -1.03949 0.0667582
-0.14 -1 -1.10318 0.0667582
-0.13 -1 -1.16493 0.0667582
-0.12 -1 -1.21898 0.0667582
-0.11 -1 -1.25945 0.0667582
-0.1 -1 -1.28077 0.0667582
-0.09 -1 -1.27801 0.0667582
-0.08 -1 -1.24726 0.0667582
-0.07 -1 -1.18587 0.0667582
-0.06 -1 -1.09269 0.0667582
-0.05 -1 -0.968201 0.0667582
-0.04 -1 -0.814501 0.0667582
-0.03 -1 -0.635254 0.0667582
-0.02 -1 -0.43551 0.0667582
-0.01 -1 -0.221439 0.0667582
7.5287e-16 1 1.3889e-14 0.0667582
0.01 1 0.221439 0.0667582
0.02 1 0.43551 0.0667582
0.03 1 0.635254 0.0667582
0.04 1 0.814501 0.0667582
0.05 1 0.968201 0.0667582
0.06 1 1.09269 0.0667582
0.07 1 1.18587 0.0667582
0.08 1 1.24726 0.0667582
0.09 1 1.27801 0.0667582
0.1 1 1.28077 0.0667582
0.11 1 1.25945 0.0667582
0.12 1 1.21898 0.0667582
0.13 1 1.16493 0.0667582
0.14 1 1.10318 0.0667582
0.15 1 1.03949 0.0667582
0.16 1 0.979196 0.0667582
0.17 1 0.926848 0.0667582
0.18 1 0.885986 0.0667582
0.19 1 0.858952 0.0667582
0.2 1 0.84681 0.0667582
0.21 1 0.849349 0.0667582
0.22 1 0.865187 0.0667582
0.23 1 0.891946 0.0667582
0.24 1 0.926503 0.0667582
0.25 1 0.965276 0.0667582
0.26 1 1.00454 0.0667582
0.27 1 1.04076 0.0667582
0.28 1 1.07083 0.0667582
0.29 1 1.09239 0.0667582
0.3 1 1.10391 0.0667582
0.31 1 1.10487 0.0667582
0.32 1 1.09572 0.0667582
0.33 1 1.07782 0.0667582
0.34 1 1.05328 0.0667582
0.35 1 1.02478 0.0667582
0.36 1 0.995233 0.0667582
0.37 1 0.967594 0.0667582
0.38 1 0.944521 0.0667582
0.39 1 0.928148 0.0667582
0.4 1 0.919885 0.0667582
0.41 1 0.920295 0.0667582
0.42 1 0.929048 0.0667582
0.43 1 0.944967 0.0667582
0.44 1 0.966157 0.0667582
0.45 1 0.990203 0.0667582
0.46 1 1.01443 0.0667582
0.47 1 1.03617 0.0667582
0.48 1 1.0531 0.0667582
0.49 1 1.0634 0.0667582
0.5 1 1.06606 0.0667582
0.51 1 1.06091 0.0667582
0.52 1 1.04872 0.0667582
0.53 1 1.03104 0.0667582
0.54 1 1.0101 0.0667582
0.55 1 0.988511 0.0667582
0.56 1 0.968967 0.0667582
0.57 1 0.953918 0.0667582
0.58 1 0.945252 0.0667582
0.59 1 0.944048 0.0667582
0.6 1 0.95041 0.0667582
0.61 1 0.963427 0.0667582
0.62 1 0.981263 0.0667582
0.63 1 1.00138 0.0667582
0.64 1 1.02087 0.0667582
0.65 1 1.03686 0.0667582
0.66 1 1.04692 0.0667582
0.67 1 1.04949 0.0667582
0.68 1 1.04412 0.0667582
0.69 1 1.03162 0.0667582
0.7 1 1.01402 0.0667582
0.71 1 0.994263 0.0667582
0.72 1 0.975811 0.0667582
0.73 1 0.962024 0.0667582
0.74 1 0.955559 0.0667582
0.75 1 0.957808 0.0667582
0.76 1 0.968515 0.0667582
0.77 1 0.985679 0.0667582
0.78 1 1.00579 0.0667582
0.79 1 1.02447 0.0667582
0.8 1 1.03731 0.0667582
0.81 1 1.04099 0.0667582
0.82 1 1.03418 0.0667582
0.83 1 1.01821 0.0667582
0.84 1 0.997098 0.0667582
0.85 1 0.976812 0.0667582
0.86 1 0.963779 0.0667582
0.87 1 0.962868 0.0667582
0.88 1 0.975338 0.0667582
0.89 1 0.997521 0.0667582
0.9 1 1.02106 0.0667582
0.91 1 1.03534 0.0667582
0.92 1 1.032 0.0667582
0.93 1 1.01043 0.0667582
0.94 1 0.981479 0.0667582
0.95 1 0.965153 0.0667582
0.96 1 0.978749 0.0667582
0.97 1 1.01606 0.0667582
0.98 1 1.0327 0.0667582
0.99 1 0.984887 0.0667582
