-1 -1 -0.968257 0.0606061
-0.99 -1 -1.00133 0.0606061
-0.98 -1 -0.969306 0.0606061
-0.97 -1 -1.0081 0.0606061
-0.96 -1 -1.03307 0.0606061
-0.95 -1 -1.01653 0.0606061
-0.94 -1 -0.983945 0.0606061
-0.93 -1 -0.966115 0.0606061
-0.92 -1 -0.974033 0.0606061
-0.91 -1 -0.998975 0.0606061
-0.9 -1 -1.02408 0.0606061
-0.89 -1 -1.03574 0.0606061
-0.88 -1 -1.02943 0.0606061
-0.87 -1 -1.00959 0.0606061
-0.86 -1 -0.98574 0.0606061
-0.85 -1 -0.967731 0.0606061
-0.84 -1 -0.961999 0.0606061
-0.83 -1 -0.969896 0.0606061
-0.82 -1 -0.988051 0.0606061
-0.81 -1 -1.01014 0.0606061
-0.8 -1 -1.0292 0.0606061
-0.79 -1 -1.03975 0.0606061
-0.78 -1 -1.0391 0.0606061
-0.77 -1 -1.02778 0.0606061
-0.76 -1 -1.00904 0.0606061
-0.75 -1 -0.987787 0.0606061
-0.74 -1 -0.969265 0.0606061
-0.73 -1 -0.957785 0.0606061
-0.72 -1 -0.955855 0.0606061
-0.71 -1 -0.963761 0.0606061
-0.7 -1 -0.979674 0.0606061
-0.69 -1 -1.00017 0.0606061
-0.68 -1 -1.02101 0.0606061
-0.67 -1 -1.03804 0.0606061
-0.66 -1 -1.04796 0.0606061
-0.65 -1 -1.04889 0.0606061
-0.64 -1 -1.04067 0.0606061
-0.63 -1 -1.02479 0.0606061
-0.62 -1 -1.00406 0.0606061
-0.61 -1 -0.982094 0.0606061
-0.6 -1 -0.962645 0.0606061
-0.59 -1 -0.949013 0.0606061
-0.58 -1 -0.943509 0.0606061
-0.57 -1 -0.947115 0.0606061
-0.56 -1 -0.959367 0.0606061
-0.55 -1 -0.978457 0.0606061
-0.54 -1 -1.00153 0.0606061
-0.53 -1 -1.02514 0.0606061
-0.52 -1 -1.04573 0.0606061
-0.51 -1 -1.0602 0.0606061
-0.5 -1 -1.06629 0.0606061
-0.49 -1 -1.06293 0.0606061
-0.48 -1 -1.05036 0.0606061
-0.47 -1 -1.03011 0.0606061
-0.46 -1 -1.00478 0.0606061
-0.45 -1 -0.977698 0.0606061
-0.44 -1 -0.952502 0.0606061
-0.43 -1 -0.932642 0.0606061
-0.42 -1 -0.920952 0.0606061
-0.41 -1 -0.919276 0.0606061
-0.4 -1 -0.928222 0.0606061
-0.39 -1 -0.947068 0.0606061
-0.38 -1 -0.973822 0.0606061
-0.37 -1 -1.00544 0.0606061
-0.36 -1 -1.03817 0.0606061
-0.35 -1 -1.06798 0.0606061
-0.34 -1 -1.09101 0.0606061
-0.33 -1 -1.10408 0.0606061
-0.32 -1 -1.105 0.0606061
-0.31 -1 -1.09296 0.0606061
-0.3 -1 -1.06858 0.0606061
-0.29 -1 -1.03396 0.0606061
-0.28 -1 -0.992512 0.0606061
-0.27 -1 -0.948629 0.0606061
-0.26 -1 -0.907271 0.0606061
-0.25 -1 -0.873462 0.0606061
-0.24 -1 -0.851759 0.0606061
-0.23 -1 -0.845744 0.0606061
-0.22 -1 -0.857586 0.0606061
-0.21 -1 -0.887722 0.0606061
-0.2 -1 -0.93468 0.0606061
-0.19 -1 -0.995071 0.0606061
-0.18 -1 -1.06375 0.0606061
-0.17 -1 -1.13416 0.0606061
-0.16 -1 -1.19875 0.0606061
-0.15 -1 -1.24959 0.0606061
-0.14 -1 -1.27895 0.0606061
-0.13 -1 -1.27997 0.0606061
-0.12 -1 -1.24715 0.0606061
-0.11 -1 -1.17693 0.0606061
-0.1 -1 -1.06796 0.0606061
-0.09 -1 -0.9213 0.0606061
-0.08 -1 -0.740435 0.0606061
-0.07 -1 -0.531071 0.0606061
-0.06 -1 -0.300793 0.0606061
-0.05 -1 -0.0585612 0.0606061
-0.04 -1 0.185878 0.0606061
-0.03 -1 0.422655 0.0606061
-0.02 -1 0.642438 0.0606061
-0.01 -1 0.83705 0.0606061
7.5287e-16 1 1 0.0606061
0.01 1 1.12688 0.0606061
0.02 1 1.2156 0.0606061
0.03 1 1.26645 0.0606061
0.04 1 1.282 0.0606061
0.05 1 1.26682 0.0606061
0.06 1 1.22702 0.0606061
0.07 1 1.1698 0.0606061
0.08 1 1.10282 0.0606061
0.09 1 1.03361 0.0606061
0.1 1 0.969051 0.0606061
0.11 1 0.914835 0.0606061
0.12 1 0.875153 0.0606061
0.13 1 0.852445 0.0606061
0.14 1 0.847341 0.0606061
0.15 1 0.85875 0.0606061
0.16 1 0.88408 0.0606061
0.17 1 0.919595 0.0606061
0.18 1 0.960836 0.0606061
0.19 1 1.0031 0.0606061
0.2 1 1.04189 0.0606061
0.21 1 1.07338 0.0606061
0.22 1 1.0947 0.0606061
0.23 1 1.10423 0.0606061
0.24 1 1.10167 0.0606061
0.25 1 1.08799 0.0606061
0.26 1 1.06531 0.0606061
0.27 1 1.03662 0.0606061
0.28 1 1.0054 0.0606061
0.29 1 0.97526 0.0606061
0.3 1 0.949545 0.0606061
0.31 1 0.930967 0.0606061
0.32 1 0.921336 0.0606061
0.33 1 0.921384 0.0606061
0.34 1 0.930713 0.0606061
0.35 1 0.947866 0.0606061
0.36 1 0.97052 0.0606061
0.37 1 0.99577 0.0606061
0.38 1 1.02048 0.0606061
0.39 1 1.04167 0.0606061
0.4 1 1.05683 0.0606061
0.41 1 1.06426 0.0606061
0.42 1 1.06326 0.0606061
0.43 1 1.05417 0.0606061
0.44 1 1.03838 0.0606061
0.45 1 1.0181 0.0606061
0.46 1 0.996104 0.0606061
0.47 1 0.975345 0.0606061
0.48 1 0.958596 0.0606061
0.49 1 0.94806 0.0606061
0.5 1 0.945082 0.0606061
0.51 1 0.949948 0.0606061
0.52 1 0.961845 0.0606061
0.53 1 0.978957 0.0606061
0.54 1 0.998713 0.0606061
0.55 1 1.01815 0.0606061
0.56 1 1.03433 0.0606061
0.57 1 1.04481 0.0606061
0.58 1 1.048 0.0606061
0.59 1 1.04344 0.0606061
0.6 1 1.03191 0.0606061
0.61 1 1.01533 0.0606061
0.62 1 0.99651 0.0606061
0.63 1 0.978664 0.0606061
0.64 1 0.964917 0.0606061
0.65 1 0.957733 0.0606061
0.66 1 0.958449 0.0606061
0.67 1 0.966971 0.0606061
0.68 1 0.981719 0.0606061
0.69 1 0.999853 0.0606061
0.7 1 1.01775 0.0606061
0.71 1 1.03171 0.0606061
0.72 1 1.0387 0.0606061
0.73 1 1.03707 0.0606061
0.74 1 1.02704 0.0606061
0.75 1 1.01076 0.0606061
0.76 1 0.992024 0.0606061
0.77 1 0.975442 0.0606061
0.78 1 0.965376 0.0606061
0.79 1 0.964747 0.0606061
0.8 1 0.974064 0.0606061
0.81 1 0.990983 0.0606061
0.82 1 1.01064 0.0606061
0.83 1 1.02685 0.0606061
0.84 1 1.03394 0.0606061
0.85 1 1.02886 0.0606061
0.86 1 1.01277 0.0606061
0.87 1 0.991402 0.0606061
0.88 1 0.973578 0.0606061
0.89 1 0.967882 0.0606061
0.9 1 0.978337 0.0606061
0.91 1 1.00092 0.0606061
0.92 1 1.02342 0.0606061
0.93 1 1.03059 0.0606061
0.94 1 1.01451 0.0606061
0.95 1 0.985046 0.0606061
0.96 1 0.97005 0.0606061
0.97 1 0.992659 0.0606061
0.98 1 1.02785 0.0606061
0.99 1 0.998789 0.0606061
