-1 -1 -0.964342 0.0715411
-0.99 -1 -1.02453 0.0715411
-0.98 -1 -0.97157 0.0715411
-0.97 -1 -0.969514 0.0715411
-0.96 -1 -1.00342 0.0715411
-0.95 -1 -1.03232 0.0715411
-0.94 -1 -1.03595 0.0715411
-0.93 -1 -1.01691 0.0715411
-0.92 -1 -0.989277 0.0715411
-0.91 -1 -0.967592 0.0715411
-0.9 -1 -0.960485 0.0715411
-0.89 -1 -0.969131 0.0715411
-0.88 -1 -0.98885 0.0715411
-0.87 -1 -1.01208 0.0715411
-0.86 -1 -1.03132 0.0715411
-0.85 -1 -1.04127 0.0715411
-0.84 -1 -1.03982 0.0715411
-0.83 -1 -1.02801 0.0715411
-0.82 -1 -1.0093 0.0715411
-0.81 -1 -0.988392 0.0715411
-0.8 -1 -0.970021 0.0715411
-0.79 -1 -0.957994 0.0715411
-0.78 -1 -0.954528 0.0715411
-0.77 -1 -0.960016 0.0715411
-0.76 -1 -0.97315 0.0715411
-0.75 -1 -0.991331 0.0715411
-0.74 -1 -1.01124 0.0715411
-0.73 -1 -1.02944 0.0715411
-0.72 -1 -1.04297 0.0715411
-0.71 -1 -1.04974 0.0715411
-0.7 -1 -1.0488 0.0715411
-0.69 -1 -1.04039 0.0715411
-0.68 -1 -1.02583 0.0715411
-0.67 -1 -1.00727 0.0715411
-0.66 -1 -0.987343 0.0715411
-0.65 -1 -0.968794 0.0715411
-0.64 -1 -0.954104 0.0715411
-0.63 -1 -0.945194 0.0715411
-0.62 -1 -0.94321 0.0715411
-0.61 -1 -0.94841 0.0715411
-0.6 -1 -0.960173 0.0715411
-0.59 -1 -0.977103 0.0715411
-0.58 -1 -0.997211 0.0715411
-0.57 -1 -1.01817 0.0715411
-0.56 -1 -1.03757 0.0715411
-0.55 -1 -1.0532 0.0715411
-0.54 -1 -1.06328 0.0715411
-0.53 -1 -1.06662 0.0715411
-0.52 -1 -1.06275 0.0715411
-0.51 -1 -1.05199 0.0715411
-0.5 -1 -1.03534 0.0715411
-0.49 -1 -1.01442 0.0715411
-0.48 -1 -0.99128 0.0715411
-0.47 -1 -0.968223 0.0715411
-0.46 -1 -0.947555 0.0715411
-0.45 -1 -0.931378 0.0715411
-0.44 -1 -0.921392 0.0715411
-0.43 -1 -0.918734 0.0715411
-0.42 -1 -0.923872 0.0715411
-0.41 -1 -0.93656 0.0715411
-0.4 -1 -0.955852 0.0715411
-0.39 -1 -0.980181 0.0715411
-0.38 -1 -1.00749 0.0715411
-0.37 -1 -1.0354 0.0715411
-0.36 -1 -1.0614 0.0715411
-0.35 -1 -1.0831 0.0715411
-0.34 -1 -1.09837 0.0715411
-0.33 -1 -1.10558 0.0715411
-0.32 -1 -1.10373 0.0715411
-0.31 -1 -1.09252 0.0715411
-0.3 -1 -1.07244 0.0715411
-0.29 -1 -1.04474 0.0715411
-0.28 -1 -1.01136 0.0715411
-0.27 -1 -0.974779 0.0715411
-0.26 -1 -0.937878 0.0715411
-0.25 -1 -0.903717 0.0715411
-0.24 -1 -0.875317 0.0715411
-0.23 -1 -0.855424 0.0715411
-0.22 -1 -0.846298 0.0715411
-0.21 -1 -0.849514 0.0715411
-0.2 -1 -0.865811 0.0715411
-0.19 -1 -0.894989 0.0715411
-0.18 -1 -0.935863 0.0715411
-0.17 -1 -0.986279 0.0715411
-0.16 -1 -1.04319 0.0715411
-0.15 -1 -1.1028 0.0715411
-0.14 -1 -1.16074 0.0715411
-0.13 -1 -1.2123 0.0715411
-0.12 -1 -1.25268 0.0715411
-0.11 -1 -1.27729 0.0715411
-0.1 -1 -1.28196 0.0715411
-0.09 -1 -1.26322 0.0715411
-0.08 -1 -1.21854 0.0715411
-0.07 -1 -1.14643 0.0715411
-0.06 -1 -1.04663 0.0715411
-0.05 -1 -0.920094 0.0715411
-0.04 -1 -0.769023 0.0715411
-0.03 -1 -0.596757 0.0715411
-0.02 -1 -0.40764 0.0715411
-0.01 -1 -0.206818 0.0715411
7.5287e-16 1 1.62843e-14 0.0715411
0.01 1 0.206818 0.0715411
0.02 1 0.40764 0.0715411
0.03 1 0.596757 0.0715411
0.04 1 0.769023 0.0715411
0.05 1 0.920094 0.0715411
0.06 1 1.04663 0.0715411
0.07 1 1.14643 0.0715411
0.08 1 1.21854 0.0715411
0.09 1 1.26322 0.0715411
0.1 1 1.28196 0.0715411
0.11 1 1.27729 0.0715411
0.12 1 1.25268 0.0715411
0.13 1 1.2123 0.0715411
0.14 1 1.16074 0.0715411
0.15 1 1.1028 0.0715411
0.16 1 1.04319 0.0715411
0.17 1 0.986279 0.0715411
0.18 1 0.935863 0.0715411
0.19 1 0.894989 0.0715411
0.2 1 0.865811 0.0715411
0.21 1 0.849514 0.0715411
0.22 1 0.846298 0.0715411
0.23 1 0.855424 0.0715411
0.24 1 0.875317 0.0715411
0.25 1 0.903717 0.0715411
0.26 1 0.937878 0.0715411
0.27 1 0.974779 0.0715411
0.28 1 1.01136 0.0715411
0.29 1 1.04474 0.0715411
0.3 1 1.07244 0.0715411
0.31 1 1.09252 0.0715411
0.32 1 1.10373 0.0715411
0.33 1 1.10558 0.0715411
0.34 1 1.09837 0.0715411
0.35 1 1.0831 0.0715411
0.36 1 1.0614 0.0715411
0.37 1 1.0354 0.0715411
0.38 1 1.00749 0.0715411
0.39 1 0.980181 0.0715411
0.4 1 0.955852 0.0715411
0.41 1 0.93656 0.0715411
0.42 1 0.923872 0.0715411
0.43 1 0.918734 0.0715411
0.44 1 0.921392 0.0715411
0.45 1 0.931378 0.0715411
0.46 1 0.947555 0.0715411
0.47 1 0.968223 0.0715411
0.48 1 0.99128 0.0715411
0.49 1 1.01442 0.0715411
0.5 1 1.03534 0.0715411
0.51 1 1.05199 0.0715411
0.52 1 1.06275 0.0715411
0.53 1 1.06662 0.0715411
0.54 1 1.06328 0.0715411
0.55 1 1.0532 0.0715411
0.56 1 1.03757 0.0715411
0.57 1 1.01817 0.0715411
0.58 1 0.997211 0.0715411
0.59 1 0.977103 0.0715411
0.6 1 0.960173 0.0715411
0.61 1 0.94841 0.0715411
0.62 1 0.94321 0.0715411
0.63 1 0.945194 0.0715411
0.64 1 0.954104 0.0715411
0.65 1 0.968794 0.0715411
0.66 1 0.987343 0.0715411
0.67 1 1.00727 0.0715411
0.68 1 1.02583 0.0715411
0.69 1 1.04039 0.0715411
0.7 1 1.0488 0.0715411
0.71 1 1.04974 0.0715411
0.72 1 1.04297 0.0715411
0.73 1 1.02944 0.0715411
0.74 1 1.01124 0.0715411
0.75 1 0.991331 0.0715411
0.76 1 0.97315 0.0715411
0.77 1 0.960016 0.0715411
0.78 1 0.954528 0.0715411
0.79 1 0.957994 0.0715411
0.8 1 0.970021 0.0715411
0.81 1 0.988392 0.0715411
0.82 1 1.0093 0.0715411
0.83 1 1.02801 0.0715411
0.84 1 1.03982 0.0715411
0.85 1 1.04127 0.0715411
0.86 1 1.03132 0.0715411
0.87 1 1.01208 0.0715411
0.88 1 0.98885 0.0715411
0.89 1 0.969131 0.0715411
0.9 1 0.960485 0.0715411
0.91 1 0.967592 0.0715411
0.92 1 0.989277 0.0715411
0.93 1 1.01691 0.0715411
0.94 1 1.03595 0.0715411
0.95 1 1.03232 0.0715411
0.96 1 1.00342 0.0715411
0.97 1 0.969514 0.0715411
0.98 1 0.97157 0.0715411
0.99 1 1.02453 0.0715411
