-1 -1 -0.977003 0.0444444
-0.99 -1 -0.976849 0.0444444
-0.98 -1 -1.02154 0.0444444
-0.97 -1 -0.998698 0.0444444
-0.96 -1 -0.97651 0.0444444
-0.95 -1 -1.0037 0.0444444
-0.94 -1 -1.0245 0.0444444
-0.93 -1 -1.0083 0.0444444
-0.92 -1 -0.981274 0.0444444
-0.91 -1 -0.976534 0.0444444
-0.9 -1 -0.996824 0.0444444
-0.89 -1 -1.02008 0.0444444
-0.88 -1 -1.02522 0.0444444
-0.87 -1 -1.00936 0.0444444
-0.86 -1 -0.986251 0.0444444
-0.85 -1 -0.97316 0.0444444
-0.84 -1 -0.978496 0.0444444
-0.83 -1 -0.997839 0.0444444
-0.82 -1 -1.0186 0.0444444
-0.81 -1 -1.02853 0.0444444
-0.8 -1 -1.02248 0.0444444
-0.79 -1 -1.00426 0.0444444
-0.78 -1 -0.983671 0.0444444
-0.77 -1 -0.970993 0.0444444
-0.76 -1 -0.972089 0.0444444
-0.75 -1 -0.986133 0.0444444
-0.74 -1 -1.00658 0.0444444
-0.73 -1 -1.02447 0.0444444
-0.72 -1 -1.03233 0.0444444
-0.71 -1 -1.02708 0.0444444
-0.7 -1 -1.01097 0.0444444
-0.69 -1 -0.99031 0.0444444
-0.68 -1 -0.972918 0.0444444
-0.67 -1 -0.965159 0.0444444
-0.66 -1 -0.969781 0.0444444
-0.65 -1 -0.985137 0.0444444
-0.64 -1 -1.00596 0.0444444
-0.63 -1 -1.02526 0.0444444
-0.62 -1 -1.03669 0.0444444
-0.61 -1 -1.03652 0.0444444
-0.6 -1 -1.02473 0.0444444
-0.59 -1 -1.00491 0.0444444
-0.58 -1 -0.983015 0.0444444
-0.57 -1 -0.965614 0.0444444
-0.56 -1 -0.957899 0.0444444
-0.55 -1 -0.962247 0.0444444
-0.54 -1 -0.977599 0.0444444
-0.53 -1 -0.999809 0.0444444
-0.52 -1 -1.02283 0.0444444
-0.51 -1 -1.04035 0.0444444
-0.5 -1 -1.04752 0.0444444
-0.49 -1 -1.04219 0.0444444
-0.48 -1 -1.02545 0.0444444
-0.47 -1 -1.00137 0.0444444
-0.46 -1 -0.975952 0.0444444
-0.45 -1 -0.955641 0.0444444
-0.44 -1 -0.945711 0.0444444
-0.43 -1 -0.948982 0.0444444
-0.42 -1 -0.9651 0.0444444
-0.41 -1 -0.990588 0.0444444
-0.4 -1 -1.01963 0.0444444
-0.39 -1 -1.04539 0.0444444
-0.38 -1 -1.0616 0.0444444
-0.37 -1 -1.06401 0.0444444
-0.36 -1 -1.05142 0.0444444
-0.35 -1 -1.02604 0.0444444
-0.34 -1 -0.993053 0.0444444
-0.33 -1 -0.959622 0.0444444
-0.32 -1 -0.93332 0.0444444
-0.31 -1 -0.920505 0.0444444
-0.3 -1 -0.92488 0.0444444
-0.29 -1 -0.946572 0.0444444
-0.28 -1 -0.981939 0.0444444
-0.27 -1 -1.02415 0.0444444
-0.26 -1 -1.06444 0.0444444
-0.25 -1 -1.09388 0.0444444
-0.24 -1 -1.10516 0.0444444
-0.23 -1 -1.09427 0.0444444
-0.22 -1 -1.06151 0.0444444
-0.21 -1 -1.01176 0.0444444
-0.2 -1 -0.953919 0.0444444
-0.19 -1 -0.89939 0.0444444
-0.18 -1 -0.860129 0.0444444
-0.17 -1 -0.846345 0.0444444
-0.16 -1 -0.864355 0.0444444
-0.15 -1 -0.914968 0.0444444
-0.14 -1 -0.992682 0.0444444
-0.13 -1 -1.08589 0.0444444
-0.12 -1 -1.17811 0.0444444
-0.11 -1 -1.2501 0.0444444
-0.1 -1 -1.2825 0.0444444
-0.09 -1 -1.25871 0.0444444
-0.08 -1 -1.16748 0.0444444
-0.07 -1 -1.00483 0.0444444
-0.06 -1 -0.775003 0.0444444
-0.05 -1 -0.490258 0.0444444
-0.04 -1 -0.169573 0.0444444
-0.03 -1 0.163645 0.0444444
-0.02 -1 0.484463 0.0444444
-0.01 -1 0.769539 0.0444444
7.5287e-16 1 1 0.0444444
0.01 1 1.16367 0.0444444
0.02 1 1.25635 0.0444444
0.03 1 1.28194 0.0444444
0.04 1 1.2515 0.0444444
0.05 1 1.18135 0.0444444
0.06 1 1.09049 0.0444444
0.07 1 0.997858 0.0444444
0.08 1 0.919719 0.0444444
0.09 1 0.867652 0.0444444
0.1 1 0.847345 0.0444444
0.11 1 0.858385 0.0444444
0.12 1 0.894995 0.0444444
0.13 1 0.947553 0.0444444
0.14 1 1.00461 0.0444444
0.15 1 1.05504 0.0444444
0.16 1 1.08996 0.0444444
0.17 1 1.10416 0.0444444
0.18 1 1.0967 0.0444444
0.19 1 1.07081 0.0444444
0.2 1 1.03296 0.0444444
0.21 1 0.991458 0.0444444
0.22 1 0.954731 0.0444444
0.23 1 0.929741 0.0444444
0.24 1 0.920712 0.0444444
0.25 1 0.928458 0.0444444
0.26 1 0.9504 0.0444444
0.27 1 0.981243 0.0444444
0.28 1 1.01415 0.0444444
0.29 1 1.0422 0.0444444
0.3 1 1.05979 0.0444444
0.31 1 1.06372 0.0444444
0.32 1 1.05381 0.0444444
0.33 1 1.03279 0.0444444
0.34 1 1.00567 0.0444444
0.35 1 0.978613 0.0444444
0.36 1 0.957534 0.0444444
0.37 1 0.946873 0.0444444
0.38 1 0.948631 0.0444444
0.39 1 0.961977 0.0444444
0.4 1 0.983486 0.0444444
0.41 1 1.00795 0.0444444
0.42 1 1.0296 0.0444444
0.43 1 1.04343 0.0444444
0.44 1 1.04639 0.0444444
0.45 1 1.03803 0.0444444
0.46 1 1.02069 0.0444444
0.47 1 0.99882 0.0444444
0.48 1 0.977976 0.0444444
0.49 1 0.96338 0.0444444
0.5 1 0.958634 0.0444444
0.51 1 0.964783 0.0444444
0.52 1 0.980027 0.0444444
0.53 1 1.00017 0.0444444
0.54 1 1.0197 0.0444444
0.55 1 1.03327 0.0444444
0.56 1 1.03719 0.0444444
0.57 1 1.03044 0.0444444
0.58 1 1.01507 0.0444444
0.59 1 0.99564 0.0444444
0.6 1 0.977972 0.0444444
0.61 1 0.967415 0.0444444
0.62 1 0.967204 0.0444444
0.63 1 0.97738 0.0444444
0.64 1 0.994655 0.0444444
0.65 1 1.01335 0.0444444
0.66 1 1.02719 0.0444444
0.67 1 1.0314 0.0444444
0.68 1 1.02445 0.0444444
0.69 1 1.00876 0.0444444
0.7 1 0.990071 0.0444444
0.71 1 0.975449 0.0444444
0.72 1 0.970654 0.0444444
0.73 1 0.977756 0.0444444
0.74 1 0.994008 0.0444444
0.75 1 1.01264 0.0444444
0.76 1 1.02547 0.0444444
0.77 1 1.0265 0.0444444
0.78 1 1.01493 0.0444444
0.79 1 0.996096 0.0444444
0.8 1 0.979395 0.0444444
0.81 1 0.973819 0.0444444
0.82 1 0.982913 0.0444444
0.83 1 1.00199 0.0444444
0.84 1 1.01979 0.0444444
0.85 1 1.02473 0.0444444
0.86 1 1.01268 0.0444444
0.87 1 0.991357 0.0444444
0.88 1 0.976698 0.0444444
0.89 1 0.981434 0.0444444
0.9 1 1.00294 0.0444444
0.91 1 1.02173 0.0444444
0.92 1 1.01736 0.0444444
0.93 1 0.992298 0.0444444
0.94 1 0.977255 0.0444444
0.95 1 0.996565 0.0444444
0.96 1 1.02184 0.0444444
0.97 1 1.00121 0.0444444
0.98 1 0.979941 0.0444444
0.99 1 1.02158 0.0444444
