-1 -1 -0.935771 0.117647
-0.99 -1 -1.04815 0.117647
-0.98 -1 -1.06337 0.117647
-0.97 -1 -1.034 0.117647
-0.96 -1 -0.99249 0.117647
-0.95 -1 -0.956983 0.117647
-0.94 -1 -0.935826 0.117647
-0.93 -1 -0.930977 0.117647
-0.92 -1 -0.940544 0.117647
-0.91 -1 -0.960637 0.117647
-0.9 -1 -0.986646 0.117647
-0.89 -1 -1.0141 0.117647
-0.88 -1 -1.03919 0.117647
-0.87 -1 -1.05904 0.117647
-0.86 -1 -1.07181 0.117647
-0.85 -1 -1.07664 0.117647
-0.84 -1 -1.07358 0.117647
-0.83 -1 -1.06338 0.117647
-0.82 -1 -1.04735 0.117647
-0.81 -1 -1.02714 0.117647
-0.8 -1 -1.00459 0.117647
-0.79 -1 -0.981537 0.117647
-0.78 -1 -0.959728 0.117647
-0.77 -1 -0.940684 0.117647
-0.76 -1 -0.925641 0.117647
-0.75 -1 -0.915496 0.117647
-0.74 -1 -0.910792 0.117647
-0.73 -1 -0.911711 0.117647
-0.72 -1 -0.918101 0.117647
-0.71 -1 -0.929508 0.117647
-0.7 -1 -0.945223 0.117647
-0.69 -1 -0.964332 0.117647
-0.68 -1 -0.985784 0.117647
-0.67 -1 -1.00844 0.117647
-0.66 -1 -1.03114 0.117647
-0.65 -1 -1.05274 0.117647
-0.64 -1 -1.07221 0.117647
-0.63 -1 -1.0886 0.117647
-0.62 -1 -1.10113 0.117647
-0.61 -1 -1.10923 0.117647
-0.6 -1 -1.11248 0.117647
-0.59 -1 -1.11072 0.117647
-0.58 -1 -1.10395 0.117647
-0.57 -1 -1.09242 0.117647
-0.56 -1 -1.07652 0.117647
-0.55 -1 -1.05686 0.117647
-0.54 -1 -1.03415 0.117647
-0.53 -1 -1.00924 0.117647
-0.52 -1 -0.983064 0.117647
-0.51 -1 -0.95659 0.117647
-0.5 -1 -0.930818 0.117647
-0.49 -1 -0.906727 0.117647
-0.48 -1 -0.885251 0.117647
-0.47 -1 -0.867244 0.117647
-0.46 -1 -0.853456 0.117647
-0.45 -1 -0.84451 0.117647
-0.44 -1 -0.840883 0.117647
-0.43 -1 -0.84289 0.117647
-0.42 -1 -0.850672 0.117647
-0.41 -1 -0.864196 0.117647
-0.4 -1 -0.883248 0.117647
-0.39 -1 -0.90744 0.117647
-0.38 -1 -0.936219 0.117647
-0.37 -1 -0.968876 0.117647
-0.36 -1 -1.00456 0.117647
-0.35 -1 -1.04232 0.117647
-0.34 -1 -1.08107 0.117647
-0.33 -1 -1.11967 0.117647
-0.32 -1 -1.15695 0.117647
-0.31 -1 -1.19169 0.117647
-0.3 -1 -1.22268 0.117647
-0.29 -1 -1.24874 0.117647
-0.28 -1 -1.26875 0.117647
-0.27 -1 -1.28167 0.117647
-0.26 -1 -1.28655 0.117647
-0.25 -1 -1.28257 0.117647
-0.24 -1 -1.26907 0.117647
-0.23 -1 -1.24551 0.117647
-0.22 -1 -1.21153 0.117647
-0.21 -1 -1.16696 0.117647
-0.2 -1 -1.11178 0.117647
-0.19 -1 -1.04616 0.117647
-0.18 -1 -0.970466 0.117647
-0.17 -1 -0.885212 0.117647
-0.16 -1 -0.791083 0.117647
-0.15 -1 -0.688916 0.117647
-0.14 -1 -0.579679 0.117647
-0.13 -1 -0.464461 0.117647
-0.12 -1 -0.34445 0.117647
-0.11 -1 -0.22091 0.117647
-0.1 -1 -0.0951621 0.117647
-0.09 -1 0.0314425 0.117647
-0.08 -1 0.157543 0.117647
-0.07 -1 0.281793 0.117647
-0.06 -1 0.402886 0.117647
-0.05 -1 0.519574 0.117647
-0.04 -1 0.630692 0.117647
-0.03 -1 0.735174 0.117647
-0.02 -1 0.832072 0.117647
-0.01 -1 0.920571 0.117647
7.5287e-16 1 1 0.117647
0.01 1 1.06984 0.117647
0.02 1 1.12974 0.117647
0.03 1 1.17951 0.117647
0.04 1 1.21911 0.117647
0.05 1 1.24869 0.117647
0.06 1 1.26854 0.117647
0.07 1 1.2791 0.117647
0.08 1 1.28094 0.117647
0.09 1 1.27477 0.117647
0.1 1 1.26139 0.117647
0.11 1 1.24171 0.117647
0.12 1 1.21669 0.117647
0.13 1 1.18737 0.117647
0.14 1 1.15479 0.117647
0.15 1 1.12001 0.117647
0.16 1 1.08408 0.117647
0.17 1 1.04802 0.117647
0.18 1 1.0128 0.117647
0.19 1 0.979317 0.117647
0.2 1 0.94837 0.117647
0.21 1 0.920668 0.117647
0.22 1 0.896805 0.117647
0.23 1 0.877249 0.117647
0.24 1 0.862339 0.117647
0.25 1 0.852279 0.117647
0.26 1 0.847136 0.117647
0.27 1 0.846847 0.117647
0.28 1 0.851219 0.117647
0.29 1 0.859938 0.117647
0.3 1 0.872582 0.117647
0.31 1 0.888632 0.117647
0.32 1 0.907488 0.117647
0.33 1 0.928487 0.117647
0.34 1 0.950923 0.117647
0.35 1 0.974062 0.117647
0.36 1 0.997169 0.117647
0.37 1 1.01952 0.117647
0.38 1 1.04044 0.117647
0.39 1 1.0593 0.117647
0.4 1 1.07554 0.117647
0.41 1 1.08871 0.117647
0.42 1 1.09843 0.117647
0.43 1 1.10446 0.117647
0.44 1 1.10668 0.117647
0.45 1 1.10509 0.117647
0.46 1 1.09981 0.117647
0.47 1 1.0911 0.117647
0.48 1 1.0793 0.117647
0.49 1 1.06491 0.117647
0.5 1 1.04846 0.117647
0.51 1 1.03061 0.117647
0.52 1 1.01201 0.117647
0.53 1 0.993402 0.117647
0.54 1 0.975485 0.117647
0.55 1 0.958955 0.117647
0.56 1 0.944461 0.117647
0.57 1 0.932575 0.117647
0.58 1 0.923773 0.117647
0.59 1 0.918412 0.117647
0.6 1 0.916714 0.117647
0.61 1 0.91875 0.117647
0.62 1 0.924433 0.117647
0.63 1 0.933512 0.117647
0.64 1 0.945581 0.117647
0.65 1 0.960086 0.117647
0.66 1 0.976343 0.117647
0.67 1 0.993563 0.117647
0.68 1 1.01088 0.117647
0.69 1 1.02741 0.117647
0.7 1 1.04224 0.117647
0.71 1 1.05455 0.117647
0.72 1 1.06359 0.117647
0.73 1 1.06878 0.117647
0.74 1 1.06972 0.117647
0.75 1 1.06625 0.117647
0.76 1 1.05848 0.117647
0.77 1 1.04679 0.117647
0.78 1 1.03186 0.117647
0.79 1 1.01465 0.117647
0.8 1 0.996349 0.117647
0.81 1 0.978347 0.117647
0.82 1 0.962127 0.117647
0.83 1 0.949175 0.117647
0.84 1 0.940849 0.117647
0.85 1 0.938233 0.117647
0.86 1 0.941987 0.117647
0.87 1 0.952187 0.117647
0.88 1 0.968189 0.117647
0.89 1 0.988528 0.117647
0.9 1 1.01089 0.117647
0.91 1 1.03216 0.117647
0.92 1 1.04869 0.117647
0.93 1 1.05664 0.117647
0.94 1 1.05277 0.117647
0.95 1 1.03544 0.117647
0.96 1 1.0062 0.117647
0.97 1 0.971877 0.117647
0.98 1 0.947486 0.117647
0.99 1 0.960027 0.117647
